w,k,Output,Index,Symbol
Ǿ,255,ÿ,512,Ǿÿ
ÿ,513,ÿÿ,513,ÿÿ
ÿÿ,514,ÿÿÿ,514,ÿÿÿ
ÿÿÿ,515,ÿÿÿÿ,515,ÿÿÿÿ
ÿÿÿÿ,516,ÿÿÿÿÿ,516,ÿÿÿÿÿ
ÿÿÿÿÿ,517,ÿÿÿÿÿÿ,517,ÿÿÿÿÿÿ
ÿÿÿÿÿÿ,518,ÿÿÿÿÿÿÿ,518,ÿÿÿÿÿÿÿ
ÿÿÿÿÿÿÿ,519,ÿÿÿÿÿÿÿÿ,519,ÿÿÿÿÿÿÿÿ
ÿÿÿÿÿÿÿÿ,520,ÿÿÿÿÿÿÿÿÿ,520,ÿÿÿÿÿÿÿÿÿ
ÿÿÿÿÿÿÿÿÿ,513,ÿÿ,521,ÿÿÿÿÿÿÿÿÿÿ
ÿÿ,254,þ,522,ÿÿþ
þ,255,ÿ,523,þÿ
ÿ,254,þ,524,ÿþ
þ,256,Ā,525,þĀ
Ā,523,þÿ,526,Āþ
þÿ,526,Āþ,527,þÿĀ
Āþ,256,Ā,528,ĀþĀ
Ā,515,ÿÿÿÿ,529,Āÿ
ÿÿÿÿ,526,Āþ,530,ÿÿÿÿĀ
Āþ,521,ÿÿÿÿÿÿÿÿÿÿ,531,Āþÿ
ÿÿÿÿÿÿÿÿÿÿ,518,ÿÿÿÿÿÿÿ,532,ÿÿÿÿÿÿÿÿÿÿÿ
ÿÿÿÿÿÿÿ,523,þÿ,533,ÿÿÿÿÿÿÿþ
þÿ,530,ÿÿÿÿĀ,534,þÿÿ
ÿÿÿÿĀ,515,ÿÿÿÿ,535,ÿÿÿÿĀÿ
ÿÿÿÿ,534,þÿÿ,536,ÿÿÿÿþ
þÿÿ,255,ÿ,537,þÿÿÿ
ÿ,529,Āÿ,538,ÿĀ
Āÿ,521,ÿÿÿÿÿÿÿÿÿÿ,539,Āÿÿ
ÿÿÿÿÿÿÿÿÿÿ,539,Āÿÿ,540,ÿÿÿÿÿÿÿÿÿÿĀ
Āÿÿ,255,ÿ,541,Āÿÿÿ
ÿ,253,ý,542,ÿý
ý,531,Āþÿ,543,ýĀ
Āþÿ,513,ÿÿ,544,Āþÿÿ
ÿÿ,256,Ā,545,ÿÿĀ
Ā,544,Āþÿÿ,546,ĀĀ
Āþÿÿ,545,ÿÿĀ,547,Āþÿÿÿ
ÿÿĀ,537,þÿÿÿ,548,ÿÿĀþ
þÿÿÿ,540,ÿÿÿÿÿÿÿÿÿÿĀ,549,þÿÿÿÿ
ÿÿÿÿÿÿÿÿÿÿĀ,524,ÿþ,550,ÿÿÿÿÿÿÿÿÿÿĀÿ
ÿþ,538,ÿĀ,551,ÿþÿ
ÿĀ,532,ÿÿÿÿÿÿÿÿÿÿÿ,552,ÿĀÿ
ÿÿÿÿÿÿÿÿÿÿÿ,553,ÿÿÿÿÿÿÿÿÿÿÿÿ,553,ÿÿÿÿÿÿÿÿÿÿÿÿ
ÿÿÿÿÿÿÿÿÿÿÿÿ,554,ÿÿÿÿÿÿÿÿÿÿÿÿÿ,554,ÿÿÿÿÿÿÿÿÿÿÿÿÿ
ÿÿÿÿÿÿÿÿÿÿÿÿÿ,532,ÿÿÿÿÿÿÿÿÿÿÿ,555,ÿÿÿÿÿÿÿÿÿÿÿÿÿÿ
ÿÿÿÿÿÿÿÿÿÿÿ,549,þÿÿÿÿ,556,ÿÿÿÿÿÿÿÿÿÿÿþ
þÿÿÿÿ,516,ÿÿÿÿÿ,557,þÿÿÿÿÿ
ÿÿÿÿÿ,527,þÿĀ,558,ÿÿÿÿÿþ
þÿĀ,555,ÿÿÿÿÿÿÿÿÿÿÿÿÿÿ,559,þÿĀÿ
ÿÿÿÿÿÿÿÿÿÿÿÿÿÿ,548,ÿÿĀþ,560,ÿÿÿÿÿÿÿÿÿÿÿÿÿÿÿ
ÿÿĀþ,558,ÿÿÿÿÿþ,561,ÿÿĀþÿ
ÿÿÿÿÿþ,545,ÿÿĀ,562,ÿÿÿÿÿþÿ
ÿÿĀ,524,ÿþ,563,ÿÿĀÿ
ÿþ,525,þĀ,564,ÿþþ
þĀ,552,ÿĀÿ,565,þĀÿ
ÿĀÿ,566,ÿĀÿÿ,566,ÿĀÿÿ
ÿĀÿÿ,560,ÿÿÿÿÿÿÿÿÿÿÿÿÿÿÿ,567,ÿĀÿÿÿ
ÿÿÿÿÿÿÿÿÿÿÿÿÿÿÿ,568,ÿÿÿÿÿÿÿÿÿÿÿÿÿÿÿÿ,568,ÿÿÿÿÿÿÿÿÿÿÿÿÿÿÿÿ
ÿÿÿÿÿÿÿÿÿÿÿÿÿÿÿÿ,569,ÿÿÿÿÿÿÿÿÿÿÿÿÿÿÿÿÿ,569,ÿÿÿÿÿÿÿÿÿÿÿÿÿÿÿÿÿ
ÿÿÿÿÿÿÿÿÿÿÿÿÿÿÿÿÿ,555,ÿÿÿÿÿÿÿÿÿÿÿÿÿÿ,570,ÿÿÿÿÿÿÿÿÿÿÿÿÿÿÿÿÿÿ
ÿÿÿÿÿÿÿÿÿÿÿÿÿÿ,557,þÿÿÿÿÿ,571,ÿÿÿÿÿÿÿÿÿÿÿÿÿÿþ
þÿÿÿÿÿ,551,ÿþÿ,572,þÿÿÿÿÿÿ
ÿþÿ,514,ÿÿÿ,573,ÿþÿÿ
ÿÿÿ,546,ĀĀ,574,ÿÿÿĀ
ĀĀ,572,þÿÿÿÿÿÿ,575,ĀĀþ
þÿÿÿÿÿÿ,569,ÿÿÿÿÿÿÿÿÿÿÿÿÿÿÿÿÿ,576,þÿÿÿÿÿÿÿ
ÿÿÿÿÿÿÿÿÿÿÿÿÿÿÿÿÿ,528,ĀþĀ,577,ÿÿÿÿÿÿÿÿÿÿÿÿÿÿÿÿÿĀ
ĀþĀ,573,ÿþÿÿ,578,ĀþĀÿ
ÿþÿÿ,558,ÿÿÿÿÿþ,579,ÿþÿÿÿ
ÿÿÿÿÿþ,541,Āÿÿÿ,580,ÿÿÿÿÿþĀ
Āÿÿÿ,522,ÿÿþ,581,Āÿÿÿÿ
ÿÿþ,581,Āÿÿÿÿ,582,ÿÿþĀ
Āÿÿÿÿ,565,þĀÿ,583,Āÿÿÿÿþ
þĀÿ,534,þÿÿ,584,þĀÿþ
þÿÿ,575,ĀĀþ,585,þÿÿĀ
ĀĀþ,574,ÿÿÿĀ,586,ĀĀþÿ
ÿÿÿĀ,576,þÿÿÿÿÿÿÿ,587,ÿÿÿĀþ
þÿÿÿÿÿÿÿ,553,ÿÿÿÿÿÿÿÿÿÿÿÿ,588,þÿÿÿÿÿÿÿÿ
ÿÿÿÿÿÿÿÿÿÿÿÿ,581,Āÿÿÿÿ,589,ÿÿÿÿÿÿÿÿÿÿÿÿĀ
Āÿÿÿÿ,570,ÿÿÿÿÿÿÿÿÿÿÿÿÿÿÿÿÿÿ,590,Āÿÿÿÿÿ
ÿÿÿÿÿÿÿÿÿÿÿÿÿÿÿÿÿÿ,591,ÿÿÿÿÿÿÿÿÿÿÿÿÿÿÿÿÿÿÿ,591,ÿÿÿÿÿÿÿÿÿÿÿÿÿÿÿÿÿÿÿ
ÿÿÿÿÿÿÿÿÿÿÿÿÿÿÿÿÿÿÿ,517,ÿÿÿÿÿÿ,592,ÿÿÿÿÿÿÿÿÿÿÿÿÿÿÿÿÿÿÿÿ
ÿÿÿÿÿÿ,585,þÿÿĀ,593,ÿÿÿÿÿÿþ
þÿÿĀ,254,þ,594,þÿÿĀþ
þ,527,þÿĀ,595,þþ
þÿĀ,585,þÿÿĀ,596,þÿĀþ
þÿÿĀ,573,ÿþÿÿ,597,þÿÿĀÿ
ÿþÿÿ,544,Āþÿÿ,598,ÿþÿÿĀ
Āþÿÿ,590,Āÿÿÿÿÿ,599,ĀþÿÿĀ
Āÿÿÿÿÿ,519,ÿÿÿÿÿÿÿÿ,600,Āÿÿÿÿÿÿ
ÿÿÿÿÿÿÿÿ,595,þþ,601,ÿÿÿÿÿÿÿÿþ
þþ,529,Āÿ,602,þþĀ
Āÿ,526,Āþ,603,ĀÿĀ
Āþ,597,þÿÿĀÿ,604,Āþþ
þÿÿĀÿ,603,ĀÿĀ,605,þÿÿĀÿĀ
ĀÿĀ,592,ÿÿÿÿÿÿÿÿÿÿÿÿÿÿÿÿÿÿÿÿ,606,ĀÿĀÿ
ÿÿÿÿÿÿÿÿÿÿÿÿÿÿÿÿÿÿÿÿ,607,ÿÿÿÿÿÿÿÿÿÿÿÿÿÿÿÿÿÿÿÿÿ,607,ÿÿÿÿÿÿÿÿÿÿÿÿÿÿÿÿÿÿÿÿÿ
ÿÿÿÿÿÿÿÿÿÿÿÿÿÿÿÿÿÿÿÿÿ,608,ÿÿÿÿÿÿÿÿÿÿÿÿÿÿÿÿÿÿÿÿÿÿ,608,ÿÿÿÿÿÿÿÿÿÿÿÿÿÿÿÿÿÿÿÿÿÿ
ÿÿÿÿÿÿÿÿÿÿÿÿÿÿÿÿÿÿÿÿÿÿ,579,ÿþÿÿÿ,609,ÿÿÿÿÿÿÿÿÿÿÿÿÿÿÿÿÿÿÿÿÿÿÿ
ÿþÿÿÿ,536,ÿÿÿÿþ,610,ÿþÿÿÿÿ
ÿÿÿÿþ,574,ÿÿÿĀ,611,ÿÿÿÿþÿ
ÿÿÿĀ,551,ÿþÿ,612,ÿÿÿĀÿ
ÿþÿ,541,Āÿÿÿ,613,ÿþÿĀ
Āÿÿÿ,529,Āÿ,614,ĀÿÿÿĀ
Āÿ,597,þÿÿĀÿ,615,Āÿþ
þÿÿĀÿ,588,þÿÿÿÿÿÿÿÿ,616,þÿÿĀÿþ
þÿÿÿÿÿÿÿÿ,604,Āþþ,617,þÿÿÿÿÿÿÿÿĀ
Āþþ,558,ÿÿÿÿÿþ,618,Āþþÿ
ÿÿÿÿÿþ,257,ā,619,ÿÿÿÿÿþā
ā,516,ÿÿÿÿÿ,620,āÿ
ÿÿÿÿÿ,547,Āþÿÿÿ,621,ÿÿÿÿÿĀ
Āþÿÿÿ,560,ÿÿÿÿÿÿÿÿÿÿÿÿÿÿÿ,622,Āþÿÿÿÿ
ÿÿÿÿÿÿÿÿÿÿÿÿÿÿÿ,583,Āÿÿÿÿþ,623,ÿÿÿÿÿÿÿÿÿÿÿÿÿÿÿĀ
Āÿÿÿÿþ,613,ÿþÿĀ,624,Āÿÿÿÿþÿ
ÿþÿĀ,612,ÿÿÿĀÿ,625,ÿþÿĀÿ
ÿÿÿĀÿ,579,ÿþÿÿÿ,626,ÿÿÿĀÿÿ
ÿþÿÿÿ,618,Āþþÿ,627,ÿþÿÿÿĀ
Āþþÿ,538,ÿĀ,628,Āþþÿÿ
ÿĀ,600,Āÿÿÿÿÿÿ,629,ÿĀĀ
Āÿÿÿÿÿÿ,609,ÿÿÿÿÿÿÿÿÿÿÿÿÿÿÿÿÿÿÿÿÿÿÿ,630,Āÿÿÿÿÿÿÿ
ÿÿÿÿÿÿÿÿÿÿÿÿÿÿÿÿÿÿÿÿÿÿÿ,568,ÿÿÿÿÿÿÿÿÿÿÿÿÿÿÿÿ,631,ÿÿÿÿÿÿÿÿÿÿÿÿÿÿÿÿÿÿÿÿÿÿÿÿ
ÿÿÿÿÿÿÿÿÿÿÿÿÿÿÿÿ,595,þþ,632,ÿÿÿÿÿÿÿÿÿÿÿÿÿÿÿÿþ
þþ,629,ÿĀĀ,633,þþÿ
ÿĀĀ,594,þÿÿĀþ,634,ÿĀĀþ
þÿÿĀþ,587,ÿÿÿĀþ,635,þÿÿĀþÿ
ÿÿÿĀþ,524,ÿþ,636,ÿÿÿĀþÿ
ÿþ,539,Āÿÿ,637,ÿþĀ
Āÿÿ,622,Āþÿÿÿÿ,638,ĀÿÿĀ
Āþÿÿÿÿ,611,ÿÿÿÿþÿ,639,Āþÿÿÿÿÿ
ÿÿÿÿþÿ,626,ÿÿÿĀÿÿ,640,ÿÿÿÿþÿÿ
ÿÿÿĀÿÿ,562,ÿÿÿÿÿþÿ,641,ÿÿÿĀÿÿÿ
ÿÿÿÿÿþÿ,513,ÿÿ,642,ÿÿÿÿÿþÿÿ
ÿÿ,257,ā,643,ÿÿā
ā,565,þĀÿ,644,āþ
þĀÿ,631,ÿÿÿÿÿÿÿÿÿÿÿÿÿÿÿÿÿÿÿÿÿÿÿÿ,645,þĀÿÿ
ÿÿÿÿÿÿÿÿÿÿÿÿÿÿÿÿÿÿÿÿÿÿÿÿ,646,ÿÿÿÿÿÿÿÿÿÿÿÿÿÿÿÿÿÿÿÿÿÿÿÿÿ,646,ÿÿÿÿÿÿÿÿÿÿÿÿÿÿÿÿÿÿÿÿÿÿÿÿÿ
ÿÿÿÿÿÿÿÿÿÿÿÿÿÿÿÿÿÿÿÿÿÿÿÿÿ,554,ÿÿÿÿÿÿÿÿÿÿÿÿÿ,647,ÿÿÿÿÿÿÿÿÿÿÿÿÿÿÿÿÿÿÿÿÿÿÿÿÿÿ
ÿÿÿÿÿÿÿÿÿÿÿÿÿ,523,þÿ,648,ÿÿÿÿÿÿÿÿÿÿÿÿÿþ
þÿ,537,þÿÿÿ,649,þÿþ
þÿÿÿ,541,Āÿÿÿ,650,þÿÿÿĀ
Āÿÿÿ,527,þÿĀ,651,Āÿÿÿþ
þÿĀ,256,Ā,652,þÿĀĀ
Ā,253,ý,653,Āý
ý,567,ÿĀÿÿÿ,654,ýÿ
ÿĀÿÿÿ,518,ÿÿÿÿÿÿÿ,655,ÿĀÿÿÿÿ
ÿÿÿÿÿÿÿ,622,Āþÿÿÿÿ,656,ÿÿÿÿÿÿÿĀ
Āþÿÿÿÿ,525,þĀ,657,Āþÿÿÿÿþ
þĀ,543,ýĀ,658,þĀý
ýĀ,514,ÿÿÿ,659,ýĀÿ
ÿÿÿ,649,þÿþ,660,ÿÿÿþ
þÿþ,580,ÿÿÿÿÿþĀ,661,þÿþÿ
ÿÿÿÿÿþĀ,650,þÿÿÿĀ,662,ÿÿÿÿÿþĀþ
þÿÿÿĀ,545,ÿÿĀ,663,þÿÿÿĀÿ
ÿÿĀ,581,Āÿÿÿÿ,664,ÿÿĀĀ
Āÿÿÿÿ,531,Āþÿ,665,ĀÿÿÿÿĀ
Āþÿ,665,ĀÿÿÿÿĀ,666,ĀþÿĀ
ĀÿÿÿÿĀ,640,ÿÿÿÿþÿÿ,667,ĀÿÿÿÿĀÿ
ÿÿÿÿþÿÿ,582,ÿÿþĀ,668,ÿÿÿÿþÿÿÿ
ÿÿþĀ,561,ÿÿĀþÿ,669,ÿÿþĀÿ
ÿÿĀþÿ,561,ÿÿĀþÿ,670,ÿÿĀþÿÿ
ÿÿĀþÿ,585,þÿÿĀ,671,ÿÿĀþÿþ
þÿÿĀ,630,Āÿÿÿÿÿÿÿ,672,þÿÿĀĀ
Āÿÿÿÿÿÿÿ,647,ÿÿÿÿÿÿÿÿÿÿÿÿÿÿÿÿÿÿÿÿÿÿÿÿÿÿ,673,Āÿÿÿÿÿÿÿÿ
ÿÿÿÿÿÿÿÿÿÿÿÿÿÿÿÿÿÿÿÿÿÿÿÿÿÿ,553,ÿÿÿÿÿÿÿÿÿÿÿÿ,674,ÿÿÿÿÿÿÿÿÿÿÿÿÿÿÿÿÿÿÿÿÿÿÿÿÿÿÿ
ÿÿÿÿÿÿÿÿÿÿÿÿ,633,þþÿ,675,ÿÿÿÿÿÿÿÿÿÿÿÿþ
þþÿ,614,ĀÿÿÿĀ,676,þþÿĀ
ĀÿÿÿĀ,534,þÿÿ,677,ĀÿÿÿĀþ
þÿÿ,645,þĀÿÿ,678,þÿÿþ
þĀÿÿ,598,ÿþÿÿĀ,679,þĀÿÿÿ
ÿþÿÿĀ,660,ÿÿÿþ,680,ÿþÿÿĀÿ
ÿÿÿþ,615,Āÿþ,681,ÿÿÿþĀ
Āÿþ,575,ĀĀþ,682,ĀÿþĀ
ĀĀþ,549,þÿÿÿÿ,683,ĀĀþþ
þÿÿÿÿ,620,āÿ,684,þÿÿÿÿā
āÿ,663,þÿÿÿĀÿ,685,āÿþ
þÿÿÿĀÿ,557,þÿÿÿÿÿ,686,þÿÿÿĀÿþ
þÿÿÿÿÿ,673,Āÿÿÿÿÿÿÿÿ,687,þÿÿÿÿÿĀ
Āÿÿÿÿÿÿÿÿ,674,ÿÿÿÿÿÿÿÿÿÿÿÿÿÿÿÿÿÿÿÿÿÿÿÿÿÿÿ,688,Āÿÿÿÿÿÿÿÿÿ
ÿÿÿÿÿÿÿÿÿÿÿÿÿÿÿÿÿÿÿÿÿÿÿÿÿÿÿ,689,ÿÿÿÿÿÿÿÿÿÿÿÿÿÿÿÿÿÿÿÿÿÿÿÿÿÿÿÿ,689,ÿÿÿÿÿÿÿÿÿÿÿÿÿÿÿÿÿÿÿÿÿÿÿÿÿÿÿÿ
ÿÿÿÿÿÿÿÿÿÿÿÿÿÿÿÿÿÿÿÿÿÿÿÿÿÿÿÿ,525,þĀ,690,ÿÿÿÿÿÿÿÿÿÿÿÿÿÿÿÿÿÿÿÿÿÿÿÿÿÿÿÿþ
þĀ,633,þþÿ,691,þĀþ
þþÿ,641,ÿÿÿĀÿÿÿ,692,þþÿÿ
ÿÿÿĀÿÿÿ,681,ÿÿÿþĀ,693,ÿÿÿĀÿÿÿÿ
ÿÿÿþĀ,554,ÿÿÿÿÿÿÿÿÿÿÿÿÿ,694,ÿÿÿþĀÿ
ÿÿÿÿÿÿÿÿÿÿÿÿÿ,544,Āþÿÿ,695,ÿÿÿÿÿÿÿÿÿÿÿÿÿĀ
Āþÿÿ,649,þÿþ,696,Āþÿÿþ
þÿþ,523,þÿ,697,þÿþþ
þÿ,253,ý,698,þÿý
ý,595,þþ,699,ýþ
þþ,254,þ,700,þþþ
þ,253,ý,701,þý
ý,252,ü,702,ýü
ü,551,ÿþÿ,703,üÿ
ÿþÿ,654,ýÿ,704,ÿþÿý
ýÿ,538,ÿĀ,705,ýÿÿ
ÿĀ,257,ā,706,ÿĀā
ā,707,āā,707,āā
āā,258,Ă,708,āāĂ
Ă,255,ÿ,709,Ăÿ
ÿ,257,ā,710,ÿā
ā,546,ĀĀ,711,āĀ
ĀĀ,606,ĀÿĀÿ,712,ĀĀĀ
ĀÿĀÿ,652,þÿĀĀ,713,ĀÿĀÿþ
þÿĀĀ,588,þÿÿÿÿÿÿÿÿ,714,þÿĀĀþ
þÿÿÿÿÿÿÿÿ,660,ÿÿÿþ,715,þÿÿÿÿÿÿÿÿÿ
ÿÿÿþ,655,ÿĀÿÿÿÿ,716,ÿÿÿþÿ
ÿĀÿÿÿÿ,522,ÿÿþ,717,ÿĀÿÿÿÿÿ
ÿÿþ,626,ÿÿÿĀÿÿ,718,ÿÿþÿ
ÿÿÿĀÿÿ,688,Āÿÿÿÿÿÿÿÿÿ,719,ÿÿÿĀÿÿĀ
Āÿÿÿÿÿÿÿÿÿ,689,ÿÿÿÿÿÿÿÿÿÿÿÿÿÿÿÿÿÿÿÿÿÿÿÿÿÿÿÿ,720,Āÿÿÿÿÿÿÿÿÿÿ
ÿÿÿÿÿÿÿÿÿÿÿÿÿÿÿÿÿÿÿÿÿÿÿÿÿÿÿÿ,675,ÿÿÿÿÿÿÿÿÿÿÿÿþ,721,ÿÿÿÿÿÿÿÿÿÿÿÿÿÿÿÿÿÿÿÿÿÿÿÿÿÿÿÿÿ
ÿÿÿÿÿÿÿÿÿÿÿÿþ,525,þĀ,722,ÿÿÿÿÿÿÿÿÿÿÿÿþþ
þĀ,639,Āþÿÿÿÿÿ,723,þĀĀ
Āþÿÿÿÿÿ,694,ÿÿÿþĀÿ,724,Āþÿÿÿÿÿÿ
ÿÿÿþĀÿ,519,ÿÿÿÿÿÿÿÿ,725,ÿÿÿþĀÿÿ
ÿÿÿÿÿÿÿÿ,578,ĀþĀÿ,726,ÿÿÿÿÿÿÿÿĀ
ĀþĀÿ,585,þÿÿĀ,727,ĀþĀÿþ
þÿÿĀ,659,ýĀÿ,728,þÿÿĀý
ýĀÿ,621,ÿÿÿÿÿĀ,729,ýĀÿÿ
ÿÿÿÿÿĀ,676,þþÿĀ,730,ÿÿÿÿÿĀþ
þþÿĀ,717,ÿĀÿÿÿÿÿ,731,þþÿĀÿ
ÿĀÿÿÿÿÿ,721,ÿÿÿÿÿÿÿÿÿÿÿÿÿÿÿÿÿÿÿÿÿÿÿÿÿÿÿÿÿ,732,ÿĀÿÿÿÿÿÿ
ÿÿÿÿÿÿÿÿÿÿÿÿÿÿÿÿÿÿÿÿÿÿÿÿÿÿÿÿÿ,721,ÿÿÿÿÿÿÿÿÿÿÿÿÿÿÿÿÿÿÿÿÿÿÿÿÿÿÿÿÿ,733,ÿÿÿÿÿÿÿÿÿÿÿÿÿÿÿÿÿÿÿÿÿÿÿÿÿÿÿÿÿÿ
ÿÿÿÿÿÿÿÿÿÿÿÿÿÿÿÿÿÿÿÿÿÿÿÿÿÿÿÿÿ,595,þþ,734,ÿÿÿÿÿÿÿÿÿÿÿÿÿÿÿÿÿÿÿÿÿÿÿÿÿÿÿÿÿþ
þþ,644,āþ,735,þþā
āþ,549,þÿÿÿÿ,736,āþþ
þÿÿÿÿ,603,ĀÿĀ,737,þÿÿÿÿĀ
ĀÿĀ,537,þÿÿÿ,738,ĀÿĀþ
þÿÿÿ,559,þÿĀÿ,739,þÿÿÿþ
þÿĀÿ,611,ÿÿÿÿþÿ,740,þÿĀÿÿ
ÿÿÿÿþÿ,692,þþÿÿ,741,ÿÿÿÿþÿþ
þþÿÿ,649,þÿþ,742,þþÿÿþ
þÿþ,253,ý,743,þÿþý
ý,250,ú,744,ýú
ú,246,ö,745,úö
ö,241,ñ,746,öñ
ñ,238,î,747,ñî
î,241,ñ,748,îñ
ñ,246,ö,749,ñö
ö,238,î,750,öî
î,251,û,751,îû
û,246,ö,752,ûö
ö,248,ø,753,öø
ø,248,ø,754,øø
ø,252,ü,755,øü
ü,595,þþ,756,üþ
þþ,252,ü,757,þþü
ü,529,Āÿ,758,üĀ
Āÿ,258,Ă,759,ĀÿĂ
Ă,257,ā,760,Ăā
ā,260,Ą,761,āĄ
Ą,261,ą,762,Ąą
ą,260,Ą,763,ąĄ
Ą,265,ĉ,764,Ąĉ
ĉ,265,ĉ,765,ĉĉ
ĉ,268,Č,766,ĉČ
Č,269,č,767,Čč
č,270,Ď,768,čĎ
Ď,269,č,769,Ďč
č,268,Č,770,čČ
Č,763,ąĄ,771,Čą
ąĄ,638,ĀÿÿĀ,772,ąĄĀ
ĀÿÿĀ,629,ÿĀĀ,773,ĀÿÿĀÿ
ÿĀĀ,727,ĀþĀÿþ,774,ÿĀĀĀ
ĀþĀÿþ,720,Āÿÿÿÿÿÿÿÿÿÿ,775,ĀþĀÿþĀ
Āÿÿÿÿÿÿÿÿÿÿ,598,ÿþÿÿĀ,776,Āÿÿÿÿÿÿÿÿÿÿÿ
ÿþÿÿĀ,666,ĀþÿĀ,777,ÿþÿÿĀĀ
ĀþÿĀ,733,ÿÿÿÿÿÿÿÿÿÿÿÿÿÿÿÿÿÿÿÿÿÿÿÿÿÿÿÿÿÿ,778,ĀþÿĀÿ
ÿÿÿÿÿÿÿÿÿÿÿÿÿÿÿÿÿÿÿÿÿÿÿÿÿÿÿÿÿÿ,569,ÿÿÿÿÿÿÿÿÿÿÿÿÿÿÿÿÿ,779,ÿÿÿÿÿÿÿÿÿÿÿÿÿÿÿÿÿÿÿÿÿÿÿÿÿÿÿÿÿÿÿ
ÿÿÿÿÿÿÿÿÿÿÿÿÿÿÿÿÿ,731,þþÿĀÿ,780,ÿÿÿÿÿÿÿÿÿÿÿÿÿÿÿÿÿþ
þþÿĀÿ,696,Āþÿÿþ,781,þþÿĀÿĀ
Āþÿÿþ,638,ĀÿÿĀ,782,ĀþÿÿþĀ
ĀÿÿĀ,743,þÿþý,783,ĀÿÿĀþ
þÿþý,551,ÿþÿ,784,þÿþýÿ
ÿþÿ,663,þÿÿÿĀÿ,785,ÿþÿþ
þÿÿÿĀÿ,529,Āÿ,786,þÿÿÿĀÿĀ
Āÿ,620,āÿ,787,Āÿā
āÿ,720,Āÿÿÿÿÿÿÿÿÿÿ,788,āÿĀ
Āÿÿÿÿÿÿÿÿÿÿ,618,Āþþÿ,789,ĀÿÿÿÿÿÿÿÿÿÿĀ
Āþþÿ,606,ĀÿĀÿ,790,ĀþþÿĀ
ĀÿĀÿ,779,ÿÿÿÿÿÿÿÿÿÿÿÿÿÿÿÿÿÿÿÿÿÿÿÿÿÿÿÿÿÿÿ,791,ĀÿĀÿÿ
ÿÿÿÿÿÿÿÿÿÿÿÿÿÿÿÿÿÿÿÿÿÿÿÿÿÿÿÿÿÿÿ,733,ÿÿÿÿÿÿÿÿÿÿÿÿÿÿÿÿÿÿÿÿÿÿÿÿÿÿÿÿÿÿ,792,ÿÿÿÿÿÿÿÿÿÿÿÿÿÿÿÿÿÿÿÿÿÿÿÿÿÿÿÿÿÿÿÿ
ÿÿÿÿÿÿÿÿÿÿÿÿÿÿÿÿÿÿÿÿÿÿÿÿÿÿÿÿÿÿ,633,þþÿ,793,ÿÿÿÿÿÿÿÿÿÿÿÿÿÿÿÿÿÿÿÿÿÿÿÿÿÿÿÿÿÿþ
þþÿ,254,þ,794,þþÿþ
þ,711,āĀ,795,þā
āĀ,678,þÿÿþ,796,āĀþ
þÿÿþ,567,ÿĀÿÿÿ,797,þÿÿþÿ
ÿĀÿÿÿ,691,þĀþ,798,ÿĀÿÿÿþ
þĀþ,566,ÿĀÿÿ,799,þĀþÿ
ÿĀÿÿ,584,þĀÿþ,800,ÿĀÿÿþ
þĀÿþ,253,ý,801,þĀÿþý
ý,253,ý,802,ýý
ý,251,û,803,ýû
û,249,ù,804,ûù
ù,242,ò,805,ùò
ò,236,ì,806,òì
ì,237,í,807,ìí
í,225,á,808,íá
á,244,ô,809,áô
ô,238,î,810,ôî
î,243,ó,811,îó
ó,253,ý,812,óý
ý,258,Ă,813,ýĂ
Ă,260,Ą,814,ĂĄ
Ą,257,ā,815,Ąā
ā,262,Ć,816,āĆ
Ć,259,ă,817,Ćă
ă,763,ąĄ,818,ăą
ąĄ,259,ă,819,ąĄă
ă,760,Ăā,820,ăĂ
Ăā,546,ĀĀ,821,ĂāĀ
ĀĀ,542,ÿý,822,ĀĀÿ
ÿý,699,ýþ,823,ÿýý
ýþ,251,û,824,ýþû
û,250,ú,825,ûú
ú,254,þ,826,úþ
þ,248,ø,827,þø
ø,250,ú,828,øú
ú,828,øú,829,úø
øú,251,û,830,øúû
û,257,ā,831,ûā
ā,263,ć,832,āć
ć,262,Ć,833,ćĆ
Ć,271,ď,834,Ćď
ď,278,Ė,835,ďĖ
Ė,279,ė,836,Ėė
ė,277,ĕ,837,ėĕ
ĕ,273,đ,838,ĕđ
đ,263,ć,839,đć
ć,258,Ă,840,ćĂ
Ă,760,Ăā,841,ĂĂ
Ăā,637,ÿþĀ,842,Ăāÿ
ÿþĀ,513,ÿÿ,843,ÿþĀÿ
ÿÿ,813,ýĂ,844,ÿÿý
ýĂ,253,ý,845,ýĂý
ý,685,āÿþ,846,ýā
āÿþ,548,ÿÿĀþ,847,āÿþÿ
ÿÿĀþ,795,þā,848,ÿÿĀþþ
þā,539,Āÿÿ,849,þāĀ
Āÿÿ,597,þÿÿĀÿ,850,Āÿÿþ
þÿÿĀÿ,792,ÿÿÿÿÿÿÿÿÿÿÿÿÿÿÿÿÿÿÿÿÿÿÿÿÿÿÿÿÿÿÿÿ,851,þÿÿĀÿÿ
ÿÿÿÿÿÿÿÿÿÿÿÿÿÿÿÿÿÿÿÿÿÿÿÿÿÿÿÿÿÿÿÿ,648,ÿÿÿÿÿÿÿÿÿÿÿÿÿþ,852,ÿÿÿÿÿÿÿÿÿÿÿÿÿÿÿÿÿÿÿÿÿÿÿÿÿÿÿÿÿÿÿÿÿ
ÿÿÿÿÿÿÿÿÿÿÿÿÿþ,843,ÿþĀÿ,853,ÿÿÿÿÿÿÿÿÿÿÿÿÿþÿ
ÿþĀÿ,538,ÿĀ,854,ÿþĀÿÿ
ÿĀ,700,þþþ,855,ÿĀþ
þþþ,710,ÿā,856,þþþÿ
ÿā,654,ýÿ,857,ÿāý
ýÿ,653,Āý,858,ýÿĀ
Āý,258,Ă,859,ĀýĂ
Ă,251,û,860,Ăû
û,252,ü,861,ûü
ü,243,ó,862,üó
ó,232,è,863,óè
è,232,è,864,èè
è,243,ó,865,èó
ó,755,øü,866,óø
øü,770,čČ,867,øüč
čČ,274,Ē,868,čČĒ
Ē,273,đ,869,Ēđ
đ,268,Č,870,đČ
Č,815,Ąā,871,ČĄ
Ąā,706,ÿĀā,872,Ąāÿ
ÿĀā,514,ÿÿÿ,873,ÿĀāÿ
ÿÿÿ,251,û,874,ÿÿÿû
û,259,ă,875,ûă
ă,844,ÿÿý,876,ăÿ
ÿÿý,620,āÿ,877,ÿÿýā
āÿ,255,ÿ,878,āÿÿ
ÿ,703,üÿ,879,ÿü
üÿ,711,āĀ,880,üÿā
āĀ,776,Āÿÿÿÿÿÿÿÿÿÿÿ,881,āĀĀ
Āÿÿÿÿÿÿÿÿÿÿÿ,852,ÿÿÿÿÿÿÿÿÿÿÿÿÿÿÿÿÿÿÿÿÿÿÿÿÿÿÿÿÿÿÿÿÿ,882,Āÿÿÿÿÿÿÿÿÿÿÿÿ
ÿÿÿÿÿÿÿÿÿÿÿÿÿÿÿÿÿÿÿÿÿÿÿÿÿÿÿÿÿÿÿÿÿ,570,ÿÿÿÿÿÿÿÿÿÿÿÿÿÿÿÿÿÿ,883,ÿÿÿÿÿÿÿÿÿÿÿÿÿÿÿÿÿÿÿÿÿÿÿÿÿÿÿÿÿÿÿÿÿÿ
ÿÿÿÿÿÿÿÿÿÿÿÿÿÿÿÿÿÿ,543,ýĀ,884,ÿÿÿÿÿÿÿÿÿÿÿÿÿÿÿÿÿÿý
ýĀ,799,þĀþÿ,885,ýĀþ
þĀþÿ,524,ÿþ,886,þĀþÿÿ
ÿþ,878,āÿÿ,887,ÿþā
āÿÿ,854,ÿþĀÿÿ,888,āÿÿÿ
ÿþĀÿÿ,551,ÿþÿ,889,ÿþĀÿÿÿ
ÿþÿ,252,ü,890,ÿþÿü
ü,258,Ă,891,üĂ
Ă,701,þý,892,Ăþ
þý,253,ý,893,þýý
ý,806,òì,894,ýò
òì,226,â,895,òìâ
â,226,â,896,ââ
â,230,æ,897,âæ
æ,241,ñ,898,æñ
ñ,254,þ,899,ñþ
þ,262,Ć,900,þĆ
Ć,265,ĉ,901,Ćĉ
ĉ,263,ć,902,ĉć
ć,268,Č,903,ćČ
Č,266,Ċ,904,ČĊ
Ċ,264,Ĉ,905,ĊĈ
Ĉ,261,ą,906,Ĉą
ą,821,ĂāĀ,907,ąĂ
ĂāĀ,712,ĀĀĀ,908,ĂāĀĀ
ĀĀĀ,582,ÿÿþĀ,909,ĀĀĀÿ
ÿÿþĀ,740,þÿĀÿÿ,910,ÿÿþĀþ
þÿĀÿÿ,564,ÿþþ,911,þÿĀÿÿÿ
ÿþþ,879,ÿü,912,ÿþþÿ
ÿü,524,ÿþ,913,ÿüÿ
ÿþ,745,úö,914,ÿþú
úö,245,õ,915,úöõ
õ,250,ú,916,õú
ú,240,ð,917,úð
ð,244,ô,918,ðô
ô,812,óý,919,ôó
óý,264,Ĉ,920,óýĈ
Ĉ,271,ď,921,Ĉď
ď,286,Ğ,922,ďĞ
Ğ,285,ĝ,923,Ğĝ
ĝ,282,Ě,924,ĝĚ
Ě,269,č,925,Ěč
č,260,Ą,926,čĄ
Ą,546,ĀĀ,927,ĄĀ
ĀĀ,881,āĀĀ,928,ĀĀā
āĀĀ,718,ÿÿþÿ,929,āĀĀÿ
ÿÿþÿ,563,ÿÿĀÿ,930,ÿÿþÿÿ
ÿÿĀÿ,522,ÿÿþ,931,ÿÿĀÿÿ
ÿÿþ,891,üĂ,932,ÿÿþü
üĂ,529,Āÿ,933,üĂĀ
Āÿ,875,ûă,934,Āÿû
ûă,882,Āÿÿÿÿÿÿÿÿÿÿÿÿ,935,ûăĀ
Āÿÿÿÿÿÿÿÿÿÿÿÿ,852,ÿÿÿÿÿÿÿÿÿÿÿÿÿÿÿÿÿÿÿÿÿÿÿÿÿÿÿÿÿÿÿÿÿ,936,Āÿÿÿÿÿÿÿÿÿÿÿÿÿ
ÿÿÿÿÿÿÿÿÿÿÿÿÿÿÿÿÿÿÿÿÿÿÿÿÿÿÿÿÿÿÿÿÿ,572,þÿÿÿÿÿÿ,937,ÿÿÿÿÿÿÿÿÿÿÿÿÿÿÿÿÿÿÿÿÿÿÿÿÿÿÿÿÿÿÿÿÿþ
þÿÿÿÿÿÿ,697,þÿþþ,938,þÿÿÿÿÿÿþ
þÿþþ,892,Ăþ,939,þÿþþĂ
Ăþ,701,þý,940,Ăþþ
þý,255,ÿ,941,þýÿ
ÿ,243,ó,942,ÿó
ó,216,Ø,943,óØ
Ø,212,Ô,944,ØÔ
Ô,220,Ü,945,ÔÜ
Ü,248,ø,946,Üø
ø,259,ă,947,øă
ă,250,ú,948,ăú
ú,256,Ā,949,úĀ
Ā,260,Ą,950,ĀĄ
Ą,947,øă,951,Ąø
øă,254,þ,952,øăþ
þ,260,Ą,953,þĄ
Ą,281,ę,954,Ąę
ę,291,ģ,955,ęģ
ģ,293,ĥ,956,ģĥ
ĥ,282,Ě,957,ĥĚ
Ě,709,Ăÿ,958,ĚĂ
Ăÿ,526,Āþ,959,ĂÿĀ
Āþ,876,ăÿ,960,Āþă
ăÿ,252,ü,961,ăÿü
ü,876,ăÿ,962,üă
ăÿ,697,þÿþþ,963,ăÿþ
þÿþþ,620,āÿ,964,þÿþþā
āÿ,933,üĂĀ,965,āÿü
üĂĀ,883,ÿÿÿÿÿÿÿÿÿÿÿÿÿÿÿÿÿÿÿÿÿÿÿÿÿÿÿÿÿÿÿÿÿÿ,966,üĂĀÿ
ÿÿÿÿÿÿÿÿÿÿÿÿÿÿÿÿÿÿÿÿÿÿÿÿÿÿÿÿÿÿÿÿÿÿ,674,ÿÿÿÿÿÿÿÿÿÿÿÿÿÿÿÿÿÿÿÿÿÿÿÿÿÿÿ,967,ÿÿÿÿÿÿÿÿÿÿÿÿÿÿÿÿÿÿÿÿÿÿÿÿÿÿÿÿÿÿÿÿÿÿÿ
ÿÿÿÿÿÿÿÿÿÿÿÿÿÿÿÿÿÿÿÿÿÿÿÿÿÿÿ,701,þý,968,ÿÿÿÿÿÿÿÿÿÿÿÿÿÿÿÿÿÿÿÿÿÿÿÿÿÿÿþ
þý,878,āÿÿ,969,þýā
āÿÿ,645,þĀÿÿ,970,āÿÿþ
þĀÿÿ,813,ýĂ,971,þĀÿÿý
ýĂ,602,þþĀ,972,ýĂþ
þþĀ,637,ÿþĀ,973,þþĀÿ
ÿþĀ,941,þýÿ,974,ÿþĀþ
þýÿ,253,ý,975,þýÿý
ý,246,ö,976,ýö
ö,235,ë,977,öë
ë,218,Ú,978,ëÚ
Ú,219,Û,979,ÚÛ
Û,232,è,980,Ûè
è,249,ù,981,èù
ù,258,Ă,982,ùĂ
Ă,271,ď,983,Ăď
ď,275,ē,984,ďē
ē,269,č,985,ēč
č,265,ĉ,986,čĉ
ĉ,927,ĄĀ,987,ĉĄ
ĄĀ,257,ā,988,ĄĀā
ā,892,Ăþ,989,āĂ
Ăþ,802,ýý,990,Ăþý
ýý,683,ĀĀþþ,991,ýýĀ
ĀĀþþ,615,Āÿþ,992,ĀĀþþĀ
Āÿþ,629,ÿĀĀ,993,Āÿþÿ
ÿĀĀ,878,āÿÿ,994,ÿĀĀā
āÿÿ,705,ýÿÿ,995,āÿÿý
ýÿÿ,523,þÿ,996,ýÿÿþ
þÿ,258,Ă,997,þÿĂ
Ă,699,ýþ,998,Ăý
ýþ,710,ÿā,999,ýþÿ
ÿā,681,ÿÿÿþĀ,1000,ÿāÿ
ÿÿÿþĀ,250,ú,1001,ÿÿÿþĀú
ú,242,ò,1002,úò
ò,241,ñ,1003,òñ
ñ,242,ò,1004,ñò
ò,238,î,1005,òî
î,245,õ,1006,îõ
õ,256,Ā,1007,õĀ
Ā,275,ē,1008,Āē
ē,285,ĝ,1009,ēĝ
ĝ,291,ģ,1010,ĝģ
ģ,284,Ĝ,1011,ģĜ
Ĝ,269,č,1012,Ĝč
č,620,āÿ,1013,čā
āÿ,709,Ăÿ,1014,āÿĂ
Ăÿ,644,āþ,1015,Ăÿā
āþ,669,ÿÿþĀÿ,1016,āþÿ
ÿÿþĀÿ,848,ÿÿĀþþ,1017,ÿÿþĀÿÿ
ÿÿĀþþ,664,ÿÿĀĀ,1018,ÿÿĀþþÿ
ÿÿĀĀ,967,ÿÿÿÿÿÿÿÿÿÿÿÿÿÿÿÿÿÿÿÿÿÿÿÿÿÿÿÿÿÿÿÿÿÿÿ,1019,ÿÿĀĀÿ
ÿÿÿÿÿÿÿÿÿÿÿÿÿÿÿÿÿÿÿÿÿÿÿÿÿÿÿÿÿÿÿÿÿÿÿ,532,ÿÿÿÿÿÿÿÿÿÿÿ,1020,ÿÿÿÿÿÿÿÿÿÿÿÿÿÿÿÿÿÿÿÿÿÿÿÿÿÿÿÿÿÿÿÿÿÿÿÿ
ÿÿÿÿÿÿÿÿÿÿÿ,858,ýÿĀ,1021,ÿÿÿÿÿÿÿÿÿÿÿý
ýÿĀ,564,ÿþþ,1022,ýÿĀÿ
ÿþþ,738,ĀÿĀþ,1023,ÿþþĀ
ĀÿĀþ,758,üĀ,1024,ĀÿĀþü
üĀ,744,ýú,1025,üĀý
ýú,205,Í,1026,ýúÍ
Í,198,Æ,1027,ÍÆ
Æ,231,ç,1028,Æç
ç,257,ā,1029,çā
ā,268,Č,1030,āČ
Č,270,Ď,1031,ČĎ
Ď,263,ć,1032,Ďć
ć,263,ć,1033,ćć
ć,260,Ą,1034,ćĄ
Ą,654,ýÿ,1035,Ąý
ýÿ,253,ý,1036,ýÿý
ý,248,ø,1037,ýø
ø,246,ö,1038,øö
ö,1003,òñ,1039,öò
òñ,261,ą,1040,òñą
ą,280,Ę,1041,ąĘ
Ę,305,ı,1042,Ęı
ı,297,ĩ,1043,ıĩ
ĩ,265,ĉ,1044,ĩĉ
ĉ,707,āā,1045,ĉā
āā,543,ýĀ,1046,āāý
ýĀ,256,Ā,1047,ýĀĀ
Ā,249,ù,1048,Āù
ù,261,ą,1049,ùą
ą,514,ÿÿÿ,1050,ąÿ
ÿÿÿ,846,ýā,1051,ÿÿÿý
ýā,813,ýĂ,1052,ýāý
ýĂ,1020,ÿÿÿÿÿÿÿÿÿÿÿÿÿÿÿÿÿÿÿÿÿÿÿÿÿÿÿÿÿÿÿÿÿÿÿÿ,1053,ýĂÿ
ÿÿÿÿÿÿÿÿÿÿÿÿÿÿÿÿÿÿÿÿÿÿÿÿÿÿÿÿÿÿÿÿÿÿÿÿ,647,ÿÿÿÿÿÿÿÿÿÿÿÿÿÿÿÿÿÿÿÿÿÿÿÿÿÿ,1054,ÿÿÿÿÿÿÿÿÿÿÿÿÿÿÿÿÿÿÿÿÿÿÿÿÿÿÿÿÿÿÿÿÿÿÿÿÿ
ÿÿÿÿÿÿÿÿÿÿÿÿÿÿÿÿÿÿÿÿÿÿÿÿÿÿ,676,þþÿĀ,1055,ÿÿÿÿÿÿÿÿÿÿÿÿÿÿÿÿÿÿÿÿÿÿÿÿÿÿþ
þþÿĀ,851,þÿÿĀÿÿ,1056,þþÿĀþ
þÿÿĀÿÿ,660,ÿÿÿþ,1057,þÿÿĀÿÿÿ
ÿÿÿþ,999,ýþÿ,1058,ÿÿÿþý
ýþÿ,254,þ,1059,ýþÿþ
þ,244,ô,1060,þô
ô,221,Ý,1061,ôÝ
Ý,213,Õ,1062,ÝÕ
Õ,225,á,1063,Õá
á,237,í,1064,áí
í,260,Ą,1065,íĄ
Ą,279,ė,1066,Ąė
ė,273,đ,1067,ėđ
đ,267,ċ,1068,đċ
ċ,267,ċ,1069,ċċ
ċ,927,ĄĀ,1070,ċĄ
ĄĀ,654,ýÿ,1071,ĄĀý
ýÿ,663,þÿÿÿĀÿ,1072,ýÿþ
þÿÿÿĀÿ,730,ÿÿÿÿÿĀþ,1073,þÿÿÿĀÿÿ
ÿÿÿÿÿĀþ,664,ÿÿĀĀ,1074,ÿÿÿÿÿĀþÿ
ÿÿĀĀ,251,û,1075,ÿÿĀĀû
û,791,ĀÿĀÿÿ,1076,ûĀ
ĀÿĀÿÿ,912,ÿþþÿ,1077,ĀÿĀÿÿÿ
ÿþþÿ,575,ĀĀþ,1078,ÿþþÿĀ
ĀĀþ,846,ýā,1079,ĀĀþý
ýā,615,Āÿþ,1080,ýāĀ
Āÿþ,707,āā,1081,Āÿþā
āā,524,ÿþ,1082,āāÿ
ÿþ,804,ûù,1083,ÿþû
ûù,245,õ,1084,ûùõ
õ,234,ê,1085,õê
ê,232,è,1086,êè
è,245,õ,1087,èõ
õ,262,Ć,1088,õĆ
Ć,279,ė,1089,Ćė
ė,298,Ī,1090,ėĪ
Ī,296,Ĩ,1091,ĪĨ
Ĩ,269,č,1092,Ĩč
č,760,Ăā,1093,čĂ
Ăā,254,þ,1094,Ăāþ
þ,258,Ă,1095,þĂ
Ă,738,ĀÿĀþ,1096,ĂĀ
ĀÿĀþ,654,ýÿ,1097,ĀÿĀþý
ýÿ,1016,āþÿ,1098,ýÿā
āþÿ,1019,ÿÿĀĀÿ,1099,āþÿÿ
ÿÿĀĀÿ,1054,ÿÿÿÿÿÿÿÿÿÿÿÿÿÿÿÿÿÿÿÿÿÿÿÿÿÿÿÿÿÿÿÿÿÿÿÿÿ,1100,ÿÿĀĀÿÿ
ÿÿÿÿÿÿÿÿÿÿÿÿÿÿÿÿÿÿÿÿÿÿÿÿÿÿÿÿÿÿÿÿÿÿÿÿÿ,533,ÿÿÿÿÿÿÿþ,1101,ÿÿÿÿÿÿÿÿÿÿÿÿÿÿÿÿÿÿÿÿÿÿÿÿÿÿÿÿÿÿÿÿÿÿÿÿÿÿ
ÿÿÿÿÿÿÿþ,616,þÿÿĀÿþ,1102,ÿÿÿÿÿÿÿþþ
þÿÿĀÿþ,615,Āÿþ,1103,þÿÿĀÿþĀ
Āÿþ,523,þÿ,1104,Āÿþþ
þÿ,251,û,1105,þÿû
û,238,î,1106,ûî
î,181,µ,1107,îµ
µ,211,Ó,1108,µÓ
Ó,261,ą,1109,Óą
ą,282,Ě,1110,ąĚ
Ě,267,ċ,1111,Ěċ
ċ,271,ď,1112,ċď
ď,263,ć,1113,ďć
ć,261,ą,1114,ćą
ą,261,ą,1115,ąą
ą,256,Ā,1116,ąĀ
Ā,250,ú,1117,Āú
ú,255,ÿ,1118,úÿ
ÿ,247,÷,1119,ÿ÷
÷,249,ù,1120,÷ù
ù,700,þþþ,1121,ùþ
þþþ,1039,öò,1122,þþþö
öò,237,í,1123,öòí
í,259,ă,1124,íă
ă,313,Ĺ,1125,ăĹ
Ĺ,302,Į,1126,ĹĮ
Į,260,Ą,1127,ĮĄ
Ą,259,ă,1128,Ąă
ă,257,ā,1129,ăā
ā,813,ýĂ,1130,āý
ýĂ,547,Āþÿÿÿ,1131,ýĂĀ
Āþÿÿÿ,1080,ýāĀ,1132,Āþÿÿÿý
ýāĀ,1101,ÿÿÿÿÿÿÿÿÿÿÿÿÿÿÿÿÿÿÿÿÿÿÿÿÿÿÿÿÿÿÿÿÿÿÿÿÿÿ,1133,ýāĀÿ
ÿÿÿÿÿÿÿÿÿÿÿÿÿÿÿÿÿÿÿÿÿÿÿÿÿÿÿÿÿÿÿÿÿÿÿÿÿÿ,631,ÿÿÿÿÿÿÿÿÿÿÿÿÿÿÿÿÿÿÿÿÿÿÿÿ,1134,ÿÿÿÿÿÿÿÿÿÿÿÿÿÿÿÿÿÿÿÿÿÿÿÿÿÿÿÿÿÿÿÿÿÿÿÿÿÿÿ
ÿÿÿÿÿÿÿÿÿÿÿÿÿÿÿÿÿÿÿÿÿÿÿÿ,1056,þþÿĀþ,1135,ÿÿÿÿÿÿÿÿÿÿÿÿÿÿÿÿÿÿÿÿÿÿÿÿþ
þþÿĀþ,522,ÿÿþ,1136,þþÿĀþÿ
ÿÿþ,644,āþ,1137,ÿÿþā
āþ,962,üă,1138,āþü
üă,702,ýü,1139,üăý
ýü,894,ýò,1140,ýüý
ýò,222,Þ,1141,ýòÞ
Þ,206,Î,1142,ÞÎ
Î,229,å,1143,Îå
å,246,ö,1144,åö
ö,269,č,1145,öč
č,276,Ĕ,1146,čĔ
Ĕ,279,ė,1147,Ĕė
ė,270,Ď,1148,ėĎ
Ď,846,ýā,1149,Ďý
ýā,700,þþþ,1150,ýāþ
þþþ,256,Ā,1151,þþþĀ
Ā,736,āþþ,1152,Āā
āþþ,856,þþþÿ,1153,āþþþ
þþþÿ,709,Ăÿ,1154,þþþÿĂ
Ăÿ,879,ÿü,1155,Ăÿÿ
ÿü,723,þĀĀ,1156,ÿüþ
þĀĀ,524,ÿþ,1157,þĀĀÿ
ÿþ,885,ýĀþ,1158,ÿþý
ýĀþ,909,ĀĀĀÿ,1159,ýĀþĀ
ĀĀĀÿ,653,Āý,1160,ĀĀĀÿĀ
Āý,633,þþÿ,1161,Āýþ
þþÿ,1082,āāÿ,1162,þþÿā
āāÿ,681,ÿÿÿþĀ,1163,āāÿÿ
ÿÿÿþĀ,543,ýĀ,1164,ÿÿÿþĀý
ýĀ,1130,āý,1165,ýĀā
āý,711,āĀ,1166,āýā
āĀ,785,ÿþÿþ,1167,āĀÿ
ÿþÿþ,246,ö,1168,ÿþÿþö
ö,237,í,1169,öí
í,233,é,1170,íé
é,239,ï,1171,éï
ï,249,ù,1172,ïù
ù,284,Ĝ,1173,ùĜ
Ĝ,1091,ĪĨ,1174,ĜĪ
ĪĨ,273,đ,1175,ĪĨđ
đ,892,Ăþ,1176,đĂ
Ăþ,256,Ā,1177,ĂþĀ
Ā,998,Ăý,1178,ĀĂ
Ăý,1016,āþÿ,1179,Ăýā
āþÿ,795,þā,1180,āþÿþ
þā,879,ÿü,1181,þāÿ
ÿü,876,ăÿ,1182,ÿüă
ăÿ,1134,ÿÿÿÿÿÿÿÿÿÿÿÿÿÿÿÿÿÿÿÿÿÿÿÿÿÿÿÿÿÿÿÿÿÿÿÿÿÿÿ,1183,ăÿÿ
ÿÿÿÿÿÿÿÿÿÿÿÿÿÿÿÿÿÿÿÿÿÿÿÿÿÿÿÿÿÿÿÿÿÿÿÿÿÿÿ,533,ÿÿÿÿÿÿÿþ,1184,ÿÿÿÿÿÿÿÿÿÿÿÿÿÿÿÿÿÿÿÿÿÿÿÿÿÿÿÿÿÿÿÿÿÿÿÿÿÿÿÿ
ÿÿÿÿÿÿÿþ,930,ÿÿþÿÿ,1185,ÿÿÿÿÿÿÿþÿ
ÿÿþÿÿ,552,ÿĀÿ,1186,ÿÿþÿÿÿ
ÿĀÿ,827,þø,1187,ÿĀÿþ
þø,227,ã,1188,þøã
ã,170,ª,1189,ãª
ª,231,ç,1190,ªç
ç,286,Ğ,1191,çĞ
Ğ,283,ě,1192,Ğě
ě,267,ċ,1193,ěċ
ċ,272,Đ,1194,ċĐ
Đ,275,ē,1195,Đē
ē,266,Ċ,1196,ēĊ
Ċ,260,Ą,1197,ĊĄ
Ą,254,þ,1198,Ąþ
þ,703,üÿ,1199,þü
üÿ,246,ö,1200,üÿö
ö,250,ú,1201,öú
ú,251,û,1202,úû
û,747,ñî,1203,ûñ
ñî,949,úĀ,1204,ñîú
úĀ,654,ýÿ,1205,úĀý
ýÿ,242,ò,1206,ýÿò
ò,230,æ,1207,òæ
æ,263,ć,1208,æć
ć,319,Ŀ,1209,ćĿ
Ŀ,293,ĥ,1210,Ŀĥ
ĥ,814,ĂĄ,1211,ĥĂ
ĂĄ,527,þÿĀ,1212,ĂĄþ
þÿĀ,1047,ýĀĀ,1213,þÿĀý
ýĀĀ,732,ÿĀÿÿÿÿÿÿ,1214,ýĀĀÿ
ÿĀÿÿÿÿÿÿ,1184,ÿÿÿÿÿÿÿÿÿÿÿÿÿÿÿÿÿÿÿÿÿÿÿÿÿÿÿÿÿÿÿÿÿÿÿÿÿÿÿÿ,1215,ÿĀÿÿÿÿÿÿÿ
ÿÿÿÿÿÿÿÿÿÿÿÿÿÿÿÿÿÿÿÿÿÿÿÿÿÿÿÿÿÿÿÿÿÿÿÿÿÿÿÿ,780,ÿÿÿÿÿÿÿÿÿÿÿÿÿÿÿÿÿþ,1216,ÿÿÿÿÿÿÿÿÿÿÿÿÿÿÿÿÿÿÿÿÿÿÿÿÿÿÿÿÿÿÿÿÿÿÿÿÿÿÿÿÿ
ÿÿÿÿÿÿÿÿÿÿÿÿÿÿÿÿÿþ,887,ÿþā,1217,ÿÿÿÿÿÿÿÿÿÿÿÿÿÿÿÿÿþÿ
ÿþā,692,þþÿÿ,1218,ÿþāþ
þþÿÿ,653,Āý,1219,þþÿÿĀ
Āý,542,ÿý,1220,Āýÿ
ÿý,248,ø,1221,ÿýø
ø,223,ß,1222,øß
ß,207,Ï,1223,ßÏ
Ï,221,Ý,1224,ÏÝ
Ý,243,ó,1225,Ýó
ó,274,Ē,1226,óĒ
Ē,278,Ė,1227,ĒĖ
Ė,274,Ē,1228,ĖĒ
Ē,265,ĉ,1229,Ēĉ
ĉ,259,ă,1230,ĉă
ă,252,ü,1231,ăü
ü,962,üă,1232,üü
üă,1199,þü,1233,üăþ
þü,1178,ĀĂ,1234,þüĀ
ĀĂ,802,ýý,1235,ĀĂý
ýý,953,þĄ,1236,ýýþ
þĄ,756,üþ,1237,þĄü
üþ,615,Āÿþ,1238,üþĀ
Āÿþ,259,ă,1239,Āÿþă
ă,1128,Ąă,1240,ăĄ
Ąă,264,Ĉ,1241,ĄăĈ
Ĉ,257,ā,1242,Ĉā
ā,1240,ăĄ,1243,āă
ăĄ,760,Ăā,1244,ăĄĂ
Ăā,1167,āĀÿ,1245,Ăāā
āĀÿ,522,ÿÿþ,1246,āĀÿÿ
ÿÿþ,802,ýý,1247,ÿÿþý
ýý,699,ýþ,1248,ýýý
ýþ,249,ù,1249,ýþù
ù,251,û,1250,ùû
û,247,÷,1251,û÷
÷,1202,úû,1252,÷ú
úû,803,ýû,1253,úûý
ýû,846,ýā,1254,ýûý
ýā,878,āÿÿ,1255,ýāā
āÿÿ,526,Āþ,1256,āÿÿĀ
Āþ,756,üþ,1257,Āþü
üþ,542,ÿý,1258,üþÿ
ÿý,252,ü,1259,ÿýü
ü,816,āĆ,1260,üā
āĆ,1119,ÿ÷,1261,āĆÿ
ÿ÷,242,ò,1262,ÿ÷ò
ò,228,ä,1263,òä
ä,238,î,1264,äî
î,252,ü,1265,îü
ü,289,ġ,1266,üġ
ġ,310,Ķ,1267,ġĶ
Ķ,287,ğ,1268,Ķğ
ğ,264,Ĉ,1269,ğĈ
Ĉ,822,ĀĀÿ,1270,ĈĀ
ĀĀÿ,523,þÿ,1271,ĀĀÿþ
þÿ,788,āÿĀ,1272,þÿā
āÿĀ,1215,ÿĀÿÿÿÿÿÿÿ,1273,āÿĀÿ
ÿĀÿÿÿÿÿÿÿ,1184,ÿÿÿÿÿÿÿÿÿÿÿÿÿÿÿÿÿÿÿÿÿÿÿÿÿÿÿÿÿÿÿÿÿÿÿÿÿÿÿÿ,1274,ÿĀÿÿÿÿÿÿÿÿ
ÿÿÿÿÿÿÿÿÿÿÿÿÿÿÿÿÿÿÿÿÿÿÿÿÿÿÿÿÿÿÿÿÿÿÿÿÿÿÿÿ,797,þÿÿþÿ,1275,ÿÿÿÿÿÿÿÿÿÿÿÿÿÿÿÿÿÿÿÿÿÿÿÿÿÿÿÿÿÿÿÿÿÿÿÿÿÿÿÿþ
þÿÿþÿ,515,ÿÿÿÿ,1276,þÿÿþÿÿ
ÿÿÿÿ,251,û,1277,ÿÿÿÿû
û,217,Ù,1278,ûÙ
Ù,164,¤,1279,Ù¤
¤,256,Ā,1280,¤Ā
Ā,297,ĩ,1281,Āĩ
ĩ,273,đ,1282,ĩđ
đ,277,ĕ,1283,đĕ
ĕ,284,Ĝ,1284,ĕĜ
Ĝ,262,Ć,1285,ĜĆ
Ć,254,þ,1286,Ćþ
þ,249,ù,1287,þù
ù,513,ÿÿ,1288,ùÿ
ÿÿ,250,ú,1289,ÿÿú
ú,949,úĀ,1290,úú
úĀ,252,ü,1291,úĀü
ü,1249,ýþù,1292,üý
ýþù,237,í,1293,ýþùí
í,241,ñ,1294,íñ
ñ,802,ýý,1295,ñý
ýý,710,ÿā,1296,ýýÿ
ÿā,236,ì,1297,ÿāì
ì,226,â,1298,ìâ
â,289,ġ,1299,âġ
ġ,323,Ń,1300,ġŃ
Ń,274,Ē,1301,ŃĒ
Ē,1166,āýā,1302,Ēā
āýā,1016,āþÿ,1303,āýāā
āþÿ,822,ĀĀÿ,1304,āþÿĀ
ĀĀÿ,1216,ÿÿÿÿÿÿÿÿÿÿÿÿÿÿÿÿÿÿÿÿÿÿÿÿÿÿÿÿÿÿÿÿÿÿÿÿÿÿÿÿÿ,1305,ĀĀÿÿ
ÿÿÿÿÿÿÿÿÿÿÿÿÿÿÿÿÿÿÿÿÿÿÿÿÿÿÿÿÿÿÿÿÿÿÿÿÿÿÿÿÿ,607,ÿÿÿÿÿÿÿÿÿÿÿÿÿÿÿÿÿÿÿÿÿ,1306,ÿÿÿÿÿÿÿÿÿÿÿÿÿÿÿÿÿÿÿÿÿÿÿÿÿÿÿÿÿÿÿÿÿÿÿÿÿÿÿÿÿÿ
ÿÿÿÿÿÿÿÿÿÿÿÿÿÿÿÿÿÿÿÿÿ,549,þÿÿÿÿ,1307,ÿÿÿÿÿÿÿÿÿÿÿÿÿÿÿÿÿÿÿÿÿþ
þÿÿÿÿ,1139,üăý,1308,þÿÿÿÿü
üăý,248,ø,1309,üăýø
ø,256,Ā,1310,øĀ
Ā,239,ï,1311,Āï
ï,211,Ó,1312,ïÓ
Ó,207,Ï,1313,ÓÏ
Ï,238,î,1314,Ïî
î,262,Ć,1315,îĆ
Ć,836,Ėė,1316,ĆĖ
Ėė,1149,Ďý,1317,ĖėĎ
Ďý,653,Āý,1318,ĎýĀ
Āý,962,üă,1319,Āýü
üă,1048,Āù,1320,üăĀ
Āù,262,Ć,1321,ĀùĆ
Ć,703,üÿ,1322,Ćü
üÿ,1158,ÿþý,1323,üÿÿ
ÿþý,257,ā,1324,ÿþýā
ā,261,ą,1325,āą
ą,263,ć,1326,ąć
ć,264,Ĉ,1327,ćĈ
Ĉ,266,Ċ,1328,ĈĊ
Ċ,266,Ċ,1329,ĊĊ
Ċ,819,ąĄă,1330,Ċą
ąĄă,1177,ĂþĀ,1331,ąĄăĂ
ĂþĀ,590,Āÿÿÿÿÿ,1332,ĂþĀĀ
Āÿÿÿÿÿ,679,þĀÿÿÿ,1333,Āÿÿÿÿÿþ
þĀÿÿÿ,649,þÿþ,1334,þĀÿÿÿþ
þÿþ,526,Āþ,1335,þÿþĀ
Āþ,1248,ýýý,1336,Āþý
ýýý,804,ûù,1337,ýýýû
ûù,246,ö,1338,ûùö
ö,240,ð,1339,öð
ð,251,û,1340,ðû
û,916,õú,1341,ûõ
õú,252,ü,1342,õúü
ü,246,ö,1343,üö
ö,249,ù,1344,öù
ù,257,ā,1345,ùā
ā,831,ûā,1346,āû
ûā,965,āÿü,1347,ûāā
āÿü,255,ÿ,1348,āÿüÿ
ÿ,763,ąĄ,1349,ÿą
ąĄ,261,ą,1350,ąĄą
ą,247,÷,1351,ą÷
÷,234,ê,1352,÷ê
ê,230,æ,1353,êæ
æ,240,ð,1354,æð
ð,266,Ċ,1355,ðĊ
Ċ,304,İ,1356,Ċİ
İ,305,ı,1357,İı
ı,273,đ,1358,ıđ
đ,1129,ăā,1359,đă
ăā,539,Āÿÿ,1360,ăāĀ
Āÿÿ,1133,ýāĀÿ,1361,Āÿÿý
ýāĀÿ,1306,ÿÿÿÿÿÿÿÿÿÿÿÿÿÿÿÿÿÿÿÿÿÿÿÿÿÿÿÿÿÿÿÿÿÿÿÿÿÿÿÿÿÿ,1362,ýāĀÿÿ
ÿÿÿÿÿÿÿÿÿÿÿÿÿÿÿÿÿÿÿÿÿÿÿÿÿÿÿÿÿÿÿÿÿÿÿÿÿÿÿÿÿÿ,660,ÿÿÿþ,1363,ÿÿÿÿÿÿÿÿÿÿÿÿÿÿÿÿÿÿÿÿÿÿÿÿÿÿÿÿÿÿÿÿÿÿÿÿÿÿÿÿÿÿÿ
ÿÿÿþ,596,þÿĀþ,1364,ÿÿÿþþ
þÿĀþ,1187,ÿĀÿþ,1365,þÿĀþÿ
ÿĀÿþ,250,ú,1366,ÿĀÿþú
ú,225,á,1367,úá
á,156,,1368,á
,266,Ċ,1369,Ċ
Ċ,295,ħ,1370,Ċħ
ħ,272,Đ,1371,ħĐ
Đ,297,ĩ,1372,Đĩ
ĩ,269,č,1373,ĩč
č,756,üþ,1374,čü
üþ,1199,þü,1375,üþþ
þü,825,ûú,1376,þüû
ûú,523,þÿ,1377,ûúþ
þÿ,247,÷,1378,þÿ÷
÷,1199,þü,1379,÷þ
þü,710,ÿā,1380,þüÿ
ÿā,252,ü,1381,ÿāü
ü,240,ð,1382,üð
ð,240,ð,1383,ðð
ð,250,ú,1384,ðú
ú,1047,ýĀĀ,1385,úý
ýĀĀ,251,û,1386,ýĀĀû
û,219,Û,1387,ûÛ
Û,248,ø,1388,Ûø
ø,326,ņ,1389,øņ
ņ,299,ī,1390,ņī
ī,1050,ąÿ,1391,īą
ąÿ,1155,Ăÿÿ,1392,ąÿĂ
Ăÿÿ,637,ÿþĀ,1393,Ăÿÿÿ
ÿþĀ,936,Āÿÿÿÿÿÿÿÿÿÿÿÿÿ,1394,ÿþĀĀ
Āÿÿÿÿÿÿÿÿÿÿÿÿÿ,937,ÿÿÿÿÿÿÿÿÿÿÿÿÿÿÿÿÿÿÿÿÿÿÿÿÿÿÿÿÿÿÿÿÿþ,1395,Āÿÿÿÿÿÿÿÿÿÿÿÿÿÿ
ÿÿÿÿÿÿÿÿÿÿÿÿÿÿÿÿÿÿÿÿÿÿÿÿÿÿÿÿÿÿÿÿÿþ,931,ÿÿĀÿÿ,1396,ÿÿÿÿÿÿÿÿÿÿÿÿÿÿÿÿÿÿÿÿÿÿÿÿÿÿÿÿÿÿÿÿÿþÿ
ÿÿĀÿÿ,1073,þÿÿÿĀÿÿ,1397,ÿÿĀÿÿþ
þÿÿÿĀÿÿ,718,ÿÿþÿ,1398,þÿÿÿĀÿÿÿ
ÿÿþÿ,846,ýā,1399,ÿÿþÿý
ýā,1158,ÿþý,1400,ýāÿ
ÿþý,248,ø,1401,ÿþýø
ø,235,ë,1402,øë
ë,197,Å,1403,ëÅ
Å,214,Ö,1404,ÅÖ
Ö,248,ø,1405,Öø
ø,284,Ĝ,1406,øĜ
Ĝ,1148,ėĎ,1407,Ĝė
ėĎ,1322,Ćü,1408,ėĎĆ
Ćü,523,þÿ,1409,Ćüþ
þÿ,703,üÿ,1410,þÿü
üÿ,876,ăÿ,1411,üÿă
ăÿ,654,ýÿ,1412,ăÿý
ýÿ,831,ûā,1413,ýÿû
ûā,259,ă,1414,ûāă
ă,903,ćČ,1415,ăć
ćČ,267,ċ,1416,ćČċ
ċ,265,ĉ,1417,ċĉ
ĉ,262,Ć,1418,ĉĆ
Ć,263,ć,1419,Ćć
ć,1167,āĀÿ,1420,ćā
āĀÿ,603,ĀÿĀ,1421,āĀÿĀ
ĀÿĀ,667,ĀÿÿÿÿĀÿ,1422,ĀÿĀĀ
ĀÿÿÿÿĀÿ,715,þÿÿÿÿÿÿÿÿÿ,1423,ĀÿÿÿÿĀÿþ
þÿÿÿÿÿÿÿÿÿ,741,ÿÿÿÿþÿþ,1424,þÿÿÿÿÿÿÿÿÿÿ
ÿÿÿÿþÿþ,756,üþ,1425,ÿÿÿÿþÿþü
üþ,252,ü,1426,üþü
ü,232,è,1427,üè
è,219,Û,1428,èÛ
Û,1124,íă,1429,Ûí
íă,541,Āÿÿÿ,1430,íăĀ
Āÿÿÿ,1130,āý,1431,Āÿÿÿā
āý,629,ÿĀĀ,1432,āýÿ
ÿĀĀ,1260,üā,1433,ÿĀĀü
üā,1034,ćĄ,1434,üāć
ćĄ,255,ÿ,1435,ćĄÿ
ÿ,245,õ,1436,ÿõ
õ,226,â,1437,õâ
â,232,è,1438,âè
è,250,ú,1439,èú
ú,297,ĩ,1440,úĩ
ĩ,312,ĸ,1441,ĩĸ
ĸ,285,ĝ,1442,ĸĝ
ĝ,707,āā,1443,ĝā
āā,783,ĀÿÿĀþ,1444,āāĀ
ĀÿÿĀþ,727,ĀþĀÿþ,1445,ĀÿÿĀþĀ
ĀþĀÿþ,693,ÿÿÿĀÿÿÿÿ,1446,ĀþĀÿþÿ
ÿÿÿĀÿÿÿÿ,521,ÿÿÿÿÿÿÿÿÿÿ,1447,ÿÿÿĀÿÿÿÿÿ
ÿÿÿÿÿÿÿÿÿÿ,679,þĀÿÿÿ,1448,ÿÿÿÿÿÿÿÿÿÿþ
þĀÿÿÿ,780,ÿÿÿÿÿÿÿÿÿÿÿÿÿÿÿÿÿþ,1449,þĀÿÿÿÿ
ÿÿÿÿÿÿÿÿÿÿÿÿÿÿÿÿÿþ,1214,ýĀĀÿ,1450,ÿÿÿÿÿÿÿÿÿÿÿÿÿÿÿÿÿþý
ýĀĀÿ,874,ÿÿÿû,1451,ýĀĀÿÿ
ÿÿÿû,229,å,1452,ÿÿÿûå
å,158,,1453,å
,257,ā,1454,ā
ā,299,ī,1455,āī
ī,287,ğ,1456,īğ
ğ,285,ĝ,1457,ğĝ
ĝ,265,ĉ,1458,ĝĉ
ĉ,251,û,1459,ĉû
û,255,ÿ,1460,ûÿ
ÿ,248,ø,1461,ÿø
ø,701,þý,1462,øþ
þý,1292,üý,1463,þýü
üý,253,ý,1464,üýý
ý,249,ù,1465,ýù
ù,256,Ā,1466,ùĀ
Ā,1076,ûĀ,1467,Āû
ûĀ,1287,þù,1468,ûĀþ
þù,1287,þù,1469,þùþ
þù,242,ò,1470,þùò
ò,825,ûú,1471,òû
ûú,1232,üü,1472,ûúü
üü,513,ÿÿ,1473,üüÿ
ÿÿ,231,ç,1474,ÿÿç
ç,221,Ý,1475,çÝ
Ý,322,ł,1476,Ýł
ł,317,Ľ,1477,łĽ
Ľ,262,Ć,1478,ĽĆ
Ć,546,ĀĀ,1479,ĆĀ
ĀĀ,250,ú,1480,ĀĀú
ú,260,Ą,1481,úĄ
Ą,1274,ÿĀÿÿÿÿÿÿÿÿ,1482,Ąÿ
ÿĀÿÿÿÿÿÿÿÿ,734,ÿÿÿÿÿÿÿÿÿÿÿÿÿÿÿÿÿÿÿÿÿÿÿÿÿÿÿÿÿþ,1483,ÿĀÿÿÿÿÿÿÿÿÿ
ÿÿÿÿÿÿÿÿÿÿÿÿÿÿÿÿÿÿÿÿÿÿÿÿÿÿÿÿÿþ,695,ÿÿÿÿÿÿÿÿÿÿÿÿÿĀ,1484,ÿÿÿÿÿÿÿÿÿÿÿÿÿÿÿÿÿÿÿÿÿÿÿÿÿÿÿÿÿþÿ
ÿÿÿÿÿÿÿÿÿÿÿÿÿĀ,1136,þþÿĀþÿ,1485,ÿÿÿÿÿÿÿÿÿÿÿÿÿĀþ
þþÿĀþÿ,682,ĀÿþĀ,1486,þþÿĀþÿĀ
ĀÿþĀ,542,ÿý,1487,ĀÿþĀÿ
ÿý,1336,Āþý,1488,ÿýĀ
Āþý,251,û,1489,Āþýû
û,224,à,1490,ûà
à,195,Ã,1491,àÃ
Ã,218,Ú,1492,ÃÚ
Ú,264,Ĉ,1493,ÚĈ
Ĉ,283,ě,1494,Ĉě
ě,281,ę,1495,ěę
ę,264,Ĉ,1496,ęĈ
Ĉ,941,þýÿ,1497,Ĉþ
þýÿ,1166,āýā,1498,þýÿā
āýā,934,Āÿû,1499,āýāĀ
Āÿû,253,ý,1500,Āÿûý
ý,1415,ăć,1501,ýă
ăć,1068,đċ,1502,ăćđ
đċ,268,Č,1503,đċČ
Č,1242,Ĉā,1504,ČĈ
Ĉā,545,ÿÿĀ,1505,Ĉāÿ
ÿÿĀ,888,āÿÿÿ,1506,ÿÿĀā
āÿÿÿ,614,ĀÿÿÿĀ,1507,āÿÿÿĀ
ĀÿÿÿĀ,716,ÿÿÿþÿ,1508,ĀÿÿÿĀÿ
ÿÿÿþÿ,535,ÿÿÿÿĀÿ,1509,ÿÿÿþÿÿ
ÿÿÿÿĀÿ,718,ÿÿþÿ,1510,ÿÿÿÿĀÿÿ
ÿÿþÿ,735,þþā,1511,ÿÿþÿþ
þþā,879,ÿü,1512,þþāÿ
ÿü,998,Ăý,1513,ÿüĂ
Ăý,253,ý,1514,Ăýý
ý,247,÷,1515,ý÷
÷,226,â,1516,÷â
â,216,Ø,1517,âØ
Ø,1158,ÿþý,1518,Øÿ
ÿþý,1286,Ćþ,1519,ÿþýĆ
Ćþ,259,ă,1520,Ćþă
ă,1501,ýă,1521,ăý
ýă,1464,üýý,1522,ýăü
üýý,251,û,1523,üýýû
û,709,Ăÿ,1524,ûĂ
Ăÿ,1049,ùą,1525,Ăÿù
ùą,266,Ċ,1526,ùąĊ
Ċ,761,āĄ,1527,Ċā
āĄ,249,ù,1528,āĄù
ù,228,ä,1529,ùä
ä,224,à,1530,äà
à,243,ó,1531,àó
ó,288,Ġ,1532,óĠ
Ġ,317,Ľ,1533,ĠĽ
Ľ,289,ġ,1534,Ľġ
ġ,761,āĄ,1535,ġā
āĄ,653,Āý,1536,āĄĀ
Āý,1130,āý,1537,Āýā
āý,575,ĀĀþ,1538,āýĀ
ĀĀþ,599,ĀþÿÿĀ,1539,ĀĀþĀ
ĀþÿÿĀ,656,ÿÿÿÿÿÿÿĀ,1540,ĀþÿÿĀÿ
ÿÿÿÿÿÿÿĀ,1509,ÿÿÿþÿÿ,1541,ÿÿÿÿÿÿÿĀÿ
ÿÿÿþÿÿ,636,ÿÿÿĀþÿ,1542,ÿÿÿþÿÿÿ
ÿÿÿĀþÿ,1483,ÿĀÿÿÿÿÿÿÿÿÿ,1543,ÿÿÿĀþÿÿ
ÿĀÿÿÿÿÿÿÿÿÿ,562,ÿÿÿÿÿþÿ,1544,ÿĀÿÿÿÿÿÿÿÿÿÿ
ÿÿÿÿÿþÿ,559,þÿĀÿ,1545,ÿÿÿÿÿþÿþ
þÿĀÿ,1460,ûÿ,1546,þÿĀÿû
ûÿ,241,ñ,1547,ûÿñ
ñ,154,,1548,ñ
,248,ø,1549,ø
ø,304,İ,1550,øİ
İ,923,Ğĝ,1551,İĞ
Ğĝ,260,Ą,1552,ĞĝĄ
Ą,258,Ă,1553,ĄĂ
Ă,1379,÷þ,1554,Ă÷
÷þ,1254,ýûý,1555,÷þý
ýûý,1292,üý,1556,ýûýü
üý,251,û,1557,üýû
û,991,ýýĀ,1558,ûý
ýýĀ,802,ýý,1559,ýýĀý
ýý,1385,úý,1560,ýýú
úý,252,ü,1561,úýü
ü,1120,÷ù,1562,ü÷
÷ù,246,ö,1563,÷ùö
ö,1130,āý,1564,öā
āý,248,ø,1565,āýø
ø,257,ā,1566,øā
ā,252,ü,1567,āü
ü,233,é,1568,üé
é,217,Ù,1569,éÙ
Ù,333,ō,1570,Ùō
ō,314,ĺ,1571,ōĺ
ĺ,1482,Ąÿ,1572,ĺĄ
Ąÿ,1400,ýāÿ,1573,Ąÿý
ýāÿ,1395,Āÿÿÿÿÿÿÿÿÿÿÿÿÿÿ,1574,ýāÿĀ
Āÿÿÿÿÿÿÿÿÿÿÿÿÿÿ,609,ÿÿÿÿÿÿÿÿÿÿÿÿÿÿÿÿÿÿÿÿÿÿÿ,1575,Āÿÿÿÿÿÿÿÿÿÿÿÿÿÿÿ
ÿÿÿÿÿÿÿÿÿÿÿÿÿÿÿÿÿÿÿÿÿÿÿ,1424,þÿÿÿÿÿÿÿÿÿÿ,1576,ÿÿÿÿÿÿÿÿÿÿÿÿÿÿÿÿÿÿÿÿÿÿÿþ
þÿÿÿÿÿÿÿÿÿÿ,530,ÿÿÿÿĀ,1577,þÿÿÿÿÿÿÿÿÿÿÿ
ÿÿÿÿĀ,523,þÿ,1578,ÿÿÿÿĀþ
þÿ,1049,ùą,1579,þÿù
ùą,1220,Āýÿ,1580,ùąĀ
Āýÿ,855,ÿĀþ,1581,Āýÿÿ
ÿĀþ,1560,ýýú,1582,ÿĀþý
ýýú,226,â,1583,ýýúâ
â,189,½,1584,â½
½,222,Þ,1585,½Þ
Þ,273,đ,1586,Þđ
đ,279,ė,1587,đė
ė,284,Ĝ,1588,ėĜ
Ĝ,259,ă,1589,Ĝă
ă,254,þ,1590,ăþ
þ,1076,ûĀ,1591,þû
ûĀ,709,Ăÿ,1592,ûĀĂ
Ăÿ,962,üă,1593,Ăÿü
üă,861,ûü,1594,üăû
ûü,259,ă,1595,ûüă
ă,268,Č,1596,ăČ
Č,273,đ,1597,Čđ
đ,270,Ď,1598,đĎ
Ď,264,Ĉ,1599,ĎĈ
Ĉ,262,Ć,1600,ĈĆ
Ć,881,āĀĀ,1601,Ćā
āĀĀ,652,þÿĀĀ,1602,āĀĀþ
þÿĀĀ,675,ÿÿÿÿÿÿÿÿÿÿÿÿþ,1603,þÿĀĀÿ
ÿÿÿÿÿÿÿÿÿÿÿÿþ,730,ÿÿÿÿÿĀþ,1604,ÿÿÿÿÿÿÿÿÿÿÿÿþÿ
ÿÿÿÿÿĀþ,850,Āÿÿþ,1605,ÿÿÿÿÿĀþĀ
Āÿÿþ,649,þÿþ,1606,Āÿÿþþ
þÿþ,1016,āþÿ,1607,þÿþā
āþÿ,755,øü,1608,āþÿø
øü,205,Í,1609,øüÍ
Í,230,æ,1610,Íæ
æ,1035,Ąý,1611,æĄ
Ąý,840,ćĂ,1612,Ąýć
ćĂ,236,ì,1613,ćĂì
ì,1298,ìâ,1614,ìì
ìâ,236,ì,1615,ìâì
ì,252,ü,1616,ìü
ü,265,ĉ,1617,üĉ
ĉ,276,Ĕ,1618,ĉĔ
Ĕ,286,Ğ,1619,ĔĞ
Ğ,275,ē,1620,Ğē
ē,262,Ć,1621,ēĆ
Ć,247,÷,1622,Ć÷
÷,998,Ăý,1623,÷Ă
Ăý,251,û,1624,Ăýû
û,268,Č,1625,ûČ
Č,1015,Ăÿā,1626,ČĂ
Ăÿā,252,ü,1627,Ăÿāü
ü,234,ê,1628,üê
ê,223,ß,1629,êß
ß,237,í,1630,ßí
í,291,ģ,1631,íģ
ģ,318,ľ,1632,ģľ
ľ,287,ğ,1633,ľğ
ğ,1243,āă,1634,ğā
āă,1361,Āÿÿý,1635,āăĀ
Āÿÿý,1521,ăý,1636,Āÿÿýă
ăý,931,ÿÿĀÿÿ,1637,ăýÿ
ÿÿĀÿÿ,621,ÿÿÿÿÿĀ,1638,ÿÿĀÿÿÿ
ÿÿÿÿÿĀ,642,ÿÿÿÿÿþÿÿ,1639,ÿÿÿÿÿĀÿ
ÿÿÿÿÿþÿÿ,670,ÿÿĀþÿÿ,1640,ÿÿÿÿÿþÿÿÿ
ÿÿĀþÿÿ,1575,Āÿÿÿÿÿÿÿÿÿÿÿÿÿÿÿ,1641,ÿÿĀþÿÿĀ
Āÿÿÿÿÿÿÿÿÿÿÿÿÿÿÿ,1335,þÿþĀ,1642,Āÿÿÿÿÿÿÿÿÿÿÿÿÿÿÿþ
þÿþĀ,1467,Āû,1643,þÿþĀĀ
Āû,247,÷,1644,Āû÷
÷,168,¨,1645,÷¨
¨,224,à,1646,¨à
à,302,Į,1647,àĮ
Į,282,Ě,1648,ĮĚ
Ě,300,Ĭ,1649,ĚĬ
Ĭ,1076,ûĀ,1650,Ĭû
ûĀ,256,Ā,1651,ûĀĀ
Ā,1232,üü,1652,Āü
üü,1232,üü,1653,üüü
üü,251,û,1654,üüû
û,1591,þû,1655,ûþ
þû,1292,üý,1656,þûü
üý,1336,Āþý,1657,üýĀ
Āþý,252,ü,1658,Āþýü
ü,1558,ûý,1659,üû
ûý,829,úø,1660,ûýú
úø,251,û,1661,úøû
û,1655,ûþ,1662,ûû
ûþ,252,ü,1663,ûþü
ü,1566,øā,1664,üø
øā,257,ā,1665,øāā
ā,248,ø,1666,āø
ø,228,ä,1667,øä
ä,231,ç,1668,äç
ç,356,Ť,1669,çŤ
Ť,285,ĝ,1670,Ťĝ
ĝ,254,þ,1671,ĝþ
þ,1183,ăÿÿ,1672,þă
ăÿÿ,1575,Āÿÿÿÿÿÿÿÿÿÿÿÿÿÿÿ,1673,ăÿÿĀ
Āÿÿÿÿÿÿÿÿÿÿÿÿÿÿÿ,779,ÿÿÿÿÿÿÿÿÿÿÿÿÿÿÿÿÿÿÿÿÿÿÿÿÿÿÿÿÿÿÿ,1674,Āÿÿÿÿÿÿÿÿÿÿÿÿÿÿÿÿ
ÿÿÿÿÿÿÿÿÿÿÿÿÿÿÿÿÿÿÿÿÿÿÿÿÿÿÿÿÿÿÿ,676,þþÿĀ,1675,ÿÿÿÿÿÿÿÿÿÿÿÿÿÿÿÿÿÿÿÿÿÿÿÿÿÿÿÿÿÿÿþ
þþÿĀ,1581,Āýÿÿ,1676,þþÿĀĀ
Āýÿÿ,934,Āÿû,1677,ĀýÿÿĀ
Āÿû,963,ăÿþ,1678,Āÿûă
ăÿþ,529,Āÿ,1679,ăÿþĀ
Āÿ,252,ü,1680,Āÿü
ü,250,ú,1681,üú
ú,223,ß,1682,úß
ß,191,¿,1683,ß¿
¿,221,Ý,1684,¿Ý
Ý,273,đ,1685,Ýđ
đ,290,Ģ,1686,đĢ
Ģ,839,đć,1687,Ģđ
đć,247,÷,1688,đć÷
÷,888,āÿÿÿ,1689,÷ā
āÿÿÿ,602,þþĀ,1690,āÿÿÿþ
þþĀ,252,ü,1691,þþĀü
ü,269,č,1692,üč
č,277,ĕ,1693,čĕ
ĕ,269,č,1694,ĕč
č,266,Ċ,1695,čĊ
Ċ,259,ă,1696,Ċă
ă,1422,ĀÿĀĀ,1697,ăĀ
ĀÿĀĀ,738,ĀÿĀþ,1698,ĀÿĀĀĀ
ĀÿĀþ,1394,ÿþĀĀ,1699,ĀÿĀþÿ
ÿþĀĀ,1448,ÿÿÿÿÿÿÿÿÿÿþ,1700,ÿþĀĀÿ
ÿÿÿÿÿÿÿÿÿÿþ,725,ÿÿÿþĀÿÿ,1701,ÿÿÿÿÿÿÿÿÿÿþÿ
ÿÿÿþĀÿÿ,782,ĀþÿÿþĀ,1702,ÿÿÿþĀÿÿĀ
ĀþÿÿþĀ,542,ÿý,1703,ĀþÿÿþĀÿ
ÿý,595,þþ,1704,ÿýþ
þþ,244,ô,1705,þþô
ô,200,È,1706,ôÈ
È,242,ò,1707,Èò
ò,1482,Ąÿ,1708,òĄ
Ąÿ,259,ă,1709,Ąÿă
ă,218,Ú,1710,ăÚ
Ú,199,Ç,1711,ÚÇ
Ç,200,È,1712,ÇÈ
È,231,ç,1713,Èç
ç,831,ûā,1714,çû
ûā,543,ýĀ,1715,ûāý
ýĀ,814,ĂĄ,1716,ýĀĂ
ĂĄ,288,Ġ,1717,ĂĄĠ
Ġ,315,Ļ,1718,ĠĻ
Ļ,312,ĸ,1719,Ļĸ
ĸ,273,đ,1720,ĸđ
đ,1462,øþ,1721,đø
øþ,252,ü,1722,øþü
ü,267,ċ,1723,üċ
ċ,263,ć,1724,ċć
ć,526,Āþ,1725,ćĀ
Āþ,998,Ăý,1726,ĀþĂ
Ăý,232,è,1727,Ăýè
è,220,Ü,1728,èÜ
Ü,239,ï,1729,Üï
ï,287,ğ,1730,ïğ
ğ,325,Ņ,1731,ğŅ
Ņ,283,ě,1732,Ņě
ě,256,Ā,1733,ěĀ
Ā,1697,ăĀ,1734,Āă
ăĀ,1017,ÿÿþĀÿÿ,1735,ăĀÿ
ÿÿþĀÿÿ,563,ÿÿĀÿ,1736,ÿÿþĀÿÿÿ
ÿÿĀÿ,850,Āÿÿþ,1737,ÿÿĀÿĀ
Āÿÿþ,1578,ÿÿÿÿĀþ,1738,Āÿÿþÿ
ÿÿÿÿĀþ,1739,ÿÿÿÿĀþÿ,1739,ÿÿÿÿĀþÿ
ÿÿÿÿĀþÿ,1544,ÿĀÿÿÿÿÿÿÿÿÿÿ,1740,ÿÿÿÿĀþÿÿ
ÿĀÿÿÿÿÿÿÿÿÿÿ,741,ÿÿÿÿþÿþ,1741,ÿĀÿÿÿÿÿÿÿÿÿÿÿ
ÿÿÿÿþÿþ,736,āþþ,1742,ÿÿÿÿþÿþā
āþþ,252,ü,1743,āþþü
ü,195,Ã,1744,üÃ
Ã,181,µ,1745,Ãµ
µ,302,Į,1746,µĮ
Į,289,ġ,1747,Įġ
ġ,295,ħ,1748,ġħ
ħ,832,āć,1749,ħā
āć,1722,øþü,1750,āćø
øþü,702,ýü,1751,øþüý
ýü,1659,üû,1752,ýüü
üû,1464,üýý,1753,üûü
üýý,1410,þÿü,1754,üýýþ
þÿü,1376,þüû,1755,þÿüþ
þüû,861,ûü,1756,þüûû
ûü,249,ù,1757,ûüù
ù,248,ø,1758,ùø
ø,1198,Ąþ,1759,øĄ
Ąþ,1250,ùû,1760,Ąþù
ùû,756,üþ,1761,ùûü
üþ,257,ā,1762,üþā
ā,249,ù,1763,āù
ù,206,Î,1764,ùÎ
Î,286,Ğ,1765,ÎĞ
Ğ,349,ŝ,1766,Ğŝ
ŝ,820,ăĂ,1767,ŝă
ăĂ,1467,Āû,1768,ăĂĀ
Āû,1183,ăÿÿ,1769,Āûă
ăÿÿ,1363,ÿÿÿÿÿÿÿÿÿÿÿÿÿÿÿÿÿÿÿÿÿÿÿÿÿÿÿÿÿÿÿÿÿÿÿÿÿÿÿÿÿÿÿ,1770,ăÿÿÿ
ÿÿÿÿÿÿÿÿÿÿÿÿÿÿÿÿÿÿÿÿÿÿÿÿÿÿÿÿÿÿÿÿÿÿÿÿÿÿÿÿÿÿÿ,1078,ÿþþÿĀ,1771,ÿÿÿÿÿÿÿÿÿÿÿÿÿÿÿÿÿÿÿÿÿÿÿÿÿÿÿÿÿÿÿÿÿÿÿÿÿÿÿÿÿÿÿÿ
ÿþþÿĀ,610,ÿþÿÿÿÿ,1772,ÿþþÿĀÿ
ÿþÿÿÿÿ,524,ÿþ,1773,ÿþÿÿÿÿÿ
ÿþ,860,Ăû,1774,ÿþĂ
Ăû,542,ÿý,1775,Ăûÿ
ÿý,234,ê,1776,ÿýê
ê,184,¸,1777,ê¸
¸,216,Ø,1778,¸Ø
Ø,265,ĉ,1779,Øĉ
ĉ,301,ĭ,1780,ĉĭ
ĭ,270,Ď,1781,ĭĎ
Ď,513,ÿÿ,1782,Ďÿ
ÿÿ,251,û,1783,ÿÿû
û,260,Ą,1784,ûĄ
Ą,1762,üþā,1785,Ąü
üþā,1346,āû,1786,üþāā
āû,262,Ć,1787,āûĆ
Ć,269,č,1788,Ćč
č,1496,ęĈ,1789,čę
ęĈ,1479,ĆĀ,1790,ęĈĆ
ĆĀ,822,ĀĀÿ,1791,ĆĀĀ
ĀĀÿ,544,Āþÿÿ,1792,ĀĀÿĀ
Āþÿÿ,709,Ăÿ,1793,ĀþÿÿĂ
Ăÿ,698,þÿý,1794,Ăÿþ
þÿý,1246,āĀÿÿ,1795,þÿýā
āĀÿÿ,601,ÿÿÿÿÿÿÿÿþ,1796,āĀÿÿÿ
ÿÿÿÿÿÿÿÿþ,1702,ÿÿÿþĀÿÿĀ,1797,ÿÿÿÿÿÿÿÿþÿ
ÿÿÿþĀÿÿĀ,1308,þÿÿÿÿü,1798,ÿÿÿþĀÿÿĀþ
þÿÿÿÿü,653,Āý,1799,þÿÿÿÿüĀ
Āý,245,õ,1800,Āýõ
õ,198,Æ,1801,õÆ
Æ,242,ò,1802,Æò
ò,258,Ă,1803,òĂ
Ă,259,ă,1804,Ăă
ă,238,î,1805,ăî
î,173,­,1806,î­
­,194,Â,1807,­Â
Â,242,ò,1808,Âò
ò,1467,Āû,1809,òĀ
Āû,997,þÿĂ,1810,Āûþ
þÿĂ,537,þÿÿÿ,1811,þÿĂþ
þÿÿÿ,258,Ă,1812,þÿÿÿĂ
Ă,284,Ĝ,1813,ĂĜ
Ĝ,332,Ō,1814,ĜŌ
Ō,312,ĸ,1815,Ōĸ
ĸ,269,č,1816,ĸč
č,245,õ,1817,čõ
õ,261,ą,1818,õą
ą,250,ú,1819,ąú
ú,272,Đ,1820,úĐ
Đ,831,ûā,1821,Đû
ûā,252,ü,1822,ûāü
ü,1785,Ąü,1823,üĄ
Ąü,239,ï,1824,Ąüï
ï,215,×,1825,ï×
×,242,ò,1826,×ò
ò,300,Ĭ,1827,òĬ
Ĭ,318,ľ,1828,Ĭľ
ľ,277,ĕ,1829,ľĕ
ĕ,989,āĂ,1830,ĕā
āĂ,1220,Āýÿ,1831,āĂĀ
Āýÿ,773,ĀÿÿĀÿ,1832,ĀýÿĀ
ĀÿÿĀÿ,1187,ÿĀÿþ,1833,ĀÿÿĀÿÿ
ÿĀÿþ,517,ÿÿÿÿÿÿ,1834,ÿĀÿþÿ
ÿÿÿÿÿÿ,993,Āÿþÿ,1835,ÿÿÿÿÿÿĀ
Āÿþÿ,1741,ÿĀÿÿÿÿÿÿÿÿÿÿÿ,1836,Āÿþÿÿ
ÿĀÿÿÿÿÿÿÿÿÿÿÿ,1185,ÿÿÿÿÿÿÿþÿ,1837,ÿĀÿÿÿÿÿÿÿÿÿÿÿÿ
ÿÿÿÿÿÿÿþÿ,1247,ÿÿþý,1838,ÿÿÿÿÿÿÿþÿÿ
ÿÿþý,229,å,1839,ÿÿþýå
å,150,,1840,å
,284,Ĝ,1841,Ĝ
Ĝ,292,Ĥ,1842,ĜĤ
Ĥ,299,ī,1843,Ĥī
ī,871,ČĄ,1844,īČ
ČĄ,245,õ,1845,ČĄõ
õ,1554,Ă÷,1846,õĂ
Ă÷,257,ā,1847,Ă÷ā
ā,1385,úý,1848,āú
úý,803,ýû,1849,úýý
ýû,756,üþ,1850,ýûü
üþ,705,ýÿÿ,1851,üþý
ýÿÿ,250,ú,1852,ýÿÿú
ú,756,üþ,1853,úü
üþ,1290,úú,1854,üþú
úú,1753,üûü,1855,úúü
üûü,1514,Ăýý,1856,üûüĂ
Ăýý,254,þ,1857,Ăýýþ
þ,250,ú,1858,þú
ú,247,÷,1859,ú÷
÷,538,ÿĀ,1860,÷ÿ
ÿĀ,239,ï,1861,ÿĀï
ï,212,Ô,1862,ïÔ
Ô,357,ť,1863,Ôť
ť,291,ģ,1864,ťģ
ģ,258,Ă,1865,ģĂ
Ă,1260,üā,1866,Ăü
üā,1674,Āÿÿÿÿÿÿÿÿÿÿÿÿÿÿÿÿ,1867,üāĀ
Āÿÿÿÿÿÿÿÿÿÿÿÿÿÿÿÿ,1675,ÿÿÿÿÿÿÿÿÿÿÿÿÿÿÿÿÿÿÿÿÿÿÿÿÿÿÿÿÿÿÿþ,1868,Āÿÿÿÿÿÿÿÿÿÿÿÿÿÿÿÿÿ
ÿÿÿÿÿÿÿÿÿÿÿÿÿÿÿÿÿÿÿÿÿÿÿÿÿÿÿÿÿÿÿþ,1836,Āÿþÿÿ,1869,ÿÿÿÿÿÿÿÿÿÿÿÿÿÿÿÿÿÿÿÿÿÿÿÿÿÿÿÿÿÿÿþĀ
Āÿþÿÿ,1834,ÿĀÿþÿ,1870,Āÿþÿÿÿ
ÿĀÿþÿ,1199,þü,1871,ÿĀÿþÿþ
þü,240,ð,1872,þüð
ð,195,Ã,1873,ðÃ
Ã,203,Ë,1874,ÃË
Ë,263,ć,1875,Ëć
ć,289,ġ,1876,ćġ
ġ,279,ė,1877,ġė
ė,542,ÿý,1878,ėÿ
ÿý,685,āÿþ,1879,ÿýā
āÿþ,1501,ýă,1880,āÿþý
ýă,1591,þû,1881,ýăþ
þû,266,Ċ,1882,þûĊ
Ċ,278,Ė,1883,ĊĖ
Ė,277,ĕ,1884,Ėĕ
ĕ,265,ĉ,1885,ĕĉ
ĉ,1271,ĀĀÿþ,1886,ĉĀ
ĀĀÿþ,710,ÿā,1887,ĀĀÿþÿ
ÿā,622,Āþÿÿÿÿ,1888,ÿāĀ
Āþÿÿÿÿ,936,Āÿÿÿÿÿÿÿÿÿÿÿÿÿ,1889,ĀþÿÿÿÿĀ
Āÿÿÿÿÿÿÿÿÿÿÿÿÿ,557,þÿÿÿÿÿ,1890,Āÿÿÿÿÿÿÿÿÿÿÿÿÿþ
þÿÿÿÿÿ,650,þÿÿÿĀ,1891,þÿÿÿÿÿþ
þÿÿÿĀ,565,þĀÿ,1892,þÿÿÿĀþ
þĀÿ,1052,ýāý,1893,þĀÿý
ýāý,1060,þô,1894,ýāýþ
þô,203,Ë,1895,þôË
Ë,239,ï,1896,Ëï
ï,907,ąĂ,1897,ïą
ąĂ,199,Ç,1898,ąĂÇ
Ç,160, ,1899,Ç 
 ,230,æ,1900, æ
æ,703,üÿ,1901,æü
üÿ,1672,þă,1902,üÿþ
þă,250,ú,1903,þăú
ú,888,āÿÿÿ,1904,úā
āÿÿÿ,573,ÿþÿÿ,1905,āÿÿÿÿ
ÿþÿÿ,257,ā,1906,ÿþÿÿā
ā,309,ĵ,1907,āĵ
ĵ,353,š,1908,ĵš
š,278,Ė,1909,šĖ
Ė,1118,úÿ,1910,Ėú
úÿ,264,Ĉ,1911,úÿĈ
Ĉ,1725,ćĀ,1912,Ĉć
ćĀ,1260,üā,1913,ćĀü
üā,248,ø,1914,üāø
ø,263,ć,1915,øć
ć,250,ú,1916,ćú
ú,233,é,1917,úé
é,1518,Øÿ,1918,éØ
Øÿ,314,ĺ,1919,Øÿĺ
ĺ,307,ĳ,1920,ĺĳ
ĳ,268,Č,1921,ĳČ
Č,1735,ăĀÿ,1922,Čă
ăĀÿ,1736,ÿÿþĀÿÿÿ,1923,ăĀÿÿ
ÿÿþĀÿÿÿ,1186,ÿÿþÿÿÿ,1924,ÿÿþĀÿÿÿÿ
ÿÿþÿÿÿ,773,ĀÿÿĀÿ,1925,ÿÿþÿÿÿĀ
ĀÿÿĀÿ,687,þÿÿÿÿÿĀ,1926,ĀÿÿĀÿþ
þÿÿÿÿÿĀ,560,ÿÿÿÿÿÿÿÿÿÿÿÿÿÿÿ,1927,þÿÿÿÿÿĀÿ
ÿÿÿÿÿÿÿÿÿÿÿÿÿÿÿ,691,þĀþ,1928,ÿÿÿÿÿÿÿÿÿÿÿÿÿÿÿþ
þĀþ,1664,üø,1929,þĀþü
üø,160, ,1930,üø 
 ,235,ë,1931, ë
ë,306,Ĳ,1932,ëĲ
Ĳ,280,Ę,1933,ĲĘ
Ę,294,Ħ,1934,ĘĦ
Ħ,252,ü,1935,Ħü
ü,261,ą,1936,üą
ą,754,øø,1937,ąø
øø,259,ă,1938,øøă
ă,825,ûú,1939,ăû
ûú,1140,ýüý,1940,ûúý
ýüý,1292,üý,1941,ýüýü
üý,1158,ÿþý,1942,üýÿ
ÿþý,1662,ûû,1943,ÿþýû
ûû,744,ýú,1944,ûûý
ýú,1850,ýûü,1945,ýúý
ýûü,1567,āü,1946,ýûüā
āü,743,þÿþý,1947,āüþ
þÿþý,861,ûü,1948,þÿþýû
ûü,248,ø,1949,ûüø
ø,258,Ă,1950,øĂ
Ă,204,Ì,1951,ĂÌ
Ì,294,Ħ,1952,ÌĦ
Ħ,344,Ř,1953,ĦŘ
Ř,1035,Ąý,1954,ŘĄ
Ąý,629,ÿĀĀ,1955,Ąýÿ
ÿĀĀ,1771,ÿÿÿÿÿÿÿÿÿÿÿÿÿÿÿÿÿÿÿÿÿÿÿÿÿÿÿÿÿÿÿÿÿÿÿÿÿÿÿÿÿÿÿÿ,1956,ÿĀĀÿ
ÿÿÿÿÿÿÿÿÿÿÿÿÿÿÿÿÿÿÿÿÿÿÿÿÿÿÿÿÿÿÿÿÿÿÿÿÿÿÿÿÿÿÿÿ,627,ÿþÿÿÿĀ,1957,ÿÿÿÿÿÿÿÿÿÿÿÿÿÿÿÿÿÿÿÿÿÿÿÿÿÿÿÿÿÿÿÿÿÿÿÿÿÿÿÿÿÿÿÿÿ
ÿþÿÿÿĀ,1308,þÿÿÿÿü,1958,ÿþÿÿÿĀþ
þÿÿÿÿü,255,ÿ,1959,þÿÿÿÿüÿ
ÿ,251,û,1960,ÿû
û,207,Ï,1961,ûÏ
Ï,183,·,1962,Ï·
·,249,ù,1963,·ù
ù,923,Ğĝ,1964,ùĞ
Ğĝ,1601,Ćā,1965,ĞĝĆ
Ćā,1260,üā,1966,Ćāü
üā,802,ýý,1967,üāý
ýý,860,Ăû,1968,ýýĂ
Ăû,256,Ā,1969,ĂûĀ
Ā,270,Ď,1970,ĀĎ
Ď,284,Ĝ,1971,ĎĜ
Ĝ,272,Đ,1972,ĜĐ
Đ,1697,ăĀ,1973,Đă
ăĀ,1507,āÿÿÿĀ,1974,ăĀā
āÿÿÿĀ,1247,ÿÿþý,1975,āÿÿÿĀÿ
ÿÿþý,552,ÿĀÿ,1976,ÿÿþýÿ
ÿĀÿ,590,Āÿÿÿÿÿ,1977,ÿĀÿĀ
Āÿÿÿÿÿ,600,Āÿÿÿÿÿÿ,1978,ĀÿÿÿÿÿĀ
Āÿÿÿÿÿÿ,661,þÿþÿ,1979,Āÿÿÿÿÿÿþ
þÿþÿ,563,ÿÿĀÿ,1980,þÿþÿÿ
ÿÿĀÿ,886,þĀþÿÿ,1981,ÿÿĀÿþ
þĀþÿÿ,855,ÿĀþ,1982,þĀþÿÿÿ
ÿĀþ,1947,āüþ,1983,ÿĀþā
āüþ,250,ú,1984,āüþú
ú,209,Ñ,1985,úÑ
Ñ,225,á,1986,Ñá
á,1243,āă,1987,áā
āă,180,´,1988,āă´
´,164,¤,1989,´¤
¤,1288,ùÿ,1990,¤ù
ùÿ,831,ûā,1991,ùÿû
ûā,613,ÿþÿĀ,1992,ûāÿ
ÿþÿĀ,1335,þÿþĀ,1993,ÿþÿĀþ
þÿþĀ,1432,āýÿ,1994,þÿþĀā
āýÿ,707,āā,1995,āýÿā
āā,284,Ĝ,1996,āāĜ
Ĝ,364,Ŭ,1997,ĜŬ
Ŭ,289,ġ,1998,Ŭġ
ġ,827,þø,1999,ġþ
þø,269,č,2000,þøč
č,261,ą,2001,čą
ą,1823,üĄ,2002,ąü
üĄ,1292,üý,2003,üĄü
üý,1035,Ąý,2004,üýĄ
Ąý,251,û,2005,Ąýû
û,222,Þ,2006,ûÞ
Þ,218,Ú,2007,ÞÚ
Ú,274,Ē,2008,ÚĒ
Ē,329,ŉ,2009,Ēŉ
ŉ,1749,ħā,2010,ŉħ
ħā,255,ÿ,2011,ħāÿ
ÿ,1770,ăÿÿÿ,2012,ÿă
ăÿÿÿ,589,ÿÿÿÿÿÿÿÿÿÿÿÿĀ,2013,ăÿÿÿÿ
ÿÿÿÿÿÿÿÿÿÿÿÿĀ,1186,ÿÿþÿÿÿ,2014,ÿÿÿÿÿÿÿÿÿÿÿÿĀÿ
ÿÿþÿÿÿ,1837,ÿĀÿÿÿÿÿÿÿÿÿÿÿÿ,2015,ÿÿþÿÿÿÿ
ÿĀÿÿÿÿÿÿÿÿÿÿÿÿ,1058,ÿÿÿþý,2016,ÿĀÿÿÿÿÿÿÿÿÿÿÿÿÿ
ÿÿÿþý,1346,āû,2017,ÿÿÿþýā
āû,201,É,2018,āûÉ
É,170,ª,2019,Éª
ª,319,Ŀ,2020,ªĿ
Ŀ,268,Č,2021,ĿČ
Č,301,ĭ,2022,Čĭ
ĭ,265,ĉ,2023,ĭĉ
ĉ,1591,þû,2024,ĉþ
þû,795,þā,2025,þûþ
þā,1379,÷þ,2026,þā÷
÷þ,1561,úýü,2027,÷þú
úýü,1902,üÿþ,2028,úýüü
üÿþ,1426,üþü,2029,üÿþü
üþü,1654,üüû,2030,üþüü
üüû,826,úþ,2031,üüûú
úþ,1234,þüĀ,2032,úþþ
þüĀ,1992,ûāÿ,2033,þüĀû
ûāÿ,1473,üüÿ,2034,ûāÿü
üüÿ,825,ûú,2035,üüÿû
ûú,260,Ą,2036,ûúĄ
Ą,216,Ø,2037,ĄØ
Ø,244,ô,2038,Øô
ô,369,ű,2039,ôű
ű,262,Ć,2040,űĆ
Ć,959,ĂÿĀ,2041,ĆĂ
ĂÿĀ,1868,Āÿÿÿÿÿÿÿÿÿÿÿÿÿÿÿÿÿ,2042,ĂÿĀĀ
Āÿÿÿÿÿÿÿÿÿÿÿÿÿÿÿÿÿ,853,ÿÿÿÿÿÿÿÿÿÿÿÿÿþÿ,2043,Āÿÿÿÿÿÿÿÿÿÿÿÿÿÿÿÿÿÿ
ÿÿÿÿÿÿÿÿÿÿÿÿÿþÿ,651,Āÿÿÿþ,2044,ÿÿÿÿÿÿÿÿÿÿÿÿÿþÿĀ
Āÿÿÿþ,1541,ÿÿÿÿÿÿÿĀÿ,2045,Āÿÿÿþÿ
ÿÿÿÿÿÿÿĀÿ,739,þÿÿÿþ,2046,ÿÿÿÿÿÿÿĀÿþ
þÿÿÿþ,850,Āÿÿþ,2047,þÿÿÿþĀ
Āÿÿþ,251,û,2048,Āÿÿþû
û,228,ä,2049,ûä
ä,183,·,2050,ä·
·,219,Û,2051,·Û
Û,287,ğ,2052,Ûğ
ğ,291,ģ,2053,ğģ
ģ,1459,ĉû,2054,ģĉ
ĉû,785,ÿþÿþ,2055,ĉûÿ
ÿþÿþ,712,ĀĀĀ,2056,ÿþÿþĀ
ĀĀĀ,270,Ď,2057,ĀĀĀĎ
Ď,283,ě,2058,Ďě
ě,273,đ,2059,ěđ
đ,787,Āÿā,2060,đĀ
Āÿā,546,ĀĀ,2061,ĀÿāĀ
ĀĀ,1022,ýÿĀÿ,2062,ĀĀý
ýÿĀÿ,672,þÿÿĀĀ,2063,ýÿĀÿþ
þÿÿĀĀ,697,þÿþþ,2064,þÿÿĀĀþ
þÿþþ,783,ĀÿÿĀþ,2065,þÿþþĀ
ĀÿÿĀþ,1510,ÿÿÿÿĀÿÿ,2066,ĀÿÿĀþÿ
ÿÿÿÿĀÿÿ,593,ÿÿÿÿÿÿþ,2067,ÿÿÿÿĀÿÿÿ
ÿÿÿÿÿÿþ,1927,þÿÿÿÿÿĀÿ,2068,ÿÿÿÿÿÿþþ
þÿÿÿÿÿĀÿ,1704,ÿýþ,2069,þÿÿÿÿÿĀÿÿ
ÿýþ,224,à,2070,ÿýþà
à,205,Í,2071,àÍ
Í,263,ć,2072,Íć
ć,255,ÿ,2073,ćÿ
ÿ,164,¤,2074,ÿ¤
¤,173,­,2075,¤­
­,1258,üþÿ,2076,­ü
üþÿ,1734,Āă,2077,üþÿĀ
Āă,252,ü,2078,Āăü
ü,271,ď,2079,üď
ď,1148,ėĎ,2080,ďė
ėĎ,1652,Āü,2081,ėĎĀ
Āü,241,ñ,2082,Āüñ
ñ,225,á,2083,ñá
á,245,õ,2084,áõ
õ,644,āþ,2085,õā
āþ,1165,ýĀā,2086,āþý
ýĀā,272,Đ,2087,ýĀāĐ
Đ,366,Ů,2088,ĐŮ
Ů,301,ĭ,2089,Ůĭ
ĭ,1095,þĂ,2090,ĭþ
þĂ,1479,ĆĀ,2091,þĂĆ
ĆĀ,253,ý,2092,ĆĀý
ý,261,ą,2093,ýą
ą,861,ûü,2094,ąû
ûü,261,ą,2095,ûüą
ą,953,þĄ,2096,ąþ
þĄ,240,ð,2097,þĄð
ð,217,Ù,2098,ðÙ
Ù,230,æ,2099,Ùæ
æ,299,ī,2100,æī
ī,326,ņ,2101,īņ
ņ,272,Đ,2102,ņĐ
Đ,815,Ąā,2103,ĐĄ
Ąā,635,þÿÿĀþÿ,2104,Ąāþ
þÿÿĀþÿ,1639,ÿÿÿÿÿĀÿ,2105,þÿÿĀþÿÿ
ÿÿÿÿÿĀÿ,625,ÿþÿĀÿ,2106,ÿÿÿÿÿĀÿÿ
ÿþÿĀÿ,1398,þÿÿÿĀÿÿÿ,2107,ÿþÿĀÿþ
þÿÿÿĀÿÿÿ,553,ÿÿÿÿÿÿÿÿÿÿÿÿ,2108,þÿÿÿĀÿÿÿÿ
ÿÿÿÿÿÿÿÿÿÿÿÿ,758,üĀ,2109,ÿÿÿÿÿÿÿÿÿÿÿÿü
üĀ,862,üó,2110,üĀü
üó,145,,2111,üó
,272,Đ,2112,Đ
Đ,1371,ħĐ,2113,Đħ
ħĐ,295,ħ,2114,ħĐħ
ħ,709,Ăÿ,2115,ħĂ
Ăÿ,1623,÷Ă,2116,Ăÿ÷
÷Ă,1007,õĀ,2117,÷Ăõ
õĀ,1561,úýü,2118,õĀú
úýü,1460,ûÿ,2119,úýüû
ûÿ,524,ÿþ,2120,ûÿÿ
ÿþ,1292,üý,2121,ÿþü
üý,1561,úýü,2122,üýú
úýü,826,úþ,2123,úýüú
úþ,965,āÿü,2124,úþā
āÿü,2120,ûÿÿ,2125,āÿüû
ûÿÿ,823,ÿýý,2126,ûÿÿÿ
ÿýý,1659,üû,2127,ÿýýü
üû,1460,ûÿ,2128,üûû
ûÿ,237,í,2129,ûÿí
í,215,×,2130,í×
×,356,Ť,2131,×Ť
Ť,290,Ģ,2132,ŤĢ
Ģ,1080,ýāĀ,2133,Ģý
ýāĀ,2043,Āÿÿÿÿÿÿÿÿÿÿÿÿÿÿÿÿÿÿ,2134,ýāĀĀ
Āÿÿÿÿÿÿÿÿÿÿÿÿÿÿÿÿÿÿ,1604,ÿÿÿÿÿÿÿÿÿÿÿÿþÿ,2135,Āÿÿÿÿÿÿÿÿÿÿÿÿÿÿÿÿÿÿÿ
ÿÿÿÿÿÿÿÿÿÿÿÿþÿ,2045,Āÿÿÿþÿ,2136,ÿÿÿÿÿÿÿÿÿÿÿÿþÿĀ
Āÿÿÿþÿ,1835,ÿÿÿÿÿÿĀ,2137,Āÿÿÿþÿÿ
ÿÿÿÿÿÿĀ,549,þÿÿÿÿ,2138,ÿÿÿÿÿÿĀþ
þÿÿÿÿ,534,þÿÿ,2139,þÿÿÿÿþ
þÿÿ,1037,ýø,2140,þÿÿý
ýø,197,Å,2141,ýøÅ
Å,192,À,2142,ÅÀ
À,260,Ą,2143,ÀĄ
Ą,301,ĭ,2144,Ąĭ
ĭ,269,č,2145,ĭč
č,1095,þĂ,2146,čþ
þĂ,534,þÿÿ,2147,þĂþ
þÿÿ,1848,āú,2148,þÿÿā
āú,1008,Āē,2149,āúĀ
Āē,277,ĕ,2150,Āēĕ
ĕ,274,Ē,2151,ĕĒ
Ē,841,ĂĂ,2152,ĒĂ
ĂĂ,584,þĀÿþ,2153,ĂĂþ
þĀÿþ,855,ÿĀþ,2154,þĀÿþÿ
ÿĀþ,1893,þĀÿý,2155,ÿĀþþ
þĀÿý,685,āÿþ,2156,þĀÿýā
āÿþ,791,ĀÿĀÿÿ,2157,āÿþĀ
ĀÿĀÿÿ,969,þýā,2158,ĀÿĀÿÿþ
þýā,1639,ÿÿÿÿÿĀÿ,2159,þýāÿ
ÿÿÿÿÿĀÿ,602,þþĀ,2160,ÿÿÿÿÿĀÿþ
þþĀ,691,þĀþ,2161,þþĀþ
þĀþ,528,ĀþĀ,2162,þĀþĀ
ĀþĀ,1335,þÿþĀ,2163,ĀþĀþ
þÿþĀ,681,ÿÿÿþĀ,2164,þÿþĀÿ
ÿÿÿþĀ,236,ì,2165,ÿÿÿþĀì
ì,198,Æ,2166,ìÆ
Æ,250,ú,2167,Æú
ú,263,ć,2168,úć
ć,166,¦,2169,ć¦
¦,171,«,2170,¦«
«,949,úĀ,2171,«ú
úĀ,644,āþ,2172,úĀā
āþ,286,Ğ,2173,āþĞ
Ğ,325,Ņ,2174,ĞŅ
Ņ,1534,Ľġ,2175,ŅĽ
Ľġ,275,ē,2176,Ľġē
ē,1804,Ăă,2177,ēĂ
Ăă,252,ü,2178,Ăăü
ü,239,ï,2179,üï
ï,240,ð,2180,ïð
ð,213,Õ,2181,ðÕ
Õ,184,¸,2182,Õ¸
¸,190,¾,2183,¸¾
¾,243,ó,2184,¾ó
ó,758,üĀ,2185,óü
üĀ,256,Ā,2186,üĀĀ
Ā,268,Č,2187,ĀČ
Č,380,ż,2188,Čż
ż,292,Ĥ,2189,żĤ
Ĥ,248,ø,2190,Ĥø
ø,275,ē,2191,øē
ē,278,Ė,2192,ēĖ
Ė,242,ò,2193,Ėò
ò,239,ï,2194,òï
ï,258,Ă,2195,ïĂ
Ă,262,Ć,2196,ĂĆ
Ć,1564,öā,2197,Ćö
öā,685,āÿþ,2198,öāā
āÿþ,236,ì,2199,āÿþì
ì,209,Ñ,2200,ìÑ
Ñ,260,Ą,2201,ÑĄ
Ą,329,ŉ,2202,Ąŉ
ŉ,300,Ĭ,2203,ŉĬ
Ĭ,1129,ăā,2204,Ĭă
ăā,1099,āþÿÿ,2205,ăāā
āþÿÿ,1981,ÿÿĀÿþ,2206,āþÿÿÿ
ÿÿĀÿþ,612,ÿÿÿĀÿ,2207,ÿÿĀÿþÿ
ÿÿÿĀÿ,645,þĀÿÿ,2208,ÿÿÿĀÿþ
þĀÿÿ,1057,þÿÿĀÿÿÿ,2209,þĀÿÿþ
þÿÿĀÿÿÿ,722,ÿÿÿÿÿÿÿÿÿÿÿÿþþ,2210,þÿÿĀÿÿÿÿ
ÿÿÿÿÿÿÿÿÿÿÿÿþþ,252,ü,2211,ÿÿÿÿÿÿÿÿÿÿÿÿþþü
ü,189,½,2212,ü½
½,190,¾,2213,½¾
¾,309,ĵ,2214,¾ĵ
ĵ,265,ĉ,2215,ĵĉ
ĉ,292,Ĥ,2216,ĉĤ
Ĥ,280,Ę,2217,ĤĘ
Ę,2122,üýú,2218,Ęü
üýú,1296,ýýÿ,2219,üýúý
ýýÿ,249,ù,2220,ýýÿù
ù,1752,ýüü,2221,ùý
ýüü,534,þÿÿ,2222,ýüüþ
þÿÿ,1660,ûýú,2223,þÿÿû
ûýú,803,ýû,2224,ûýúý
ýû,1558,ûý,2225,ýûû
ûý,1129,ăā,2226,ûýă
ăā,1663,ûþü,2227,ăāû
ûþü,1655,ûþ,2228,ûþüû
ûþ,1096,ĂĀ,2229,ûþĂ
ĂĀ,825,ûú,2230,ĂĀû
ûú,1655,ûþ,2231,ûúû
ûþ,244,ô,2232,ûþô
ô,206,Î,2233,ôÎ
Î,1815,Ōĸ,2234,ÎŌ
Ōĸ,892,Ăþ,2235,ŌĸĂ
Ăþ,1393,Ăÿÿÿ,2236,ĂþĂ
Ăÿÿÿ,690,ÿÿÿÿÿÿÿÿÿÿÿÿÿÿÿÿÿÿÿÿÿÿÿÿÿÿÿÿþ,2237,Ăÿÿÿÿ
ÿÿÿÿÿÿÿÿÿÿÿÿÿÿÿÿÿÿÿÿÿÿÿÿÿÿÿÿþ,798,ÿĀÿÿÿþ,2238,ÿÿÿÿÿÿÿÿÿÿÿÿÿÿÿÿÿÿÿÿÿÿÿÿÿÿÿÿþÿ
ÿĀÿÿÿþ,522,ÿÿþ,2239,ÿĀÿÿÿþÿ
ÿÿþ,849,þāĀ,2240,ÿÿþþ
þāĀ,891,üĂ,2241,þāĀü
üĂ,602,þþĀ,2242,üĂþ
þþĀ,1047,ýĀĀ,2243,þþĀý
ýĀĀ,803,ýû,2244,ýĀĀý
ýû,229,å,2245,ýûå
å,176,°,2246,å°
°,231,ç,2247,°ç
ç,285,ĝ,2248,çĝ
ĝ,295,ħ,2249,ĝħ
ħ,1513,ÿüĂ,2250,ħÿ
ÿüĂ,1652,Āü,2251,ÿüĂĀ
Āü,1866,Ăü,2252,ĀüĂ
Ăü,253,ý,2253,Ăüý
ý,271,ď,2254,ýď
ď,2059,ěđ,2255,ďě
ěđ,1198,Ąþ,2256,ěđĄ
Ąþ,1304,āþÿĀ,2257,Ąþā
āþÿĀ,559,þÿĀÿ,2258,āþÿĀþ
þÿĀÿ,1487,ĀÿþĀÿ,2259,þÿĀÿĀ
ĀÿþĀÿ,576,þÿÿÿÿÿÿÿ,2260,ĀÿþĀÿþ
þÿÿÿÿÿÿÿ,2154,þĀÿþÿ,2261,þÿÿÿÿÿÿÿþ
þĀÿþÿ,726,ÿÿÿÿÿÿÿÿĀ,2262,þĀÿþÿÿ
ÿÿÿÿÿÿÿÿĀ,799,þĀþÿ,2263,ÿÿÿÿÿÿÿÿĀþ
þĀþÿ,1467,Āû,2264,þĀþÿĀ
Āû,940,Ăþþ,2265,ĀûĂ
Ăþþ,1432,āýÿ,2266,Ăþþā
āýÿ,258,Ă,2267,āýÿĂ
Ă,248,ø,2268,Ăø
ø,198,Æ,2269,øÆ
Æ,237,í,2270,Æí
í,262,Ć,2271,íĆ
Ć,190,¾,2272,Ć¾
¾,148,,2273,¾
,803,ýû,2274,ý
ýû,258,Ă,2275,ýûĂ
Ă,296,Ĩ,2276,ĂĨ
Ĩ,355,ţ,2277,Ĩţ
ţ,325,Ņ,2278,ţŅ
Ņ,266,Ċ,2279,ŅĊ
Ċ,2268,Ăø,2280,ĊĂ
Ăø,1607,þÿþā,2281,Ăøþ
þÿþā,1888,ÿāĀ,2282,þÿþāÿ
ÿāĀ,257,ā,2283,ÿāĀā
ā,224,à,2284,āà
à,170,ª,2285,àª
ª,161,¡,2286,ª¡
¡,239,ï,2287,¡ï
ï,1243,āă,2288,ïā
āă,274,Ē,2289,āăĒ
Ē,386,Ƃ,2290,ĒƂ
Ƃ,278,Ė,2291,ƂĖ
Ė,245,õ,2292,Ėõ
õ,302,Į,2293,õĮ
Į,276,Ĕ,2294,ĮĔ
Ĕ,234,ê,2295,Ĕê
ê,229,å,2296,êå
å,758,üĀ,2297,åü
üĀ,538,ÿĀ,2298,üĀÿ
ÿĀ,703,üÿ,2299,ÿĀü
üÿ,262,Ć,2300,üÿĆ
Ć,242,ò,2301,Ćò
ò,217,Ù,2302,òÙ
Ù,231,ç,2303,Ùç
ç,305,ı,2304,çı
ı,321,Ł,2305,ıŁ
Ł,271,ď,2306,Łď
ď,1096,ĂĀ,2307,ďĂ
ĂĀ,844,ÿÿý,2308,ĂĀÿ
ÿÿý,710,ÿā,2309,ÿÿýÿ
ÿā,559,þÿĀÿ,2310,ÿāþ
þÿĀÿ,1133,ýāĀÿ,2311,þÿĀÿý
ýāĀÿ,1365,þÿĀþÿ,2312,ýāĀÿþ
þÿĀþÿ,2016,ÿĀÿÿÿÿÿÿÿÿÿÿÿÿÿ,2313,þÿĀþÿÿ
ÿĀÿÿÿÿÿÿÿÿÿÿÿÿÿ,1247,ÿÿþý,2314,ÿĀÿÿÿÿÿÿÿÿÿÿÿÿÿÿ
ÿÿþý,240,ð,2315,ÿÿþýð
ð,146,,2316,ð
,269,č,2317,č
č,304,İ,2318,čİ
İ,250,ú,2319,İú
ú,302,Į,2320,úĮ
Į,264,Ĉ,2321,ĮĈ
Ĉ,1752,ýüü,2322,Ĉý
ýüü,1557,üýû,2323,ýüüü
üýû,702,ýü,2324,üýûý
ýü,893,þýý,2325,ýüþ
þýý,542,ÿý,2326,þýýÿ
ÿý,1944,ûûý,2327,ÿýû
ûûý,1385,úý,2328,ûûýú
úý,1804,Ăă,2329,úýĂ
Ăă,1463,þýü,2330,Ăăþ
þýü,1199,þü,2331,þýüþ
þü,1375,üþþ,2332,þüü
üþþ,653,Āý,2333,üþþĀ
Āý,1037,ýø,2334,Āýý
ýø,1385,úý,2335,ýøú
úý,202,Ê,2336,úýÊ
Ê,309,ĵ,2337,Êĵ
ĵ,330,Ŋ,2338,ĵŊ
Ŋ,1116,ąĀ,2339,Ŋą
ąĀ,2135,Āÿÿÿÿÿÿÿÿÿÿÿÿÿÿÿÿÿÿÿ,2340,ąĀĀ
Āÿÿÿÿÿÿÿÿÿÿÿÿÿÿÿÿÿÿÿ,2136,ÿÿÿÿÿÿÿÿÿÿÿÿþÿĀ,2341,Āÿÿÿÿÿÿÿÿÿÿÿÿÿÿÿÿÿÿÿÿ
ÿÿÿÿÿÿÿÿÿÿÿÿþÿĀ,716,ÿÿÿþÿ,2342,ÿÿÿÿÿÿÿÿÿÿÿÿþÿĀÿ
ÿÿÿþÿ,1449,þĀÿÿÿÿ,2343,ÿÿÿþÿþ
þĀÿÿÿÿ,531,Āþÿ,2344,þĀÿÿÿÿĀ
Āþÿ,1524,ûĂ,2345,Āþÿû
ûĂ,879,ÿü,2346,ûĂÿ
ÿü,251,û,2347,ÿüû
û,205,Í,2348,ûÍ
Í,185,¹,2349,Í¹
¹,262,Ć,2350,¹Ć
Ć,294,Ħ,2351,ĆĦ
Ħ,272,Đ,2352,ĦĐ
Đ,1138,āþü,2353,Đā
āþü,620,āÿ,2354,āþüā
āÿ,1666,āø,2355,āÿā
āø,265,ĉ,2356,āøĉ
ĉ,281,ę,2357,ĉę
ę,277,ĕ,2358,ęĕ
ĕ,840,ćĂ,2359,ĕć
ćĂ,2310,ÿāþ,2360,ćĂÿ
ÿāþ,537,þÿÿÿ,2361,ÿāþþ
þÿÿÿ,1022,ýÿĀÿ,2362,þÿÿÿý
ýÿĀÿ,1446,ĀþĀÿþÿ,2363,ýÿĀÿĀ
ĀþĀÿþÿ,1836,Āÿþÿÿ,2364,ĀþĀÿþÿĀ
Āÿþÿÿ,666,ĀþÿĀ,2365,ĀÿþÿÿĀ
ĀþÿĀ,2139,þÿÿÿÿþ,2366,ĀþÿĀþ
þÿÿÿÿþ,1638,ÿÿĀÿÿÿ,2367,þÿÿÿÿþÿ
ÿÿĀÿÿÿ,516,ÿÿÿÿÿ,2368,ÿÿĀÿÿÿÿ
ÿÿÿÿÿ,891,üĂ,2369,ÿÿÿÿÿü
üĂ,1400,ýāÿ,2370,üĂý
ýāÿ,699,ýþ,2371,ýāÿý
ýþ,216,Ø,2372,ýþØ
Ø,217,Ù,2373,ØÙ
Ù,2284,āà,2374,Ùā
āà,125,},2375,āà}
},1252,÷ú,2376,}÷
÷ú,269,č,2377,÷úč
č,361,ũ,2378,čũ
ũ,348,Ŝ,2379,ũŜ
Ŝ,270,Ď,2380,ŜĎ
Ď,1121,ùþ,2381,Ďù
ùþ,1481,úĄ,2382,ùþú
úĄ,892,Ăþ,2383,úĄĂ
Ăþ,2240,ÿÿþþ,2384,Ăþÿ
ÿÿþþ,513,ÿÿ,2385,ÿÿþþÿ
ÿÿ,262,Ć,2386,ÿÿĆ
Ć,1529,ùä,2387,Ćù
ùä,133,,2388,ùä
,183,·,2389,·
·,254,þ,2390,·þ
þ,261,ą,2391,þą
ą,297,ĩ,2392,ąĩ
ĩ,376,Ÿ,2393,ĩŸ
Ÿ,1128,Ąă,2394,ŸĄ
Ąă,308,Ĵ,2395,ĄăĴ
Ĵ,271,ď,2396,Ĵď
ď,245,õ,2397,ďõ
õ,222,Þ,2398,õÞ
Þ,899,ñþ,2399,Þñ
ñþ,891,üĂ,2400,ñþü
üĂ,2268,Ăø,2401,üĂĂ
Ăø,1096,ĂĀ,2402,ĂøĂ
ĂĀ,233,é,2403,ĂĀé
é,206,Î,2404,éÎ
Î,274,Ē,2405,ÎĒ
Ē,339,œ,2406,Ēœ
œ,280,Ę,2407,œĘ
Ę,872,Ąāÿ,2408,ĘĄ
Ąāÿ,538,ÿĀ,2409,Ąāÿÿ
ÿĀ,1400,ýāÿ,2410,ÿĀý
ýāÿ,1867,üāĀ,2411,ýāÿü
üāĀ,723,þĀĀ,2412,üāĀþ
þĀĀ,1103,þÿÿĀÿþĀ,2413,þĀĀþ
þÿÿĀÿþĀ,1928,ÿÿÿÿÿÿÿÿÿÿÿÿÿÿÿþ,2414,þÿÿĀÿþĀÿ
ÿÿÿÿÿÿÿÿÿÿÿÿÿÿÿþ,251,û,2415,ÿÿÿÿÿÿÿÿÿÿÿÿÿÿÿþû
û,200,È,2416,ûÈ
È,179,³,2417,È³
³,302,Į,2418,³Į
Į,274,Ē,2419,ĮĒ
Ē,260,Ą,2420,ĒĄ
Ą,299,ī,2421,Ąī
ī,927,ĄĀ,2422,īĄ
ĄĀ,2028,úýüü,2423,ĄĀú
úýüü,1558,ûý,2424,úýüüû
ûý,1851,üþý,2425,ûýü
üþý,513,ÿÿ,2426,üþýÿ
ÿÿ,1681,üú,2427,ÿÿü
üú,825,ûú,2428,üúû
ûú,950,ĀĄ,2429,ûúĀ
ĀĄ,965,āÿü,2430,ĀĄā
āÿü,543,ýĀ,2431,āÿüý
ýĀ,1385,úý,2432,ýĀú
úý,861,ûü,2433,úýû
ûü,2410,ÿĀý,2434,ûüÿ
ÿĀý,1465,ýù,2435,ÿĀýý
ýù,255,ÿ,2436,ýùÿ
ÿ,242,ò,2437,ÿò
ò,210,Ò,2438,òÒ
Ò,289,ġ,2439,Òġ
ġ,348,Ŝ,2440,ġŜ
Ŝ,1974,ăĀā,2441,Ŝă
ăĀā,1675,ÿÿÿÿÿÿÿÿÿÿÿÿÿÿÿÿÿÿÿÿÿÿÿÿÿÿÿÿÿÿÿþ,2442,ăĀāÿ
ÿÿÿÿÿÿÿÿÿÿÿÿÿÿÿÿÿÿÿÿÿÿÿÿÿÿÿÿÿÿÿþ,2239,ÿĀÿÿÿþÿ,2443,ÿÿÿÿÿÿÿÿÿÿÿÿÿÿÿÿÿÿÿÿÿÿÿÿÿÿÿÿÿÿÿþÿ
ÿĀÿÿÿþÿ,879,ÿü,2444,ÿĀÿÿÿþÿÿ
ÿü,787,Āÿā,2445,ÿüĀ
Āÿā,1017,ÿÿþĀÿÿ,2446,Āÿāÿ
ÿÿþĀÿÿ,251,û,2447,ÿÿþĀÿÿû
û,243,ó,2448,ûó
ó,181,µ,2449,óµ
µ,210,Ò,2450,µÒ
Ò,282,Ě,2451,ÒĚ
Ě,294,Ħ,2452,ĚĦ
Ħ,261,ą,2453,Ħą
ą,699,ýþ,2454,ąý
ýþ,653,Āý,2455,ýþĀ
Āý,1467,Āû,2456,ĀýĀ
Āû,255,ÿ,2457,Āûÿ
ÿ,286,Ğ,2458,ÿĞ
Ğ,281,ę,2459,Ğę
ę,1420,ćā,2460,ęć
ćā,1956,ÿĀĀÿ,2461,ćāÿ
ÿĀĀÿ,1296,ýýÿ,2462,ÿĀĀÿý
ýýÿ,929,āĀĀÿ,2463,ýýÿā
āĀĀÿ,692,þþÿÿ,2464,āĀĀÿþ
þþÿÿ,1274,ÿĀÿÿÿÿÿÿÿÿ,2465,þþÿÿÿ
ÿĀÿÿÿÿÿÿÿÿ,1272,þÿā,2466,ÿĀÿÿÿÿÿÿÿÿþ
þÿā,938,þÿÿÿÿÿÿþ,2467,þÿāþ
þÿÿÿÿÿÿþ,2264,þĀþÿĀ,2468,þÿÿÿÿÿÿþþ
þĀþÿĀ,652,þÿĀĀ,2469,þĀþÿĀþ
þÿĀĀ,891,üĂ,2470,þÿĀĀü
üĂ,1260,üā,2471,üĂü
üā,523,þÿ,2472,üāþ
þÿ,237,í,2473,þÿí
í,197,Å,2474,íÅ
Å,1858,þú,2475,Åþ
þú,121,y,2476,þúy
y,223,ß,2477,yß
ß,254,þ,2478,ßþ
þ,296,Ĩ,2479,þĨ
Ĩ,389,ƅ,2480,Ĩƅ
ƅ,305,ı,2481,ƅı
ı,1942,üýÿ,2482,ıü
üýÿ,1723,üċ,2483,üýÿü
üċ,1623,÷Ă,2484,üċ÷
÷Ă,545,ÿÿĀ,2485,÷Ăÿ
ÿÿĀ,996,ýÿÿþ,2486,ÿÿĀý
ýÿÿþ,1072,ýÿþ,2487,ýÿÿþý
ýÿþ,258,Ă,2488,ýÿþĂ
Ă,164,¤,2489,Ă¤
¤,131,,2490,¤
,1950,øĂ,2491,ø
øĂ,333,ō,2492,øĂō
ō,354,Ţ,2493,ōŢ
Ţ,245,õ,2494,Ţõ
õ,274,Ē,2495,õĒ
Ē,308,Ĵ,2496,ĒĴ
Ĵ,989,āĂ,2497,Ĵā
āĂ,235,ë,2498,āĂë
ë,222,Þ,2499,ëÞ
Þ,1462,øþ,2500,Þø
øþ,1784,ûĄ,2501,øþû
ûĄ,260,Ą,2502,ûĄĄ
Ą,1345,ùā,2503,Ąù
ùā,250,ú,2504,ùāú
ú,204,Ì,2505,úÌ
Ì,239,ï,2506,Ìï
ï,328,ň,2507,ïň
ň,311,ķ,2508,ňķ
ķ,1198,Ąþ,2509,ķĄ
Ąþ,1198,Ąþ,2510,ĄþĄ
Ąþ,1051,ÿÿÿý,2511,Ąþÿ
ÿÿÿý,1956,ÿĀĀÿ,2512,ÿÿÿýÿ
ÿĀĀÿ,547,Āþÿÿÿ,2513,ÿĀĀÿĀ
Āþÿÿÿ,1674,Āÿÿÿÿÿÿÿÿÿÿÿÿÿÿÿÿ,2514,ĀþÿÿÿĀ
Āÿÿÿÿÿÿÿÿÿÿÿÿÿÿÿÿ,523,þÿ,2515,Āÿÿÿÿÿÿÿÿÿÿÿÿÿÿÿÿþ
þÿ,245,õ,2516,þÿõ
õ,153,,2517,õ
,243,ó,2518,ó
ó,313,Ĺ,2519,óĹ
Ĺ,250,ú,2520,Ĺú
ú,269,č,2521,úč
č,292,Ĥ,2522,čĤ
Ĥ,1593,Ăÿü,2523,ĤĂ
Ăÿü,861,ûü,2524,Ăÿüû
ûü,1653,üüü,2525,ûüü
üüü,659,ýĀÿ,2526,üüüý
ýĀÿ,2225,ýûû,2527,ýĀÿý
ýûû,1558,ûý,2528,ýûûû
ûý,761,āĄ,2529,ûýā
āĄ,1590,ăþ,2530,āĄă
ăþ,1232,üü,2531,ăþü
üü,802,ýý,2532,üüý
ýý,1558,ûý,2533,ýýû
ûý,1558,ûý,2534,ûýû
ûý,658,þĀý,2535,ûýþ
þĀý,2025,þûþ,2536,þĀýþ
þûþ,237,í,2537,þûþí
í,214,Ö,2538,íÖ
Ö,277,ĕ,2539,Öĕ
ĕ,358,Ŧ,2540,ĕŦ
Ŧ,2340,ąĀĀ,2541,Ŧą
ąĀĀ,2443,ÿÿÿÿÿÿÿÿÿÿÿÿÿÿÿÿÿÿÿÿÿÿÿÿÿÿÿÿÿÿÿþÿ,2542,ąĀĀÿ
ÿÿÿÿÿÿÿÿÿÿÿÿÿÿÿÿÿÿÿÿÿÿÿÿÿÿÿÿÿÿÿþÿ,2137,Āÿÿÿþÿÿ,2543,ÿÿÿÿÿÿÿÿÿÿÿÿÿÿÿÿÿÿÿÿÿÿÿÿÿÿÿÿÿÿÿþÿĀ
Āÿÿÿþÿÿ,972,ýĂþ,2544,Āÿÿÿþÿÿý
ýĂþ,729,ýĀÿÿ,2545,ýĂþý
ýĀÿÿ,595,þþ,2546,ýĀÿÿþ
þþ,250,ú,2547,þþú
ú,232,è,2548,úè
è,168,¨,2549,è¨
¨,235,ë,2550,¨ë
ë,304,İ,2551,ëİ
İ,281,ę,2552,İę
ę,1904,úā,2553,ęú
úā,1848,āú,2554,úāā
āú,709,Ăÿ,2555,āúĂ
Ăÿ,253,ý,2556,Ăÿý
ý,270,Ď,2557,ýĎ
Ď,288,Ġ,2558,ĎĠ
Ġ,1330,Ċą,2559,ĠĊ
Ċą,1182,ÿüă,2560,Ċąÿ
ÿüă,1432,āýÿ,2561,ÿüăā
āýÿ,1000,ÿāÿ,2562,āýÿÿ
ÿāÿ,700,þþþ,2563,ÿāÿþ
þþþ,565,þĀÿ,2564,þþþþ
þĀÿ,1870,Āÿþÿÿÿ,2565,þĀÿĀ
Āÿþÿÿÿ,2263,ÿÿÿÿÿÿÿÿĀþ,2566,Āÿþÿÿÿÿ
ÿÿÿÿÿÿÿÿĀþ,528,ĀþĀ,2567,ÿÿÿÿÿÿÿÿĀþĀ
ĀþĀ,885,ýĀþ,2568,ĀþĀý
ýĀþ,2208,ÿÿÿĀÿþ,2569,ýĀþÿ
ÿÿÿĀÿþ,544,Āþÿÿ,2570,ÿÿÿĀÿþĀ
Āþÿÿ,2555,āúĂ,2571,Āþÿÿā
āúĂ,823,ÿýý,2572,āúĂÿ
ÿýý,202,Ê,2573,ÿýýÊ
Ê,234,ê,2574,Êê
ê,263,ć,2575,êć
ć,157,,2576,ć
,177,±,2577,±
±,252,ü,2578,±ü
ü,319,Ŀ,2579,üĿ
Ŀ,392,ƈ,2580,Ŀƈ
ƈ,280,Ę,2581,ƈĘ
Ę,2198,öāā,2582,Ęö
öāā,907,ąĂ,2583,öāāą
ąĂ,952,øăþ,2584,ąĂø
øăþ,787,Āÿā,2585,øăþĀ
Āÿā,705,ýÿÿ,2586,Āÿāý
ýÿÿ,513,ÿÿ,2587,ýÿÿÿ
ÿÿ,1860,÷ÿ,2588,ÿÿ÷
÷ÿ,256,Ā,2589,÷ÿĀ
Ā,262,Ć,2590,ĀĆ
Ć,188,¼,2591,Ć¼
¼,112,p,2592,¼p
p,238,î,2593,pî
î,267,ċ,2594,îċ
ċ,372,Ŵ,2595,ċŴ
Ŵ,308,Ĵ,2596,ŴĴ
Ĵ,242,ò,2597,Ĵò
ò,303,į,2598,òį
į,286,Ğ,2599,įĞ
Ğ,1076,ûĀ,2600,Ğû
ûĀ,1529,ùä,2601,ûĀù
ùä,228,ä,2602,ùää
ä,1286,Ćþ,2603,äĆ
Ćþ,1915,øć,2604,Ćþø
øć,826,úþ,2605,øćú
úþ,259,ă,2606,úþă
ă,216,Ø,2607,ăØ
Ø,220,Ü,2608,ØÜ
Ü,300,Ĭ,2609,ÜĬ
Ĭ,332,Ō,2610,ĬŌ
Ō,267,ċ,2611,Ōċ
ċ,1256,āÿÿĀ,2612,ċā
āÿÿĀ,2240,ÿÿþþ,2613,āÿÿĀÿ
ÿÿþþ,1690,āÿÿÿþ,2614,ÿÿþþā
āÿÿÿþ,1077,ĀÿĀÿÿÿ,2615,āÿÿÿþĀ
ĀÿĀÿÿÿ,554,ÿÿÿÿÿÿÿÿÿÿÿÿÿ,2616,ĀÿĀÿÿÿÿ
ÿÿÿÿÿÿÿÿÿÿÿÿÿ,699,ýþ,2617,ÿÿÿÿÿÿÿÿÿÿÿÿÿý
ýþ,226,â,2618,ýþâ
â,147,,2619,â
,298,Ī,2620,Ī
Ī,283,ě,2621,Īě
ě,1030,āČ,2622,ěā
āČ,285,ĝ,2623,āČĝ
ĝ,892,Ăþ,2624,ĝĂ
Ăþ,2526,üüüý,2625,Ăþü
üüüý,1655,ûþ,2626,üüüýû
ûþ,565,þĀÿ,2627,ûþþ
þĀÿ,1664,üø,2628,þĀÿü
üø,2554,úāā,2629,üøú
úāā,1601,Ćā,2630,úāāĆ
Ćā,2332,þüü,2631,Ćāþ
þüü,1591,þû,2632,þüüþ
þû,1460,ûÿ,2633,þûû
ûÿ,1654,üüû,2634,ûÿü
üüû,514,ÿÿÿ,2635,üüûÿ
ÿÿÿ,1753,üûü,2636,ÿÿÿü
üûü,235,ë,2637,üûüë
ë,215,×,2638,ë×
×,283,ě,2639,×ě
ě,354,Ţ,2640,ěŢ
Ţ,261,ą,2641,Ţą
ą,1796,āĀÿÿÿ,2642,ąā
āĀÿÿÿ,2238,ÿÿÿÿÿÿÿÿÿÿÿÿÿÿÿÿÿÿÿÿÿÿÿÿÿÿÿÿþÿ,2643,āĀÿÿÿÿ
ÿÿÿÿÿÿÿÿÿÿÿÿÿÿÿÿÿÿÿÿÿÿÿÿÿÿÿÿþÿ,2045,Āÿÿÿþÿ,2644,ÿÿÿÿÿÿÿÿÿÿÿÿÿÿÿÿÿÿÿÿÿÿÿÿÿÿÿÿþÿĀ
Āÿÿÿþÿ,1098,ýÿā,2645,Āÿÿÿþÿý
ýÿā,573,ÿþÿÿ,2646,ýÿāÿ
ÿþÿÿ,758,üĀ,2647,ÿþÿÿü
üĀ,251,û,2648,üĀû
û,210,Ò,2649,ûÒ
Ò,174,®,2650,Ò®
®,271,ď,2651,®ď
ď,300,Ĭ,2652,ďĬ
Ĭ,264,Ĉ,2653,ĬĈ
Ĉ,1345,ùā,2654,Ĉù
ùā,1672,þă,2655,ùāþ
þă,1232,üü,2656,þăü
üü,260,Ą,2657,üüĄ
Ą,280,Ę,2658,ĄĘ
Ę,287,ğ,2659,Ęğ
ğ,1974,ăĀā,2660,ğă
ăĀā,1336,Āþý,2661,ăĀāĀ
Āþý,546,ĀĀ,2662,ĀþýĀ
ĀĀ,2186,üĀĀ,2663,ĀĀü
üĀĀ,551,ÿþÿ,2664,üĀĀÿ
ÿþÿ,711,āĀ,2665,ÿþÿā
āĀ,1323,üÿÿ,2666,āĀü
üÿÿ,680,ÿþÿÿĀÿ,2667,üÿÿÿ
ÿþÿÿĀÿ,2410,ÿĀý,2668,ÿþÿÿĀÿÿ
ÿĀý,680,ÿþÿÿĀÿ,2669,ÿĀýÿ
ÿþÿÿĀÿ,2163,ĀþĀþ,2670,ÿþÿÿĀÿĀ
ĀþĀþ,724,Āþÿÿÿÿÿÿ,2671,ĀþĀþĀ
Āþÿÿÿÿÿÿ,1051,ÿÿÿý,2672,Āþÿÿÿÿÿÿÿ
ÿÿÿý,951,Ąø,2673,ÿÿÿýĄ
Ąø,963,ăÿþ,2674,Ąøă
ăÿþ,229,å,2675,ăÿþå
å,202,Ê,2676,åÊ
Ê,265,ĉ,2677,Êĉ
ĉ,208,Ð,2678,ĉÐ
Ð,128,,2679,Ð
,249,ù,2680,ù
ù,323,Ń,2681,ùŃ
Ń,394,Ɗ,2682,ŃƊ
Ɗ,270,Ď,2683,ƊĎ
Ď,711,āĀ,2684,Ďā
āĀ,253,ý,2685,āĀý
ý,260,Ą,2686,ýĄ
Ą,1655,ûþ,2687,Ąû
ûþ,265,ĉ,2688,ûþĉ
ĉ,250,ú,2689,ĉú
ú,2308,ĂĀÿ,2690,úĂ
ĂĀÿ,564,ÿþþ,2691,ĂĀÿÿ
ÿþþ,1105,þÿû,2692,ÿþþþ
þÿû,860,Ăû,2693,þÿûĂ
Ăû,2690,úĂ,2694,Ăûú
úĂ,258,Ă,2695,úĂĂ
Ă,205,Í,2696,ĂÍ
Í,102,f,2697,Íf
f,235,ë,2698,fë
ë,297,ĩ,2699,ëĩ
ĩ,386,Ƃ,2700,ĩƂ
Ƃ,247,÷,2701,Ƃ÷
÷,271,ď,2702,÷ď
ď,305,ı,2703,ďı
ı,268,Č,2704,ıČ
Č,2299,ÿĀü,2705,Čÿ
ÿĀü,242,ò,2706,ÿĀüò
ò,1729,Üï,2707,òÜ
Üï,2322,Ĉý,2708,ÜïĈ
Ĉý,1152,Āā,2709,ĈýĀ
Āā,248,ø,2710,Āāø
ø,266,Ċ,2711,øĊ
Ċ,228,ä,2712,Ċä
ä,208,Ð,2713,äÐ
Ð,276,Ĕ,2714,ÐĔ
Ĕ,341,ŕ,2715,Ĕŕ
ŕ,276,Ĕ,2716,ŕĔ
Ĕ,998,Ăý,2717,ĔĂ
Ăý,1096,ĂĀ,2718,ĂýĂ
ĂĀ,1361,Āÿÿý,2719,ĂĀĀ
Āÿÿý,970,āÿÿþ,2720,Āÿÿýā
āÿÿþ,2616,ĀÿĀÿÿÿÿ,2721,āÿÿþĀ
ĀÿĀÿÿÿÿ,553,ÿÿÿÿÿÿÿÿÿÿÿÿ,2722,ĀÿĀÿÿÿÿÿ
ÿÿÿÿÿÿÿÿÿÿÿÿ,702,ýü,2723,ÿÿÿÿÿÿÿÿÿÿÿÿý
ýü,186,º,2724,ýüº
º,189,½,2725,º½
½,316,ļ,2726,½ļ
ļ,258,Ă,2727,ļĂ
Ă,902,ĉć,2728,Ăĉ
ĉć,289,ġ,2729,ĉćġ
ġ,1500,Āÿûý,2730,ġĀ
Āÿûý,2526,üüüý,2731,Āÿûýü
üüüý,2086,āþý,2732,üüüýā
āþý,804,ûù,2733,āþýû
ûù,989,āĂ,2734,ûùā
āĂ,815,Ąā,2735,āĂĄ
Ąā,653,Āý,2736,ĄāĀ
Āý,2627,ûþþ,2737,Āýû
ûþþ,744,ýú,2738,ûþþý
ýú,1460,ûÿ,2739,ýúû
ûÿ,1853,úü,2740,ûÿú
úü,564,ÿþþ,2741,úüÿ
ÿþþ,2325,ýüþ,2742,ÿþþý
ýüþ,223,ß,2743,ýüþß
ß,218,Ú,2744,ßÚ
Ú,295,ħ,2745,Úħ
ħ,1767,ŝă,2746,ħŝ
ŝă,2691,ĂĀÿÿ,2747,ŝăĂ
ĂĀÿÿ,1484,ÿÿÿÿÿÿÿÿÿÿÿÿÿÿÿÿÿÿÿÿÿÿÿÿÿÿÿÿÿþÿ,2748,ĂĀÿÿÿ
ÿÿÿÿÿÿÿÿÿÿÿÿÿÿÿÿÿÿÿÿÿÿÿÿÿÿÿÿÿþÿ,2045,Āÿÿÿþÿ,2749,ÿÿÿÿÿÿÿÿÿÿÿÿÿÿÿÿÿÿÿÿÿÿÿÿÿÿÿÿÿþÿĀ
Āÿÿÿþÿ,1680,Āÿü,2750,ĀÿÿÿþÿĀ
Āÿü,682,ĀÿþĀ,2751,ĀÿüĀ
ĀÿþĀ,1037,ýø,2752,ĀÿþĀý
ýø,186,º,2753,ýøº
º,195,Ã,2754,ºÃ
Ã,290,Ģ,2755,ÃĢ
Ģ,289,ġ,2756,Ģġ
ġ,2002,ąü,2757,ġą
ąü,963,ăÿþ,2758,ąüă
ăÿþ,875,ûă,2759,ăÿþû
ûă,269,č,2760,ûăč
č,279,ė,2761,čė
ė,276,Ĕ,2762,ėĔ
Ĕ,1178,ĀĂ,2763,ĔĀ
ĀĂ,913,ÿüÿ,2764,ĀĂÿ
ÿüÿ,1582,ÿĀþý,2765,ÿüÿÿ
ÿĀþý,1926,ĀÿÿĀÿþ,2766,ÿĀþýĀ
ĀÿÿĀÿþ,774,ÿĀĀĀ,2767,ĀÿÿĀÿþÿ
ÿĀĀĀ,1980,þÿþÿÿ,2768,ÿĀĀĀþ
þÿþÿÿ,657,Āþÿÿÿÿþ,2769,þÿþÿÿĀ
Āþÿÿÿÿþ,1157,þĀĀÿ,2770,Āþÿÿÿÿþþ
þĀĀÿ,2069,þÿÿÿÿÿĀÿÿ,2771,þĀĀÿþ
þÿÿÿÿÿĀÿÿ,558,ÿÿÿÿÿþ,2772,þÿÿÿÿÿĀÿÿÿ
ÿÿÿÿÿþ,795,þā,2773,ÿÿÿÿÿþþ
þā,658,þĀý,2774,þāþ
þĀý,250,ú,2775,þĀýú
ú,197,Å,2776,úÅ
Å,240,ð,2777,Åð
ð,262,Ć,2778,ðĆ
Ć,125,},2779,Ć}
},210,Ò,2780,}Ò
Ò,309,ĵ,2781,Òĵ
ĵ,415,Ɵ,2782,ĵƟ
Ɵ,1286,Ćþ,2783,ƟĆ
Ćþ,1734,Āă,2784,ĆþĀ
Āă,929,āĀĀÿ,2785,Āăā
āĀĀÿ,644,āþ,2786,āĀĀÿā
āþ,1177,ĂþĀ,2787,āþĂ
ĂþĀ,1704,ÿýþ,2788,ĂþĀÿ
ÿýþ,735,þþā,2789,ÿýþþ
þþā,982,ùĂ,2790,þþāù
ùĂ,699,ýþ,2791,ùĂý
ýþ,1481,úĄ,2792,ýþú
úĄ,198,Æ,2793,úĄÆ
Æ,102,f,2794,Æf
f,243,ó,2795,fó
ó,348,Ŝ,2796,óŜ
Ŝ,344,Ř,2797,ŜŘ
Ř,239,ï,2798,Řï
ï,295,ħ,2799,ïħ
ħ,291,ģ,2800,ħģ
ģ,1567,āü,2801,ģā
āü,1521,ăý,2802,āüă
ăý,1667,øä,2803,ăýø
øä,227,ã,2804,øäã
ã,1152,Āā,2805,ãĀ
Āā,252,ü,2806,Āāü
ü,263,ć,2807,üć
ć,1655,ûþ,2808,ćû
ûþ,249,ù,2809,ûþù
ù,201,É,2810,ùÉ
É,252,ü,2811,Éü
ü,345,ř,2812,üř
ř,286,Ğ,2813,řĞ
Ğ,1482,Ąÿ,2814,ĞĄ
Ąÿ,1888,ÿāĀ,2815,Ąÿÿ
ÿāĀ,671,ÿÿĀþÿþ,2816,ÿāĀÿ
ÿÿĀþÿþ,2722,ĀÿĀÿÿÿÿÿ,2817,ÿÿĀþÿþĀ
ĀÿĀÿÿÿÿÿ,532,ÿÿÿÿÿÿÿÿÿÿÿ,2818,ĀÿĀÿÿÿÿÿÿ
ÿÿÿÿÿÿÿÿÿÿÿ,1664,üø,2819,ÿÿÿÿÿÿÿÿÿÿÿü
üø,154,,2820,üø
,241,ñ,2821,ñ
ñ,303,į,2822,ñį
į,2196,ĂĆ,2823,įĂ
ĂĆ,261,ą,2824,ĂĆą
ą,292,Ĥ,2825,ąĤ
Ĥ,757,þþü,2826,Ĥþ
þþü,1232,üü,2827,þþüü
üü,1199,þü,2828,üüþ
þü,795,þā,2829,þüþ
þā,1662,ûû,2830,þāû
ûû,962,üă,2831,ûûü
üă,841,ĂĂ,2832,üăĂ
ĂĂ,666,ĀþÿĀ,2833,ĂĂĀ
ĀþÿĀ,2532,üüý,2834,ĀþÿĀü
üüý,1654,üüû,2835,üüýü
üüû,1656,þûü,2836,üüûþ
þûü,700,þþþ,2837,þûüþ
þþþ,1248,ýýý,2838,þþþý
ýýý,208,Ð,2839,ýýýÐ
Ð,232,è,2840,Ðè
è,306,Ĳ,2841,èĲ
Ĳ,340,Ŕ,2842,ĲŔ
Ŕ,1635,āăĀ,2843,Ŕā
āăĀ,2543,ÿÿÿÿÿÿÿÿÿÿÿÿÿÿÿÿÿÿÿÿÿÿÿÿÿÿÿÿÿÿÿþÿĀ,2844,āăĀÿ
ÿÿÿÿÿÿÿÿÿÿÿÿÿÿÿÿÿÿÿÿÿÿÿÿÿÿÿÿÿÿÿþÿĀ,580,ÿÿÿÿÿþĀ,2845,ÿÿÿÿÿÿÿÿÿÿÿÿÿÿÿÿÿÿÿÿÿÿÿÿÿÿÿÿÿÿÿþÿĀÿ
ÿÿÿÿÿþĀ,2298,üĀÿ,2846,ÿÿÿÿÿþĀü
üĀÿ,525,þĀ,2847,üĀÿþ
þĀ,242,ò,2848,þĀò
ò,174,®,2849,ò®
®,214,Ö,2850,®Ö
Ö,297,ĩ,2851,Öĩ
ĩ,284,Ĝ,2852,ĩĜ
Ĝ,1567,āü,2853,Ĝā
āü,249,ù,2854,āüù
ù,265,ĉ,2855,ùĉ
ĉ,1292,üý,2856,ĉü
üý,254,þ,2857,üýþ
þ,280,Ę,2858,þĘ
Ę,282,Ě,2859,ĘĚ
Ě,265,ĉ,2860,Ěĉ
ĉ,2719,ĂĀĀ,2861,ĉĂ
ĂĀĀ,858,ýÿĀ,2862,ĂĀĀý
ýÿĀ,803,ýû,2863,ýÿĀý
ýû,2221,ùý,2864,ýûù
ùý,525,þĀ,2865,ùýþ
þĀ,814,ĂĄ,2866,þĀĂ
ĂĄ,1129,ăā,2867,ĂĄă
ăā,702,ýü,2868,ăāý
ýü,959,ĂÿĀ,2869,ýüĂ
ĂÿĀ,598,ÿþÿÿĀ,2870,ĂÿĀÿ
ÿþÿÿĀ,691,þĀþ,2871,ÿþÿÿĀþ
þĀþ,617,þÿÿÿÿÿÿÿÿĀ,2872,þĀþþ
þÿÿÿÿÿÿÿÿĀ,1993,ÿþÿĀþ,2873,þÿÿÿÿÿÿÿÿĀÿ
ÿþÿĀþ,1185,ÿÿÿÿÿÿÿþÿ,2874,ÿþÿĀþÿ
ÿÿÿÿÿÿÿþÿ,1624,Ăýû,2875,ÿÿÿÿÿÿÿþÿĂ
Ăýû,230,æ,2876,Ăýûæ
æ,203,Ë,2877,æË
Ë,267,ċ,2878,Ëċ
ċ,194,Â,2879,ċÂ
Â,141,,2880,Â
,288,Ġ,2881,Ġ
Ġ,414,ƞ,2882,Ġƞ
ƞ,278,Ė,2883,ƞĖ
Ė,1243,āă,2884,Ėā
āă,2686,ýĄ,2885,āăý
ýĄ,1521,ăý,2886,ýĄă
ăý,2078,Āăü,2887,ăýĀ
Āăü,2691,ĂĀÿÿ,2888,ĀăüĂ
ĂĀÿÿ,618,Āþþÿ,2889,ĂĀÿÿĀ
Āþþÿ,1199,þü,2890,Āþþÿþ
þü,813,ýĂ,2891,þüý
ýĂ,249,ù,2892,ýĂù
ù,758,üĀ,2893,ùü
üĀ,248,ø,2894,üĀø
ø,264,Ĉ,2895,øĈ
Ĉ,174,®,2896,Ĉ®
®,114,r,2897,®r
r,273,đ,2898,rđ
đ,393,Ɖ,2899,đƉ
Ɖ,271,ď,2900,Ɖď
ď,255,ÿ,2901,ďÿ
ÿ,314,ĺ,2902,ÿĺ
ĺ,1242,Ĉā,2903,ĺĈ
Ĉā,698,þÿý,2904,Ĉāþ
þÿý,254,þ,2905,þÿýþ
þ,238,î,2906,þî
î,222,Þ,2907,îÞ
Þ,1904,úā,2908,Þú
úā,702,ýü,2909,úāý
ýü,262,Ć,2910,ýüĆ
Ć,1461,ÿø,2911,Ćÿ
ÿø,210,Ò,2912,ÿøÒ
Ò,234,ê,2913,Òê
ê,339,œ,2914,êœ
œ,295,ħ,2915,œħ
ħ,2073,ćÿ,2916,ħć
ćÿ,711,āĀ,2917,ćÿā
āĀ,935,ûăĀ,2918,āĀû
ûăĀ,2164,þÿþĀÿ,2919,ûăĀþ
þÿþĀÿ,578,ĀþĀÿ,2920,þÿþĀÿĀ
ĀþĀÿ,554,ÿÿÿÿÿÿÿÿÿÿÿÿÿ,2921,ĀþĀÿÿ
ÿÿÿÿÿÿÿÿÿÿÿÿÿ,251,û,2922,ÿÿÿÿÿÿÿÿÿÿÿÿÿû
û,235,ë,2923,ûë
ë,148,,2924,ë
,276,Ĕ,2925,Ĕ
Ĕ,291,ģ,2926,Ĕģ
ģ,1129,ăā,2927,ģă
ăā,258,Ă,2928,ăāĂ
Ă,288,Ġ,2929,ĂĠ
Ġ,2454,ąý,2930,Ġą
ąý,1659,üû,2931,ąýü
üû,999,ýþÿ,2932,üûý
ýþÿ,1413,ýÿû,2933,ýþÿý
ýÿû,846,ýā,2934,ýÿûý
ýā,841,ĂĂ,2935,ýāĂ
ĂĂ,669,ÿÿþĀÿ,2936,ĂĂÿ
ÿÿþĀÿ,1199,þü,2937,ÿÿþĀÿþ
þü,2893,ùü,2938,þüù
ùü,255,ÿ,2939,ùüÿ
ÿ,826,úþ,2940,ÿú
úþ,744,ýú,2941,úþý
ýú,743,þÿþý,2942,ýúþ
þÿþý,252,ü,2943,þÿþýü
ü,241,ñ,2944,üñ
ñ,207,Ï,2945,ñÏ
Ï,248,ø,2946,Ïø
ø,324,ń,2947,øń
ń,320,ŀ,2948,ńŀ
ŀ,1831,āĂĀ,2949,ŀā
āĂĀ,792,ÿÿÿÿÿÿÿÿÿÿÿÿÿÿÿÿÿÿÿÿÿÿÿÿÿÿÿÿÿÿÿÿ,2950,āĂĀÿ
ÿÿÿÿÿÿÿÿÿÿÿÿÿÿÿÿÿÿÿÿÿÿÿÿÿÿÿÿÿÿÿÿ,737,þÿÿÿÿĀ,2951,ÿÿÿÿÿÿÿÿÿÿÿÿÿÿÿÿÿÿÿÿÿÿÿÿÿÿÿÿÿÿÿÿþ
þÿÿÿÿĀ,637,ÿþĀ,2952,þÿÿÿÿĀÿ
ÿþĀ,1967,üāý,2953,ÿþĀü
üāý,253,ý,2954,üāýý
ý,235,ë,2955,ýë
ë,171,«,2956,ë«
«,229,å,2957,«å
å,303,į,2958,åį
į,276,Ĕ,2959,įĔ
Ĕ,887,ÿþā,2960,Ĕÿ
ÿþā,2940,ÿú,2961,ÿþāÿ
ÿú,707,āā,2962,ÿúā
āā,290,Ģ,2963,āāĢ
Ģ,2884,Ėā,2964,ĢĖ
Ėā,1738,Āÿÿþÿ,2965,ĖāĀ
Āÿÿþÿ,249,ù,2966,Āÿÿþÿù
ù,241,ñ,2967,ùñ
ñ,230,æ,2968,ñæ
æ,237,í,2969,æí
í,247,÷,2970,í÷
÷,858,ýÿĀ,2971,÷ý
ýÿĀ,261,ą,2972,ýÿĀą
ą,1146,čĔ,2973,ąč
čĔ,273,đ,2974,čĔđ
đ,987,ĉĄ,2975,đĉ
ĉĄ,2587,ýÿÿÿ,2976,ĉĄý
ýÿÿÿ,775,ĀþĀÿþĀ,2977,ýÿÿÿĀ
ĀþĀÿþĀ,1509,ÿÿÿþÿÿ,2978,ĀþĀÿþĀÿ
ÿÿÿþÿÿ,1738,Āÿÿþÿ,2979,ÿÿÿþÿÿĀ
Āÿÿþÿ,536,ÿÿÿÿþ,2980,Āÿÿþÿÿ
ÿÿÿÿþ,2671,ĀþĀþĀ,2981,ÿÿÿÿþĀ
ĀþĀþĀ,2156,þĀÿýā,2982,ĀþĀþĀþ
þĀÿýā,1465,ýù,2983,þĀÿýāý
ýù,201,É,2984,ýùÉ
É,240,ð,2985,Éð
ð,256,Ā,2986,ðĀ
Ā,118,v,2987,Āv
v,229,å,2988,vå
å,417,ơ,2989,åơ
ơ,312,ĸ,2990,ơĸ
ĸ,861,ûü,2991,ĸû
ûü,1553,ĄĂ,2992,ûüĄ
ĄĂ,710,ÿā,2993,ĄĂÿ
ÿā,1129,ăā,2994,ÿāă
ăā,2866,þĀĂ,2995,ăāþ
þĀĂ,536,ÿÿÿÿþ,2996,þĀĂÿ
ÿÿÿÿþ,794,þþÿþ,2997,ÿÿÿÿþþ
þþÿþ,1248,ýýý,2998,þþÿþý
ýýý,1426,üþü,2999,ýýýü
üþü,2391,þą,3000,üþüþ
þą,131,,3001,þą
,155,,3002,
,339,œ,3003,œ
œ,344,Ř,3004,œŘ
Ř,250,ú,3005,Řú
ú,288,Ġ,3006,úĠ
Ġ,298,Ī,3007,ĠĪ
Ī,2869,ýüĂ,3008,Īý
ýüĂ,1488,ÿýĀ,3009,ýüĂÿ
ÿýĀ,240,ð,3010,ÿýĀð
ð,221,Ý,3011,ðÝ
Ý,244,ô,3012,Ýô
ô,1198,Ąþ,3013,ôĄ
Ąþ,1072,ýÿþ,3014,Ąþý
ýÿþ,253,ý,3015,ýÿþý
ý,216,Ø,3016,ýØ
Ø,224,à,3017,Øà
à,331,ŋ,3018,àŋ
ŋ,307,ĳ,3019,ŋĳ
ĳ,1479,ĆĀ,3020,ĳĆ
ĆĀ,2691,ĂĀÿÿ,3021,ĆĀĂ
ĂĀÿÿ,1892,þÿÿÿĀþ,3022,ĂĀÿÿþ
þÿÿÿĀþ,2314,ÿĀÿÿÿÿÿÿÿÿÿÿÿÿÿÿ,3023,þÿÿÿĀþÿ
ÿĀÿÿÿÿÿÿÿÿÿÿÿÿÿÿ,251,û,3024,ÿĀÿÿÿÿÿÿÿÿÿÿÿÿÿÿû
û,218,Ú,3025,ûÚ
Ú,157,,3026,Ú
,291,ģ,3027,ģ
ģ,290,Ģ,3028,ģĢ
Ģ,249,ù,3029,Ģù
ù,263,ć,3030,ùć
ć,253,ý,3031,ćý
ý,278,Ė,3032,ýĖ
Ė,271,ď,3033,Ėď
ď,1463,þýü,3034,ďþ
þýü,1258,üþÿ,3035,þýüü
üþÿ,1858,þú,3036,üþÿþ
þú,908,ĂāĀĀ,3037,þúĂ
ĂāĀĀ,633,þþÿ,3038,ĂāĀĀþ
þþÿ,1866,Ăü,3039,þþÿĂ
Ăü,844,ÿÿý,3040,Ăüÿ
ÿÿý,1853,úü,3041,ÿÿýú
úü,1858,þú,3042,úüþ
þú,1960,ÿû,3043,þúÿ
ÿû,1464,üýý,3044,ÿûü
üýý,1161,Āýþ,3045,üýýĀ
Āýþ,2744,ßÚ,3046,Āýþß
ßÚ,254,þ,3047,ßÚþ
þ,344,Ř,3048,þŘ
Ř,299,ī,3049,Řī
ī,1697,ăĀ,3050,īă
ăĀ,2341,Āÿÿÿÿÿÿÿÿÿÿÿÿÿÿÿÿÿÿÿÿ,3051,ăĀĀ
Āÿÿÿÿÿÿÿÿÿÿÿÿÿÿÿÿÿÿÿÿ,1604,ÿÿÿÿÿÿÿÿÿÿÿÿþÿ,3052,Āÿÿÿÿÿÿÿÿÿÿÿÿÿÿÿÿÿÿÿÿÿ
ÿÿÿÿÿÿÿÿÿÿÿÿþÿ,1513,ÿüĂ,3053,ÿÿÿÿÿÿÿÿÿÿÿÿþÿÿ
ÿüĂ,2162,þĀþĀ,3054,ÿüĂþ
þĀþĀ,1259,ÿýü,3055,þĀþĀÿ
ÿýü,232,è,3056,ÿýüè
è,163,£,3057,è£
£,246,ö,3058,£ö
ö,310,Ķ,3059,öĶ
Ķ,1497,Ĉþ,3060,ĶĈ
Ĉþ,1400,ýāÿ,3061,Ĉþý
ýāÿ,1848,āú,3062,ýāÿā
āú,266,Ċ,3063,āúĊ
Ċ,294,Ħ,3064,ĊĦ
Ħ,1374,čü,3065,Ħč
čü,1035,Ąý,3066,čüĄ
Ąý,644,āþ,3067,Ąýā
āþ,248,ø,3068,āþø
ø,230,æ,3069,øæ
æ,221,Ý,3070,æÝ
Ý,245,õ,3071,Ýõ
õ,756,üþ,3072,õü
üþ,1637,ăýÿ,3073,üþă
ăýÿ,620,āÿ,3074,ăýÿā
āÿ,949,úĀ,3075,āÿú
úĀ,1041,ąĘ,3076,úĀą
ąĘ,290,Ģ,3077,ąĘĢ
Ģ,2705,Čÿ,3078,ĢČ
Čÿ,2086,āþý,3079,Čÿā
āþý,1866,Ăü,3080,āþýĂ
Ăü,2514,ĀþÿÿÿĀ,3081,ĂüĀ
ĀþÿÿÿĀ,1773,ÿþÿÿÿÿÿ,3082,ĀþÿÿÿĀÿ
ÿþÿÿÿÿÿ,2109,ÿÿÿÿÿÿÿÿÿÿÿÿü,3083,ÿþÿÿÿÿÿÿ
ÿÿÿÿÿÿÿÿÿÿÿÿü,1231,ăü,3084,ÿÿÿÿÿÿÿÿÿÿÿÿüă
ăü,1130,āý,3085,ăüā
āý,236,ì,3086,āýì
ì,199,Ç,3087,ìÇ
Ç,264,Ĉ,3088,ÇĈ
Ĉ,190,¾,3089,Ĉ¾
¾,145,,3090,¾
,375,ŷ,3091,ŷ
ŷ,357,ť,3092,ŷť
ť,1345,ùā,3093,ťù
ùā,1392,ąÿĂ,3094,ùāą
ąÿĂ,821,ĂāĀ,3095,ąÿĂĂ
ĂāĀ,1444,āāĀ,3096,ĂāĀā
āāĀ,2921,ĀþĀÿÿ,3097,āāĀĀ
ĀþĀÿÿ,2742,ÿþþý,3098,ĀþĀÿÿÿ
ÿþþý,595,þþ,3099,ÿþþýþ
þþ,2325,ýüþ,3100,þþý
ýüþ,2828,üüþ,3101,ýüþü
üüþ,1292,üý,3102,üüþü
üý,88,X,3103,üýX
X,220,Ü,3104,XÜ
Ü,397,ƍ,3105,Üƍ
ƍ,1724,ċć,3106,ƍċ
ċć,313,Ĺ,3107,ċćĹ
Ĺ,2041,ĆĂ,3108,ĹĆ
ĆĂ,702,ýü,3109,ĆĂý
ýü,3085,ăüā,3110,ýüă
ăüā,1516,÷â,3111,ăüā÷
÷â,235,ë,3112,÷âë
ë,251,û,3113,ëû
û,262,Ć,3114,ûĆ
Ć,2095,ûüą,3115,Ćû
ûüą,252,ü,3116,ûüąü
ü,221,Ý,3117,üÝ
Ý,217,Ù,3118,ÝÙ
Ù,317,Ľ,3119,ÙĽ
Ľ,322,ł,3120,Ľł
ł,1553,ĄĂ,3121,łĄ
ĄĂ,3098,ĀþĀÿÿÿ,3122,ĄĂĀ
ĀþĀÿÿÿ,660,ÿÿÿþ,3123,ĀþĀÿÿÿÿ
ÿÿÿþ,1905,āÿÿÿÿ,3124,ÿÿÿþā
āÿÿÿÿ,521,ÿÿÿÿÿÿÿÿÿÿ,3125,āÿÿÿÿÿ
ÿÿÿÿÿÿÿÿÿÿ,250,ú,3126,ÿÿÿÿÿÿÿÿÿÿú
ú,196,Ä,3127,úÄ
Ä,179,³,3128,Ä³
³,300,Ĭ,3129,³Ĭ
Ĭ,276,Ĕ,3130,ĬĔ
Ĕ,1735,ăĀÿ,3131,Ĕă
ăĀÿ,259,ă,3132,ăĀÿă
ă,278,Ė,3133,ăĖ
Ė,927,ĄĀ,3134,ĖĄ
ĄĀ,1323,üÿÿ,3135,ĄĀü
üÿÿ,1232,üü,3136,üÿÿü
üü,711,āĀ,3137,üüā
āĀ,3022,ĂĀÿÿþ,3138,āĀĂ
ĂĀÿÿþ,857,ÿāý,3139,ĂĀÿÿþÿ
ÿāý,3100,þþý,3140,ÿāýþ
þþý,1850,ýûü,3141,þþýý
ýûü,256,Ā,3142,ýûüĀ
Ā,1689,÷ā,3143,Ā÷
÷ā,1555,÷þý,3144,÷ā÷
÷þý,1939,ăû,3145,÷þýă
ăû,248,ø,3146,ăûø
ø,202,Ê,3147,øÊ
Ê,247,÷,3148,Ê÷
÷,260,Ą,3149,÷Ą
Ą,364,Ŭ,3150,ĄŬ
Ŭ,2960,Ĕÿ,3151,ŬĔ
Ĕÿ,1181,þāÿ,3152,Ĕÿþ
þāÿ,733,ÿÿÿÿÿÿÿÿÿÿÿÿÿÿÿÿÿÿÿÿÿÿÿÿÿÿÿÿÿÿ,3153,þāÿÿ
ÿÿÿÿÿÿÿÿÿÿÿÿÿÿÿÿÿÿÿÿÿÿÿÿÿÿÿÿÿÿ,2370,üĂý,3154,ÿÿÿÿÿÿÿÿÿÿÿÿÿÿÿÿÿÿÿÿÿÿÿÿÿÿÿÿÿÿü
üĂý,528,ĀþĀ,3155,üĂýĀ
ĀþĀ,615,Āÿþ,3156,ĀþĀĀ
Āÿþ,1524,ûĂ,3157,Āÿþû
ûĂ,249,ù,3158,ûĂù
ù,232,è,3159,ùè
è,161,¡,3160,è¡
¡,256,Ā,3161,¡Ā
Ā,306,Ĳ,3162,ĀĲ
Ĳ,832,āć,3163,Ĳā
āć,255,ÿ,3164,āćÿ
ÿ,3030,ùć,3165,ÿù
ùć,828,øú,3166,ùćø
øú,283,ě,3167,øúě
ě,284,Ĝ,3168,ěĜ
Ĝ,2024,ĉþ,3169,Ĝĉ
ĉþ,860,Ăû,3170,ĉþĂ
Ăû,644,āþ,3171,Ăûā
āþ,238,î,3172,āþî
î,213,Õ,3173,îÕ
Õ,235,ë,3174,Õë
ë,2002,ąü,3175,ëą
ąü,1178,ĀĂ,3176,ąüĀ
ĀĂ,2711,øĊ,3177,ĀĂø
øĊ,803,ýû,3178,øĊý
ýû,1153,āþþþ,3179,ýûā
āþþþ,1823,üĄ,3180,āþþþü
üĄ,292,Ĥ,3181,üĄĤ
Ĥ,288,Ġ,3182,ĤĠ
Ġ,529,Āÿ,3183,ĠĀ
Āÿ,2197,Ćö,3184,ĀÿĆ
Ćö,1094,Ăāþ,3185,ĆöĂ
Ăāþ,1187,ÿĀÿþ,3186,Ăāþÿ
ÿĀÿþ,2456,ĀýĀ,3187,ÿĀÿþĀ
ĀýĀ,1928,ÿÿÿÿÿÿÿÿÿÿÿÿÿÿÿþ,3188,ĀýĀÿ
ÿÿÿÿÿÿÿÿÿÿÿÿÿÿÿþ,1058,ÿÿÿþý,3189,ÿÿÿÿÿÿÿÿÿÿÿÿÿÿÿþÿ
ÿÿÿþý,202,Ê,3190,ÿÿÿþýÊ
Ê,239,ï,3191,Êï
ï,255,ÿ,3192,ïÿ
ÿ,118,v,3193,ÿv
v,273,đ,3194,vđ
đ,418,Ƣ,3195,đƢ
Ƣ,263,ć,3196,Ƣć
ć,3030,ùć,3197,ćù
ùć,795,þā,3198,ùćþ
þā,927,ĄĀ,3199,þāĄ
ĄĀ,1245,Ăāā,3200,ĄĀĂ
Ăāā,2446,Āÿāÿ,3201,ĂāāĀ
Āÿāÿ,2343,ÿÿÿþÿþ,3202,Āÿāÿÿ
ÿÿÿþÿþ,701,þý,3203,ÿÿÿþÿþþ
þý,893,þýý,3204,þýþ
þýý,756,üþ,3205,þýýü
üþ,1655,ûþ,3206,üþû
ûþ,699,ýþ,3207,ûþý
ýþ,220,Ü,3208,ýþÜ
Ü,70,F,3209,ÜF
F,354,Ţ,3210,FŢ
Ţ,336,Ő,3211,ŢŐ
Ő,238,î,3212,Őî
î,301,ĭ,3213,îĭ
ĭ,286,Ğ,3214,ĭĞ
Ğ,529,Āÿ,3215,ĞĀ
Āÿ,1150,ýāþ,3216,Āÿý
ýāþ,258,Ă,3217,ýāþĂ
Ă,1385,úý,3218,Ăú
úý,229,å,3219,úýå
å,1714,çû,3220,åç
çû,1734,Āă,3221,çûĀ
Āă,249,ù,3222,Āăù
ù,1785,Ąü,3223,ùĄ
Ąü,226,â,3224,Ąüâ
â,214,Ö,3225,âÖ
Ö,312,ĸ,3226,Öĸ
ĸ,329,ŉ,3227,ĸŉ
ŉ,821,ĂāĀ,3228,ŉĂ
ĂāĀ,659,ýĀÿ,3229,ĂāĀý
ýĀÿ,667,ĀÿÿÿÿĀÿ,3230,ýĀÿĀ
ĀÿÿÿÿĀÿ,554,ÿÿÿÿÿÿÿÿÿÿÿÿÿ,3231,ĀÿÿÿÿĀÿÿ
ÿÿÿÿÿÿÿÿÿÿÿÿÿ,249,ù,3232,ÿÿÿÿÿÿÿÿÿÿÿÿÿù
ù,182,¶,3233,ù¶
¶,196,Ä,3234,¶Ä
Ä,302,Į,3235,ÄĮ
Į,271,ď,3236,Įď
ď,1553,ĄĂ,3237,ďĄ
ĄĂ,1130,āý,3238,ĄĂā
āý,259,ă,3239,āýă
ă,987,ĉĄ,3240,ăĉ
ĉĄ,1130,āý,3241,ĉĄā
āý,595,þþ,3242,āýþ
þþ,1245,Ăāā,3243,þþĂ
Ăāā,2719,ĂĀĀ,3244,ĂāāĂ
ĂĀĀ,2154,þĀÿþÿ,3245,ĂĀĀþ
þĀÿþÿ,3035,þýüü,3246,þĀÿþÿþ
þýüü,803,ýû,3247,þýüüý
ýû,701,þý,3248,ýûþ
þý,861,ûü,3249,þýû
ûü,875,ûă,3250,ûüû
ûă,1049,ùą,3251,ûăù
ùą,222,Þ,3252,ùąÞ
Þ,211,Ó,3253,ÞÓ
Ó,256,Ā,3254,ÓĀ
Ā,293,ĥ,3255,Āĥ
ĥ,347,ś,3256,ĥś
ś,2709,ĈýĀ,3257,śĈ
ĈýĀ,1305,ĀĀÿÿ,3258,ĈýĀĀ
ĀĀÿÿ,689,ÿÿÿÿÿÿÿÿÿÿÿÿÿÿÿÿÿÿÿÿÿÿÿÿÿÿÿÿ,3259,ĀĀÿÿÿ
ÿÿÿÿÿÿÿÿÿÿÿÿÿÿÿÿÿÿÿÿÿÿÿÿÿÿÿÿ,1967,üāý,3260,ÿÿÿÿÿÿÿÿÿÿÿÿÿÿÿÿÿÿÿÿÿÿÿÿÿÿÿÿü
üāý,685,āÿþ,3261,üāýā
āÿþ,2774,þāþ,3262,āÿþþ
þāþ,1467,Āû,3263,þāþĀ
Āû,221,Ý,3264,ĀûÝ
Ý,165,¥,3265,Ý¥
¥,262,Ć,3266,¥Ć
Ć,306,Ĳ,3267,ĆĲ
Ĳ,259,ă,3268,Ĳă
ă,1231,ăü,3269,ăă
ăü,250,ú,3270,ăüú
ú,262,Ć,3271,úĆ
Ć,1853,úü,3272,Ćú
úü,288,Ġ,3273,úüĠ
Ġ,279,ė,3274,Ġė
ė,1459,ĉû,3275,ėĉ
ĉû,2687,Ąû,3276,ĉûĄ
Ąû,1231,ăü,3277,Ąûă
ăü,218,Ú,3278,ăüÚ
Ú,220,Ü,3279,ÚÜ
Ü,2869,ýüĂ,3280,Üý
ýüĂ,1071,ĄĀý,3281,ýüĂĄ
ĄĀý,919,ôó,3282,ĄĀýô
ôó,1734,Āă,3283,ôóĀ
Āă,270,Ď,3284,ĀăĎ
Ď,1521,ăý,3285,Ďă
ăý,1292,üý,3286,ăýü
üý,644,āþ,3287,üýā
āþ,272,Đ,3288,āþĐ
Đ,302,Į,3289,ĐĮ
Į,266,Ċ,3290,ĮĊ
Ċ,2807,üć,3291,Ċü
üć,1202,úû,3292,üćú
úû,2355,āÿā,3293,úûā
āÿā,1365,þÿĀþÿ,3294,āÿāþ
þÿĀþÿ,776,Āÿÿÿÿÿÿÿÿÿÿÿ,3295,þÿĀþÿĀ
Āÿÿÿÿÿÿÿÿÿÿÿ,739,þÿÿÿþ,3296,Āÿÿÿÿÿÿÿÿÿÿÿþ
þÿÿÿþ,1381,ÿāü,3297,þÿÿÿþÿ
ÿāü,241,ñ,3298,ÿāüñ
ñ,196,Ä,3299,ñÄ
Ä,258,Ă,3300,ÄĂ
Ă,213,Õ,3301,ĂÕ
Õ,133,,3302,Õ
,426,ƪ,3303,ƪ
ƪ,299,ī,3304,ƪī
ī,875,ûă,3305,īû
ûă,263,ć,3306,ûăć
ć,1260,üā,3307,ćü
üā,815,Ąā,3308,üāĄ
Ąā,2719,ĂĀĀ,3309,ĄāĂ
ĂĀĀ,712,ĀĀĀ,3310,ĂĀĀĀ
ĀĀĀ,1887,ĀĀÿþÿ,3311,ĀĀĀĀ
ĀĀÿþÿ,633,þþÿ,3312,ĀĀÿþÿþ
þþÿ,703,üÿ,3313,þþÿü
üÿ,2835,üüýü,3314,üÿü
üüýü,703,üÿ,3315,üüýüü
üÿ,825,ûú,3316,üÿû
ûú,264,Ĉ,3317,ûúĈ
Ĉ,138,,3318,Ĉ
,171,«,3319,«
«,394,Ɗ,3320,«Ɗ
Ɗ,258,Ă,3321,ƊĂ
Ă,276,Ĕ,3322,ĂĔ
Ĕ,305,ı,3323,Ĕı
ı,1099,āþÿÿ,3324,ıā
āþÿÿ,1939,ăû,3325,āþÿÿă
ăû,3216,Āÿý,3326,ăûĀ
Āÿý,233,é,3327,Āÿýé
é,224,à,3328,éà
à,256,Ā,3329,àĀ
Ā,248,ø,3330,Āø
ø,2096,ąþ,3331,øą
ąþ,644,āþ,3332,ąþā
āþ,226,â,3333,āþâ
â,210,Ò,3334,âÒ
Ò,311,ķ,3335,Òķ
ķ,328,ň,3336,ķň
ň,2322,Ĉý,3337,ňĈ
Ĉý,1273,āÿĀÿ,3338,Ĉýā
āÿĀÿ,2368,ÿÿĀÿÿÿÿ,3339,āÿĀÿÿ
ÿÿĀÿÿÿÿ,553,ÿÿÿÿÿÿÿÿÿÿÿÿ,3340,ÿÿĀÿÿÿÿÿ
ÿÿÿÿÿÿÿÿÿÿÿÿ,249,ù,3341,ÿÿÿÿÿÿÿÿÿÿÿÿù
ù,169,©,3342,ù©
©,209,Ñ,3343,©Ñ
Ñ,304,İ,3344,Ñİ
İ,1070,ċĄ,3345,İċ
ċĄ,3269,ăă,3346,ċĄă
ăă,2657,üüĄ,3347,ăăü
üüĄ,1129,ăā,3348,üüĄă
ăā,2205,ăāā,3349,ăāă
ăāā,760,Ăā,3350,ăāāĂ
Ăā,1096,ĂĀ,3351,ĂāĂ
ĂĀ,1794,Ăÿþ,3352,ĂĀĂ
Ăÿþ,2486,ÿÿĀý,3353,Ăÿþÿ
ÿÿĀý,699,ýþ,3354,ÿÿĀýý
ýþ,1140,ýüý,3355,ýþý
ýüý,3248,ýûþ,3356,ýüýý
ýûþ,1566,øā,3357,ýûþø
øā,250,ú,3358,øāú
ú,1939,ăû,3359,úă
ăû,2810,ùÉ,3360,ăûù
ùÉ,247,÷,3361,ùÉ÷
÷,246,ö,3362,÷ö
ö,349,ŝ,3363,öŝ
ŝ,302,Į,3364,ŝĮ
Į,1393,Ăÿÿÿ,3365,ĮĂ
Ăÿÿÿ,3052,Āÿÿÿÿÿÿÿÿÿÿÿÿÿÿÿÿÿÿÿÿÿ,3366,ĂÿÿÿĀ
Āÿÿÿÿÿÿÿÿÿÿÿÿÿÿÿÿÿÿÿÿÿ,520,ÿÿÿÿÿÿÿÿÿ,3367,Āÿÿÿÿÿÿÿÿÿÿÿÿÿÿÿÿÿÿÿÿÿÿ
ÿÿÿÿÿÿÿÿÿ,543,ýĀ,3368,ÿÿÿÿÿÿÿÿÿý
ýĀ,1150,ýāþ,3369,ýĀý
ýāþ,723,þĀĀ,3370,ýāþþ
þĀĀ,756,üþ,3371,þĀĀü
üþ,217,Ù,3372,üþÙ
Ù,170,ª,3373,Ùª
ª,267,ċ,3374,ªċ
ċ,302,Į,3375,ċĮ
Į,1243,āă,3376,Įā
āă,2657,üüĄ,3377,āăü
üüĄ,1904,úā,3378,üüĄú
úā,288,Ġ,3379,úāĠ
Ġ,278,Ė,3380,ĠĖ
Ė,1521,ăý,3381,Ėă
ăý,1130,āý,3382,ăýā
āý,260,Ą,3383,āýĄ
Ą,246,ö,3384,Ąö
ö,217,Ù,3385,öÙ
Ù,224,à,3386,Ùà
à,699,ýþ,3387,àý
ýþ,1479,ĆĀ,3388,ýþĆ
ĆĀ,218,Ú,3389,ĆĀÚ
Ú,205,Í,3390,ÚÍ
Í,216,Ø,3391,ÍØ
Ø,229,å,3392,Øå
å,2992,ûüĄ,3393,åû
ûüĄ,274,Ē,3394,ûüĄĒ
Ē,288,Ġ,3395,ĒĠ
Ġ,304,İ,3396,Ġİ
İ,298,Ī,3397,İĪ
Ī,267,ċ,3398,Īċ
ċ,252,ü,3399,ċü
ü,1121,ùþ,3400,üù
ùþ,269,č,3401,ùþč
č,303,į,3402,čį
į,269,č,3403,įč
č,2686,ýĄ,3404,čý
ýĄ,3204,þýþ,3405,ýĄþ
þýþ,1152,Āā,3406,þýþĀ
Āā,930,ÿÿþÿÿ,3407,Āāÿ
ÿÿþÿÿ,2137,Āÿÿÿþÿÿ,3408,ÿÿþÿÿĀ
Āÿÿÿþÿÿ,974,ÿþĀþ,3409,Āÿÿÿþÿÿÿ
ÿþĀþ,800,ÿĀÿÿþ,3410,ÿþĀþÿ
ÿĀÿÿþ,845,ýĂý,3411,ÿĀÿÿþý
ýĂý,217,Ù,3412,ýĂýÙ
Ù,219,Û,3413,ÙÛ
Û,265,ĉ,3414,Ûĉ
ĉ,135,,3415,ĉ
,287,ğ,3416,ğ
ğ,396,ƌ,3417,ğƌ
ƌ,238,î,3418,ƌî
î,264,Ĉ,3419,îĈ
Ĉ,841,ĂĂ,3420,ĈĂ
ĂĂ,876,ăÿ,3421,ĂĂă
ăÿ,820,ăĂ,3422,ăÿă
ăĂ,3097,āāĀĀ,3423,ăĂā
āāĀĀ,929,āĀĀÿ,3424,āāĀĀā
āĀĀÿ,785,ÿþÿþ,3425,āĀĀÿÿ
ÿþÿþ,1755,þÿüþ,3426,ÿþÿþþ
þÿüþ,802,ýý,3427,þÿüþý
ýý,1653,üüü,3428,ýýü
üüü,1199,þü,3429,üüüþ
þü,826,úþ,3430,þüú
úþ,240,ð,3431,úþð
ð,85,U,3432,ðU
U,335,ŏ,3433,Uŏ
ŏ,314,ĺ,3434,ŏĺ
ĺ,252,ü,3435,ĺü
ü,310,Ķ,3436,üĶ
Ķ,271,ď,3437,Ķď
ď,758,üĀ,3438,ďü
üĀ,1095,þĂ,3439,üĀþ
þĂ,1260,üā,3440,þĂü
üā,758,üĀ,3441,üāü
üĀ,257,ā,3442,üĀā
ā,239,ï,3443,āï
ï,214,Ö,3444,ïÖ
Ö,1166,āýā,3445,Öā
āýā,250,ú,3446,āýāú
ú,264,Ĉ,3447,úĈ
Ĉ,251,û,3448,Ĉû
û,233,é,3449,ûé
é,199,Ç,3450,éÇ
Ç,319,Ŀ,3451,ÇĿ
Ŀ,327,Ň,3452,ĿŇ
Ň,2815,Ąÿÿ,3453,ŇĄ
Ąÿÿ,2663,ĀĀü,3454,ĄÿÿĀ
ĀĀü,1096,ĂĀ,3455,ĀĀüĂ
ĂĀ,1449,þĀÿÿÿÿ,3456,ĂĀþ
þĀÿÿÿÿ,521,ÿÿÿÿÿÿÿÿÿÿ,3457,þĀÿÿÿÿÿ
ÿÿÿÿÿÿÿÿÿÿ,249,ù,3458,ÿÿÿÿÿÿÿÿÿÿù
ù,162,¢,3459,ù¢
¢,218,Ú,3460,¢Ú
Ú,303,į,3461,Úį
į,1696,Ċă,3462,įĊ
Ċă,1349,ÿą,3463,Ċăÿ
ÿą,970,āÿÿþ,3464,ÿąā
āÿÿþ,2196,ĂĆ,3465,āÿÿþĂ
ĂĆ,711,āĀ,3466,ĂĆā
āĀ,1360,ăāĀ,3467,āĀă
ăāĀ,821,ĂāĀ,3468,ăāĀĂ
ĂāĀ,971,þĀÿÿý,3469,ĂāĀþ
þĀÿÿý,2325,ýüþ,3470,þĀÿÿýý
ýüþ,3248,ýûþ,3471,ýüþý
ýûþ,802,ýý,3472,ýûþý
ýý,1466,ùĀ,3473,ýýù
ùĀ,1232,üü,3474,ùĀü
üü,261,ą,3475,üüą
ą,214,Ö,3476,ąÖ
Ö,222,Þ,3477,ÖÞ
Þ,255,ÿ,3478,Þÿ
ÿ,279,ė,3479,ÿė
ė,352,Š,3480,ėŠ
Š,268,Č,3481,ŠČ
Č,3407,Āāÿ,3482,ČĀ
Āāÿ,2314,ÿĀÿÿÿÿÿÿÿÿÿÿÿÿÿÿ,3483,Āāÿÿ
ÿĀÿÿÿÿÿÿÿÿÿÿÿÿÿÿ,632,ÿÿÿÿÿÿÿÿÿÿÿÿÿÿÿÿþ,3484,ÿĀÿÿÿÿÿÿÿÿÿÿÿÿÿÿÿ
ÿÿÿÿÿÿÿÿÿÿÿÿÿÿÿÿþ,658,þĀý,3485,ÿÿÿÿÿÿÿÿÿÿÿÿÿÿÿÿþþ
þĀý,993,Āÿþÿ,3486,þĀýĀ
Āÿþÿ,253,ý,3487,Āÿþÿý
ý,225,á,3488,ýá
á,159,,3489,á
,266,Ċ,3490,Ċ
Ċ,303,į,3491,Ċį
į,264,Ĉ,3492,įĈ
Ĉ,1904,úā,3493,Ĉú
úā,2830,þāû,3494,úāþ
þāû,260,Ą,3495,þāûĄ
Ą,3380,ĠĖ,3496,ĄĠ
ĠĖ,513,ÿÿ,3497,ĠĖÿ
ÿÿ,1794,Ăÿþ,3498,ÿÿĂ
Ăÿþ,254,þ,3499,Ăÿþþ
þ,204,Ì,3500,þÌ
Ì,226,â,3501,Ìâ
â,1116,ąĀ,3502,âą
ąĀ,260,Ą,3503,ąĀĄ
Ą,211,Ó,3504,ĄÓ
Ó,171,«,3505,Ó«
«,213,Õ,3506,«Õ
Õ,2221,ùý,3507,Õù
ùý,531,Āþÿ,3508,ùýĀ
Āþÿ,620,āÿ,3509,Āþÿā
āÿ,846,ýā,3510,āÿý
ýā,286,Ğ,3511,ýāĞ
Ğ,321,Ł,3512,ĞŁ
Ł,326,ņ,3513,Łņ
ņ,1916,ćú,3514,ņć
ćú,953,þĄ,3515,ćúþ
þĄ,308,Ĵ,3516,þĄĴ
Ĵ,269,č,3517,Ĵč
č,2012,ÿă,3518,čÿ
ÿă,1655,ûþ,3519,ÿăû
ûþ,713,ĀÿĀÿþ,3520,ûþĀ
ĀÿĀÿþ,1447,ÿÿÿĀÿÿÿÿÿ,3521,ĀÿĀÿþÿ
ÿÿÿĀÿÿÿÿÿ,637,ÿþĀ,3522,ÿÿÿĀÿÿÿÿÿÿ
ÿþĀ,2569,ýĀþÿ,3523,ÿþĀý
ýĀþÿ,538,ÿĀ,3524,ýĀþÿÿ
ÿĀ,1524,ûĂ,3525,ÿĀû
ûĂ,2416,ûÈ,3526,ûĂû
ûÈ,239,ï,3527,ûÈï
ï,246,ö,3528,ïö
ö,136,,3529,ö
,413,Ɲ,3530,Ɲ
Ɲ,278,Ė,3531,ƝĖ
Ė,841,ĂĂ,3532,ĖĂ
ĂĂ,761,āĄ,3533,ĂĂā
āĄ,253,ý,3534,āĄý
ý,1725,ćĀ,3535,ýć
ćĀ,707,āā,3536,ćĀā
āā,3097,āāĀĀ,3537,āāā
āāĀĀ,624,Āÿÿÿÿþÿ,3538,āāĀĀĀ
Āÿÿÿÿþÿ,2905,þÿýþ,3539,Āÿÿÿÿþÿþ
þÿýþ,2891,þüý,3540,þÿýþþ
þüý,861,ûü,3541,þüýû
ûü,803,ýû,3542,ûüý
ýû,2690,úĂ,3543,ýûú
úĂ,251,û,3544,úĂû
û,171,«,3545,û«
«,177,±,3546,«±
±,373,ŵ,3547,±ŵ
ŵ,242,ò,3548,ŵò
ò,293,ĥ,3549,òĥ
ĥ,294,Ħ,3550,ĥĦ
Ħ,2872,þĀþþ,3551,Ħþ
þĀþþ,548,ÿÿĀþ,3552,þĀþþÿ
ÿÿĀþ,998,Ăý,3553,ÿÿĀþĂ
Ăý,2302,òÙ,3554,Ăýò
òÙ,3073,üþă,3555,òÙü
üþă,3149,÷Ą,3556,üþă÷
÷Ą,256,Ā,3557,÷ĄĀ
Ā,230,æ,3558,Āæ
æ,202,Ê,3559,æÊ
Ê,323,Ń,3560,ÊŃ
Ń,323,Ń,3561,ŃŃ
Ń,1155,Ăÿÿ,3562,ŃĂ
Ăÿÿ,644,āþ,3563,Ăÿÿā
āþ,685,āÿþ,3564,āþā
āÿþ,3125,āÿÿÿÿÿ,3565,āÿþā
āÿÿÿÿÿ,520,ÿÿÿÿÿÿÿÿÿ,3566,āÿÿÿÿÿÿ
ÿÿÿÿÿÿÿÿÿ,249,ù,3567,ÿÿÿÿÿÿÿÿÿù
ù,160, ,3568,ù 
 ,220,Ü,3569, Ü
Ü,304,İ,3570,Üİ
İ,2861,ĉĂ,3571,İĉ
ĉĂ,256,Ā,3572,ĉĂĀ
Ā,2642,ąā,3573,Āą
ąā,1255,ýāā,3574,ąāý
ýāā,1094,Ăāþ,3575,ýāāĂ
Ăāþ,814,ĂĄ,3576,ĂāþĂ
ĂĄ,3138,āĀĂ,3577,ĂĄā
āĀĂ,796,āĀþ,3578,āĀĂā
āĀþ,603,ĀÿĀ,3579,āĀþĀ
ĀÿĀ,1851,üþý,3580,ĀÿĀü
üþý,1254,ýûý,3581,üþýý
ýûý,595,þþ,3582,ýûýþ
þþ,825,ûú,3583,þþû
ûú,551,ÿþÿ,3584,ûúÿ
ÿþÿ,3127,úÄ,3585,ÿþÿú
úÄ,2893,ùü,3586,úÄù
ùü,349,ŝ,3587,ùüŝ
ŝ,294,Ħ,3588,ŝĦ
Ħ,841,ĂĂ,3589,ĦĂ
ĂĂ,891,üĂ,3590,ĂĂü
üĂ,3484,ÿĀÿÿÿÿÿÿÿÿÿÿÿÿÿÿÿ,3591,üĂÿ
ÿĀÿÿÿÿÿÿÿÿÿÿÿÿÿÿÿ,560,ÿÿÿÿÿÿÿÿÿÿÿÿÿÿÿ,3592,ÿĀÿÿÿÿÿÿÿÿÿÿÿÿÿÿÿÿ
ÿÿÿÿÿÿÿÿÿÿÿÿÿÿÿ,1260,üā,3593,ÿÿÿÿÿÿÿÿÿÿÿÿÿÿÿü
üā,974,ÿþĀþ,3594,üāÿ
ÿþĀþ,699,ýþ,3595,ÿþĀþý
ýþ,229,å,3596,ýþå
å,155,,3597,å
,266,Ċ,3598,Ċ
Ċ,307,ĳ,3599,Ċĳ
ĳ,2356,āøĉ,3600,ĳā
āøĉ,3359,úă,3601,āøĉú
úă,982,ùĂ,3602,úăù
ùĂ,293,ĥ,3603,ùĂĥ
ĥ,277,ĕ,3604,ĥĕ
ĕ,1260,üā,3605,ĕü
üā,1763,āù,3606,üāā
āù,2503,Ąù,3607,āùĄ
Ąù,211,Ó,3608,ĄùÓ
Ó,234,ê,3609,Óê
ê,3030,ùć,3610,êù
ùć,235,ë,3611,ùćë
ë,168,¨,3612,ë¨
¨,191,¿,3613,¨¿
¿,1466,ùĀ,3614,¿ù
ùĀ,3369,ýĀý,3615,ùĀý
ýĀý,993,Āÿþÿ,3616,ýĀýĀ
Āÿþÿ,878,āÿÿ,3617,Āÿþÿā
āÿÿ,261,ą,3618,āÿÿą
ą,287,ğ,3619,ąğ
ğ,354,Ţ,3620,ğŢ
Ţ,294,Ħ,3621,ŢĦ
Ħ,825,ûú,3622,Ħû
ûú,272,Đ,3623,ûúĐ
Đ,304,İ,3624,Đİ
İ,817,Ćă,3625,İĆ
Ćă,724,Āþÿÿÿÿÿÿ,3626,ĆăĀ
Āþÿÿÿÿÿÿ,1104,Āÿþþ,3627,ĀþÿÿÿÿÿÿĀ
Āÿþþ,2163,ĀþĀþ,3628,ĀÿþþĀ
ĀþĀþ,593,ÿÿÿÿÿÿþ,3629,ĀþĀþÿ
ÿÿÿÿÿÿþ,3509,Āþÿā,3630,ÿÿÿÿÿÿþĀ
Āþÿā,237,í,3631,Āþÿāí
í,198,Æ,3632,íÆ
Æ,264,Ĉ,3633,ÆĈ
Ĉ,178,²,3634,Ĉ²
²,265,ĉ,3635,²ĉ
ĉ,374,Ŷ,3636,ĉŶ
Ŷ,2893,ùü,3637,Ŷù
ùü,260,Ą,3638,ùüĄ
Ą,817,Ćă,3639,ĄĆ
Ćă,253,ý,3640,Ćăý
ý,2911,Ćÿ,3641,ýĆ
Ćÿ,989,āĂ,3642,Ćÿā
āĂ,2719,ĂĀĀ,3643,āĂĂ
ĂĀĀ,3340,ÿÿĀÿÿÿÿÿ,3644,ĂĀĀÿ
ÿÿĀÿÿÿÿÿ,856,þþþÿ,3645,ÿÿĀÿÿÿÿÿþ
þþþÿ,2030,üþüü,3646,þþþÿü
üþüü,2534,ûýû,3647,üþüüû
ûýû,1290,úú,3648,ûýûú
úú,262,Ć,3649,úúĆ
Ć,241,ñ,3650,Ćñ
ñ,103,g,3651,ñg
g,345,ř,3652,gř
ř,278,Ė,3653,řĖ
Ė,265,ĉ,3654,Ėĉ
ĉ,304,İ,3655,ĉİ
İ,263,ć,3656,İć
ć,658,þĀý,3657,ćþ
þĀý,994,ÿĀĀā,3658,þĀýÿ
ÿĀĀā,2690,úĂ,3659,ÿĀĀāú
úĂ,254,þ,3660,úĂþ
þ,2302,òÙ,3661,þò
òÙ,1466,ùĀ,3662,òÙù
ùĀ,841,ĂĂ,3663,ùĀĂ
ĂĂ,947,øă,3664,ĂĂø
øă,227,ã,3665,øăã
ã,210,Ò,3666,ãÒ
Ò,323,Ń,3667,ÒŃ
Ń,2949,ŀā,3668,Ńŀ
ŀā,1167,āĀÿ,3669,ŀāā
āĀÿ,3591,üĂÿ,3670,āĀÿü
üĂÿ,1395,Āÿÿÿÿÿÿÿÿÿÿÿÿÿÿ,3671,üĂÿĀ
Āÿÿÿÿÿÿÿÿÿÿÿÿÿÿ,249,ù,3672,Āÿÿÿÿÿÿÿÿÿÿÿÿÿÿù
ù,159,,3673,ù
,221,Ý,3674,Ý
Ý,305,ı,3675,Ýı
ı,1601,Ćā,3676,ıĆ
Ćā,762,Ąą,3677,ĆāĄ
Ąą,735,þþā,3678,Ąąþ
þþā,1672,þă,3679,þþāþ
þă,1735,ăĀÿ,3680,þăă
ăĀÿ,872,Ąāÿ,3681,ăĀÿĄ
Ąāÿ,1735,ăĀÿ,3682,Ąāÿă
ăĀÿ,1271,ĀĀÿþ,3683,ăĀÿĀ
ĀĀÿþ,893,þýý,3684,ĀĀÿþþ
þýý,824,ýþû,3685,þýýý
ýþû,879,ÿü,3686,ýþûÿ
ÿü,803,ýû,3687,ÿüý
ýû,1774,ÿþĂ,3688,ýûÿ
ÿþĂ,217,Ù,3689,ÿþĂÙ
Ù,216,Ø,3690,ÙØ
Ø,254,þ,3691,Øþ
þ,319,Ŀ,3692,þĿ
Ŀ,325,Ņ,3693,ĿŅ
Ņ,1360,ăāĀ,3694,Ņă
ăāĀ,3671,üĂÿĀ,3695,ăāĀü
üĂÿĀ,2951,ÿÿÿÿÿÿÿÿÿÿÿÿÿÿÿÿÿÿÿÿÿÿÿÿÿÿÿÿÿÿÿÿþ,3696,üĂÿĀÿ
ÿÿÿÿÿÿÿÿÿÿÿÿÿÿÿÿÿÿÿÿÿÿÿÿÿÿÿÿÿÿÿÿþ,932,ÿÿþü,3697,ÿÿÿÿÿÿÿÿÿÿÿÿÿÿÿÿÿÿÿÿÿÿÿÿÿÿÿÿÿÿÿÿþÿ
ÿÿþü,232,è,3698,ÿÿþüè
è,154,,3699,è
,3655,ĉİ,3700,ĉ
ĉİ,3456,ĂĀþ,3701,ĉİĂ
ĂĀþ,1501,ýă,3702,ĂĀþý
ýă,251,û,3703,ýăû
û,2825,ąĤ,3704,ûą
ąĤ,273,đ,3705,ąĤđ
đ,2666,āĀü,3706,đā
āĀü,795,þā,3707,āĀüþ
þā,250,ú,3708,þāú
ú,228,ä,3709,úä
ä,207,Ï,3710,äÏ
Ï,1242,Ĉā,3711,ÏĈ
Ĉā,219,Û,3712,ĈāÛ
Û,145,,3713,Û
,226,â,3714,â
â,3100,þþý,3715,âþ
þþý,2806,Āāü,3716,þþýĀ
Āāü,1422,ĀÿĀĀ,3717,ĀāüĀ
ĀÿĀĀ,699,ýþ,3718,ĀÿĀĀý
ýþ,3564,āþā,3719,ýþā
āþā,262,Ć,3720,āþāĆ
Ć,348,Ŝ,3721,ĆŜ
Ŝ,334,Ŏ,3722,ŜŎ
Ŏ,244,ô,3723,Ŏô
ô,3032,ýĖ,3724,ôý
ýĖ,300,Ĭ,3725,ýĖĬ
Ĭ,1725,ćĀ,3726,Ĭć
ćĀ,627,ÿþÿÿÿĀ,3727,ćĀÿ
ÿþÿÿÿĀ,3083,ÿþÿÿÿÿÿÿ,3728,ÿþÿÿÿĀÿ
ÿþÿÿÿÿÿÿ,2262,þĀÿþÿÿ,3729,ÿþÿÿÿÿÿÿþ
þĀÿþÿÿ,2486,ÿÿĀý,3730,þĀÿþÿÿÿ
ÿÿĀý,644,āþ,3731,ÿÿĀýā
āþ,213,Õ,3732,āþÕ
Õ,221,Ý,3733,ÕÝ
Ý,263,ć,3734,Ýć
ć,160, ,3735,ć 
 ,370,Ų,3736, Ų
Ų,281,ę,3737,Ųę
ę,258,Ă,3738,ęĂ
Ă,1497,Ĉþ,3739,ĂĈ
Ĉþ,1521,ăý,3740,Ĉþă
ăý,2856,ĉü,3741,ăýĉ
ĉü,907,ąĂ,3742,ĉüą
ąĂ,3407,Āāÿ,3743,ąĂĀ
Āāÿ,2566,Āÿþÿÿÿÿ,3744,ĀāÿĀ
Āÿþÿÿÿÿ,1871,ÿĀÿþÿþ,3745,Āÿþÿÿÿÿÿ
ÿĀÿþÿþ,3035,þýüü,3746,ÿĀÿþÿþþ
þýüü,2324,üýûý,3747,þýüüü
üýûý,251,û,3748,üýûýû
û,1915,øć,3749,ûø
øć,165,¥,3750,øć¥
¥,221,Ý,3751,¥Ý
Ý,328,ň,3752,Ýň
ň,249,ù,3753,ňù
ù,303,į,3754,ùį
į,278,Ė,3755,įĖ
Ė,3439,üĀþ,3756,Ėü
üĀþ,718,ÿÿþÿ,3757,üĀþÿ
ÿÿþÿ,2002,ąü,3758,ÿÿþÿą
ąü,699,ýþ,3759,ąüý
ýþ,245,õ,3760,ýþõ
õ,216,Ø,3761,õØ
Ø,3441,üāü,3762,Øü
üāü,1888,ÿāĀ,3763,üāüÿ
ÿāĀ,223,ß,3764,ÿāĀß
ß,211,Ó,3765,ßÓ
Ó,340,Ŕ,3766,ÓŔ
Ŕ,299,ī,3767,Ŕī
ī,1505,Ĉāÿ,3768,īĈ
Ĉāÿ,1574,ýāÿĀ,3769,Ĉāÿý
ýāÿĀ,555,ÿÿÿÿÿÿÿÿÿÿÿÿÿÿ,3770,ýāÿĀÿ
ÿÿÿÿÿÿÿÿÿÿÿÿÿÿ,3342,ù©,3771,ÿÿÿÿÿÿÿÿÿÿÿÿÿÿù
ù©,209,Ñ,3772,ù©Ñ
Ñ,303,į,3773,Ñį
į,840,ćĂ,3774,įć
ćĂ,261,ą,3775,ćĂą
ą,2205,ăāā,3776,ąă
ăāā,991,ýýĀ,3777,ăāāý
ýýĀ,2041,ĆĂ,3778,ýýĀĆ
ĆĂ,2355,āÿā,3779,ĆĂā
āÿā,1152,Āā,3780,āÿāĀ
Āā,1975,āÿÿÿĀÿ,3781,Āāā
āÿÿÿĀÿ,2326,þýýÿ,3782,āÿÿÿĀÿþ
þýýÿ,3688,ýûÿ,3783,þýýÿý
ýûÿ,2828,üüþ,3784,ýûÿü
üüþ,525,þĀ,3785,üüþþ
þĀ,244,ô,3786,þĀô
ô,205,Í,3787,ôÍ
Í,1532,óĠ,3788,Íó
óĠ,346,Ś,3789,óĠŚ
Ś,1045,ĉā,3790,Śĉ
ĉā,1652,Āü,3791,ĉāĀ
Āü,1590,ăþ,3792,Āüă
ăþ,3566,āÿÿÿÿÿÿ,3793,ăþā
āÿÿÿÿÿÿ,646,ÿÿÿÿÿÿÿÿÿÿÿÿÿÿÿÿÿÿÿÿÿÿÿÿÿ,3794,āÿÿÿÿÿÿÿ
ÿÿÿÿÿÿÿÿÿÿÿÿÿÿÿÿÿÿÿÿÿÿÿÿÿ,2164,þÿþĀÿ,3795,ÿÿÿÿÿÿÿÿÿÿÿÿÿÿÿÿÿÿÿÿÿÿÿÿÿþ
þÿþĀÿ,252,ü,3796,þÿþĀÿü
ü,235,ë,3797,üë
ë,158,,3798,ë
,253,ý,3799,ý
ý,3268,Ĳă,3800,ýĲ
Ĳă,546,ĀĀ,3801,ĲăĀ
ĀĀ,3218,Ăú,3802,ĀĀĂ
Ăú,989,āĂ,3803,Ăúā
āĂ,293,ĥ,3804,āĂĥ
ĥ,272,Đ,3805,ĥĐ
Đ,843,ÿþĀÿ,3806,Đÿ
ÿþĀÿ,595,þþ,3807,ÿþĀÿþ
þþ,236,ì,3808,þþì
ì,200,È,3809,ìÈ
È,1804,Ăă,3810,ÈĂ
Ăă,200,È,3811,ĂăÈ
È,151,,3812,È
,240,ð,3813,ð
ð,2077,üþÿĀ,3814,ðü
üþÿĀ,574,ÿÿÿĀ,3815,üþÿĀÿ
ÿÿÿĀ,1832,ĀýÿĀ,3816,ÿÿÿĀĀ
ĀýÿĀ,661,þÿþÿ,3817,ĀýÿĀþ
þÿþÿ,761,āĄ,3818,þÿþÿā
āĄ,332,Ō,3819,āĄŌ
Ō,347,ś,3820,Ōś
ś,1287,þù,3821,śþ
þù,290,Ģ,3822,þùĢ
Ģ,2523,ĤĂ,3823,ĢĤ
ĤĂ,970,āÿÿþ,3824,ĤĂā
āÿÿþ,548,ÿÿĀþ,3825,āÿÿþÿ
ÿÿĀþ,2568,ĀþĀý,3826,ÿÿĀþĀ
ĀþĀý,2982,ĀþĀþĀþ,3827,ĀþĀýĀ
ĀþĀþĀþ,3629,ĀþĀþÿ,3828,ĀþĀþĀþĀ
ĀþĀþÿ,1763,āù,3829,ĀþĀþÿā
āù,257,ā,3830,āùā
ā,196,Ä,3831,āÄ
Ä,246,ö,3832,Äö
ö,232,è,3833,öè
è,222,Þ,3834,èÞ
Þ,365,ŭ,3835,Þŭ
ŭ,251,û,3836,ŭû
û,2808,ćû,3837,ûć
ćû,840,ćĂ,3838,ćûć
ćĂ,1536,āĄĀ,3839,ćĂā
āĄĀ,2442,ăĀāÿ,3840,āĄĀă
ăĀāÿ,3216,Āÿý,3841,ăĀāÿĀ
Āÿý,641,ÿÿÿĀÿÿÿ,3842,Āÿýÿ
ÿÿÿĀÿÿÿ,547,Āþÿÿÿ,3843,ÿÿÿĀÿÿÿĀ
Āþÿÿÿ,1292,üý,3844,Āþÿÿÿü
üý,3845,üýü,3845,üýü
üýü,1202,úû,3846,üýüú
úû,1591,þû,3847,úûþ
þû,249,ù,3848,þûù
ù,244,ô,3849,ùô
ô,142,,3850,ô
,334,Ŏ,3851,Ŏ
Ŏ,247,÷,3852,Ŏ÷
÷,296,Ĩ,3853,÷Ĩ
Ĩ,290,Ģ,3854,ĨĢ
Ģ,1651,ûĀĀ,3855,Ģû
ûĀĀ,1165,ýĀā,3856,ûĀĀý
ýĀā,729,ýĀÿÿ,3857,ýĀāý
ýĀÿÿ,1848,āú,3858,ýĀÿÿā
āú,245,õ,3859,āúõ
õ,218,Ú,3860,õÚ
Ú,2229,ûþĂ,3861,Úû
ûþĂ,543,ýĀ,3862,ûþĂý
ýĀ,252,ü,3863,ýĀü
ü,218,Ú,3864,üÚ
Ú,223,ß,3865,Úß
ß,354,Ţ,3866,ßŢ
Ţ,2730,ġĀ,3867,Ţġ
ġĀ,1155,Ăÿÿ,3868,ġĀĂ
Ăÿÿ,1362,ýāĀÿÿ,3869,Ăÿÿý
ýāĀÿÿ,532,ÿÿÿÿÿÿÿÿÿÿÿ,3870,ýāĀÿÿÿ
ÿÿÿÿÿÿÿÿÿÿÿ,249,ù,3871,ÿÿÿÿÿÿÿÿÿÿÿù
ù,180,´,3872,ù´
´,194,Â,3873,´Â
Â,304,İ,3874,Âİ
İ,2280,ĊĂ,3875,İĊ
ĊĂ,1243,āă,3876,ĊĂā
āă,262,Ć,3877,āăĆ
Ć,972,ýĂþ,3878,Ćý
ýĂþ,1152,Āā,3879,ýĂþĀ
Āā,712,ĀĀĀ,3880,ĀāĀ
ĀĀĀ,876,ăÿ,3881,ĀĀĀă
ăÿ,842,Ăāÿ,3882,ăÿĂ
Ăāÿ,552,ÿĀÿ,3883,Ăāÿÿ
ÿĀÿ,3369,ýĀý,3884,ÿĀÿý
ýĀý,757,þþü,3885,ýĀýþ
þþü,2829,þüþ,3886,þþüþ
þüþ,2690,úĂ,3887,þüþú
úĂ,962,üă,3888,úĂü
üă,220,Ü,3889,üăÜ
Ü,216,Ø,3890,ÜØ
Ø,257,ā,3891,Øā
ā,357,ť,3892,āť
ť,284,Ĝ,3893,ťĜ
Ĝ,892,Ăþ,3894,ĜĂ
Ăþ,796,āĀþ,3895,Ăþā
āĀþ,3153,þāÿÿ,3896,āĀþþ
þāÿÿ,721,ÿÿÿÿÿÿÿÿÿÿÿÿÿÿÿÿÿÿÿÿÿÿÿÿÿÿÿÿÿ,3897,þāÿÿÿ
ÿÿÿÿÿÿÿÿÿÿÿÿÿÿÿÿÿÿÿÿÿÿÿÿÿÿÿÿÿ,1967,üāý,3898,ÿÿÿÿÿÿÿÿÿÿÿÿÿÿÿÿÿÿÿÿÿÿÿÿÿÿÿÿÿü
üāý,653,Āý,3899,üāýĀ
Āý,243,ó,3900,Āýó
ó,161,¡,3901,ó¡
¡,236,ì,3902,¡ì
ì,311,ķ,3903,ìķ
ķ,1601,Ćā,3904,ķĆ
Ćā,1759,øĄ,3905,Ćāø
øĄ,1272,þÿā,3906,øĄþ
þÿā,3805,ĥĐ,3907,þÿāĥ
ĥĐ,643,ÿÿā,3908,ĥĐÿ
ÿÿā,525,þĀ,3909,ÿÿāþ
þĀ,829,úø,3910,þĀú
úø,198,Æ,3911,úøÆ
Æ,891,üĂ,3912,Æü
üĂ,200,È,3913,üĂÈ
È,147,,3914,È
,3724,ôý,3915,ô
ôý,1400,ýāÿ,3916,ôýý
ýāÿ,290,Ģ,3917,ýāÿĢ
Ģ,308,Ĵ,3918,ĢĴ
Ĵ,296,Ĩ,3919,ĴĨ
Ĩ,287,ğ,3920,Ĩğ
ğ,267,ċ,3921,ğċ
ċ,256,Ā,3922,ċĀ
Ā,245,õ,3923,Āõ
õ,228,ä,3924,õä
ä,217,Ù,3925,äÙ
Ù,201,É,3926,ÙÉ
É,213,Õ,3927,ÉÕ
Õ,1118,úÿ,3928,Õú
úÿ,710,ÿā,3929,úÿÿ
ÿā,258,Ă,3930,ÿāĂ
Ă,333,ō,3931,Ăō
ō,344,Ř,3932,ōŘ
Ř,261,ą,3933,Řą
ą,244,ô,3934,ąô
ô,308,Ĵ,3935,ôĴ
Ĵ,280,Ę,3936,ĴĘ
Ę,1076,ûĀ,3937,Ęû
ûĀ,1082,āāÿ,3938,ûĀā
āāÿ,756,üþ,3939,āāÿü
üþ,1177,ĂþĀ,3940,üþĂ
ĂþĀ,2162,þĀþĀ,3941,ĂþĀþ
þĀþĀ,886,þĀþÿÿ,3942,þĀþĀþ
þĀþÿÿ,1892,þÿÿÿĀþ,3943,þĀþÿÿþ
þÿÿÿĀþ,241,ñ,3944,þÿÿÿĀþñ
ñ,199,Ç,3945,ñÇ
Ç,259,ă,3946,Çă
ă,204,Ì,3947,ăÌ
Ì,312,ĸ,3948,Ìĸ
ĸ,298,Ī,3949,ĸĪ
Ī,2012,ÿă,3950,Īÿ
ÿă,814,ĂĄ,3951,ÿăĂ
ĂĄ,760,Ăā,3952,ĂĄĂ
Ăā,820,ăĂ,3953,Ăāă
ăĂ,1770,ăÿÿÿ,3954,ăĂă
ăÿÿÿ,1870,Āÿþÿÿÿ,3955,ăÿÿÿĀ
Āÿþÿÿÿ,1680,Āÿü,3956,ĀÿþÿÿÿĀ
Āÿü,2556,Ăÿý,3957,ĀÿüĂ
Ăÿý,578,ĀþĀÿ,3958,ĂÿýĀ
ĀþĀÿ,756,üþ,3959,ĀþĀÿü
üþ,248,ø,3960,üþø
ø,2940,ÿú,3961,øÿ
ÿú,702,ýü,3962,ÿúý
ýü,861,ûü,3963,ýüû
ûü,257,ā,3964,ûüā
ā,167,§,3965,ā§
§,267,ċ,3966,§ċ
ċ,276,Ĕ,3967,ċĔ
Ĕ,2318,čİ,3968,Ĕč
čİ,3031,ćý,3969,čİć
ćý,661,þÿþÿ,3970,ćýþ
þÿþÿ,583,Āÿÿÿÿþ,3971,þÿþÿĀ
Āÿÿÿÿþ,252,ü,3972,Āÿÿÿÿþü
ü,244,ô,3973,üô
ô,946,Üø,3974,ôÜ
Üø,2073,ćÿ,3975,Üøć
ćÿ,1460,ûÿ,3976,ćÿû
ûÿ,256,Ā,3977,ûÿĀ
Ā,206,Î,3978,ĀÎ
Î,240,ð,3979,Îð
ð,359,ŧ,3980,ðŧ
ŧ,275,ē,3981,ŧē
ē,1697,ăĀ,3982,ēă
ăĀ,1603,þÿĀĀÿ,3983,ăĀþ
þÿĀĀÿ,553,ÿÿÿÿÿÿÿÿÿÿÿÿ,3984,þÿĀĀÿÿ
ÿÿÿÿÿÿÿÿÿÿÿÿ,250,ú,3985,ÿÿÿÿÿÿÿÿÿÿÿÿú
ú,199,Ç,3986,úÇ
Ç,171,«,3987,Ç«
«,299,ī,3988,«ī
ī,279,ė,3989,īė
ė,250,ú,3990,ėú
ú,907,ąĂ,3991,úą
ąĂ,3537,āāā,3992,ąĂā
āāā,606,ĀÿĀÿ,3993,āāāĀ
ĀÿĀÿ,3351,ĂāĂ,3994,ĀÿĀÿĂ
ĂāĂ,706,ÿĀā,3995,ĂāĂÿ
ÿĀā,622,Āþÿÿÿÿ,3996,ÿĀāĀ
Āþÿÿÿÿ,699,ýþ,3997,Āþÿÿÿÿý
ýþ,2331,þýüþ,3998,ýþþ
þýüþ,705,ýÿÿ,3999,þýüþý
ýÿÿ,703,üÿ,4000,ýÿÿü
üÿ,200,È,4001,üÿÈ
È,235,ë,4002,Èë
ë,313,Ĺ,4003,ëĹ
Ĺ,334,Ŏ,4004,ĹŎ
Ŏ,1482,Ąÿ,4005,ŎĄ
Ąÿ,3231,ĀÿÿÿÿĀÿÿ,4006,ĄÿĀ
ĀÿÿÿÿĀÿÿ,2238,ÿÿÿÿÿÿÿÿÿÿÿÿÿÿÿÿÿÿÿÿÿÿÿÿÿÿÿÿþÿ,4007,ĀÿÿÿÿĀÿÿÿ
ÿÿÿÿÿÿÿÿÿÿÿÿÿÿÿÿÿÿÿÿÿÿÿÿÿÿÿÿþÿ,525,þĀ,4008,ÿÿÿÿÿÿÿÿÿÿÿÿÿÿÿÿÿÿÿÿÿÿÿÿÿÿÿÿþÿþ
þĀ,252,ü,4009,þĀü
ü,245,õ,4010,üõ
õ,174,®,4011,õ®
®,220,Ü,4012,®Ü
Ü,302,Į,4013,ÜĮ
Į,270,Ď,4014,ĮĎ
Ď,951,Ąø,4015,ĎĄ
Ąø,1955,Ąýÿ,4016,ĄøĄ
Ąýÿ,258,Ă,4017,ĄýÿĂ
Ă,291,ģ,4018,Ăģ
ģ,278,Ė,4019,ģĖ
Ė,3223,ùĄ,4020,Ėù
ùĄ,1036,ýÿý,4021,ùĄý
ýÿý,654,ýÿ,4022,ýÿýý
ýÿ,207,Ï,4023,ýÿÏ
Ï,232,è,4024,Ïè
è,260,Ą,4025,èĄ
Ą,218,Ú,4026,ĄÚ
Ú,133,,4027,Ú
,239,ï,4028,ï
ï,543,ýĀ,4029,ïý
ýĀ,261,ą,4030,ýĀą
ą,325,Ņ,4031,ąŅ
Ņ,336,Ő,4032,ŅŐ
Ő,313,Ĺ,4033,ŐĹ
Ĺ,266,Ċ,4034,ĹĊ
Ċ,2686,ýĄ,4035,Ċý
ýĄ,246,ö,4036,ýĄö
ö,255,ÿ,4037,öÿ
ÿ,3067,Ąýā,4038,ÿĄ
Ąýā,246,ö,4039,Ąýāö
ö,215,×,4040,ö×
×,178,²,4041,×²
²,168,¨,4042,²¨
¨,243,ó,4043,¨ó
ó,255,ÿ,4044,óÿ
ÿ,841,ĂĂ,4045,ÿĂ
ĂĂ,348,Ŝ,4046,ĂĂŜ
Ŝ,331,ŋ,4047,Ŝŋ
ŋ,538,ÿĀ,4048,ŋÿ
ÿĀ,312,ĸ,4049,ÿĀĸ
ĸ,268,Č,4050,ĸČ
Č,891,üĂ,4051,Čü
üĂ,982,ùĂ,4052,üĂù
ùĂ,3440,þĂü,4053,ùĂþ
þĂü,656,ÿÿÿÿÿÿÿĀ,4054,þĂüÿ
ÿÿÿÿÿÿÿĀ,2456,ĀýĀ,4055,ÿÿÿÿÿÿÿĀĀ
ĀýĀ,2162,þĀþĀ,4056,ĀýĀþ
þĀþĀ,1784,ûĄ,4057,þĀþĀû
ûĄ,220,Ü,4058,ûĄÜ
Ü,218,Ú,4059,ÜÚ
Ú,252,ü,4060,Úü
ü,214,Ö,4061,üÖ
Ö,342,Ŗ,4062,ÖŖ
Ŗ,1242,Ĉā,4063,ŖĈ
Ĉā,2867,ĂĄă,4064,ĈāĂ
ĂĄă,3349,ăāă,4065,ĂĄăă
ăāă,989,āĂ,4066,ăāăā
āĂ,2208,ÿÿÿĀÿþ,4067,āĂÿ
ÿÿÿĀÿþ,913,ÿüÿ,4068,ÿÿÿĀÿþÿ
ÿüÿ,2013,ăÿÿÿÿ,4069,ÿüÿă
ăÿÿÿÿ,1659,üû,4070,ăÿÿÿÿü
üû,1050,ąÿ,4071,üûą
ąÿ,2742,ÿþþý,4072,ąÿÿ
ÿþþý,2893,ùü,4073,ÿþþýù
ùü,3400,üù,4074,ùüü
üù,1287,þù,4075,üùþ
þù,257,ā,4076,þùā
ā,210,Ò,4077,āÒ
Ò,206,Î,4078,ÒÎ
Î,300,Ĭ,4079,ÎĬ
Ĭ,3162,ĀĲ,4080,ĬĀ
ĀĲ,267,ċ,4081,ĀĲċ
ċ,1052,ýāý,4082,ċý
ýāý,855,ÿĀþ,4083,ýāýÿ
ÿĀþ,558,ÿÿÿÿÿþ,4084,ÿĀþÿ
ÿÿÿÿÿþ,251,û,4085,ÿÿÿÿÿþû
û,1061,ôÝ,4086,ûô
ôÝ,1655,ûþ,4087,ôÝû
ûþ,1198,Ąþ,4088,ûþĄ
Ąþ,1117,Āú,4089,ĄþĀ
Āú,200,È,4090,ĀúÈ
È,261,ą,4091,Èą
ą,358,Ŧ,4092,ąŦ
Ŧ,267,ċ,4093,Ŧċ
ċ,1590,ăþ,4094,ċă
ăþ,1157,þĀĀÿ,4095,ăþþ
þĀĀÿ,553,ÿÿÿÿÿÿÿÿÿÿÿÿ,4096,þĀĀÿÿ
ÿÿÿÿÿÿÿÿÿÿÿÿ,251,û,4097,ÿÿÿÿÿÿÿÿÿÿÿÿû
û,214,Ö,4098,ûÖ
Ö,159,,4099,Ö
,284,Ĝ,4100,Ĝ
Ĝ,288,Ġ,4101,ĜĠ
Ġ,1292,üý,4102,Ġü
üý,261,ą,4103,üýą
ą,3021,ĆĀĂ,4104,ąĆ
ĆĀĂ,606,ĀÿĀÿ,4105,ĆĀĂĀ
ĀÿĀÿ,3781,Āāā,4106,ĀÿĀÿĀ
Āāā,787,Āÿā,4107,ĀāāĀ
Āÿā,1905,āÿÿÿÿ,4108,Āÿāā
āÿÿÿÿ,3355,ýþý,4109,āÿÿÿÿý
ýþý,757,þþü,4110,ýþýþ
þþü,564,ÿþþ,4111,þþüÿ
ÿþþ,620,āÿ,4112,ÿþþā
āÿ,230,æ,4113,āÿæ
æ,209,Ñ,4114,æÑ
Ñ,258,Ă,4115,ÑĂ
Ă,357,ť,4116,Ăť
ť,958,ĚĂ,4117,ťĚ
ĚĂ,1835,ÿÿÿÿÿÿĀ,4118,ĚĂÿ
ÿÿÿÿÿÿĀ,793,ÿÿÿÿÿÿÿÿÿÿÿÿÿÿÿÿÿÿÿÿÿÿÿÿÿÿÿÿÿÿþ,4119,ÿÿÿÿÿÿĀÿ
ÿÿÿÿÿÿÿÿÿÿÿÿÿÿÿÿÿÿÿÿÿÿÿÿÿÿÿÿÿÿþ,658,þĀý,4120,ÿÿÿÿÿÿÿÿÿÿÿÿÿÿÿÿÿÿÿÿÿÿÿÿÿÿÿÿÿÿþþ
þĀý,248,ø,4121,þĀýø
ø,190,¾,4122,ø¾
¾,190,¾,4123,¾¾
¾,311,ķ,4124,¾ķ
ķ,276,Ĕ,4125,ķĔ
Ĕ,1234,þüĀ,4126,Ĕþ
þüĀ,2427,ÿÿü,4127,þüĀÿ
ÿÿü,293,ĥ,4128,ÿÿüĥ
ĥ,4126,Ĕþ,4129,ĥĔ
Ĕþ,2012,ÿă,4130,Ĕþÿ
ÿă,991,ýýĀ,4131,ÿăý
ýýĀ,252,ü,4132,ýýĀü
ü,227,ã,4133,üã
ã,211,Ó,4134,ãÓ
Ó,260,Ą,4135,ÓĄ
Ą,236,ì,4136,Ąì
ì,121,y,4137,ìy
y,751,îû,4138,yî
îû,258,Ă,4139,îûĂ
Ă,310,Ķ,4140,ĂĶ
Ķ,368,Ű,4141,ĶŰ
Ű,307,ĳ,4142,Űĳ
ĳ,260,Ą,4143,ĳĄ
Ą,3013,ôĄ,4144,Ąô
ôĄ,1292,üý,4145,ôĄü
üý,1521,ăý,4146,üýă
ăý,1785,Ąü,4147,ăýĄ
Ąü,891,üĂ,4148,Ąüü
üĂ,948,ăú,4149,üĂă
ăú,229,å,4150,ăúå
å,144,,4151,å
,173,­,4152,­
­,513,ÿÿ,4153,­ÿ
ÿÿ,261,ą,4154,ÿÿą
ą,371,ų,4155,ąų
ų,309,ĵ,4156,ųĵ
ĵ,248,ø,4157,ĵø
ø,283,ě,4158,øě
ě,296,Ĩ,4159,ěĨ
Ĩ,1521,ăý,4160,Ĩă
ăý,1501,ýă,4161,ăýý
ýă,1567,āü,4162,ýăā
āü,2567,ÿÿÿÿÿÿÿÿĀþĀ,4163,āüÿ
ÿÿÿÿÿÿÿÿĀþĀ,2872,þĀþþ,4164,ÿÿÿÿÿÿÿÿĀþĀþ
þĀþþ,615,Āÿþ,4165,þĀþþĀ
Āÿþ,208,Ð,4166,ĀÿþÐ
Ð,1353,êæ,4167,Ðê
êæ,264,Ĉ,4168,êæĈ
Ĉ,327,Ň,4169,ĈŇ
Ň,2383,úĄĂ,4170,Ňú
úĄĂ,3269,ăă,4171,úĄĂă
ăă,1804,Ăă,4172,ăăĂ
Ăă,1129,ăā,4173,Ăăă
ăā,2067,ÿÿÿÿĀÿÿÿ,4174,ăāÿ
ÿÿÿÿĀÿÿÿ,930,ÿÿþÿÿ,4175,ÿÿÿÿĀÿÿÿÿ
ÿÿþÿÿ,3470,þĀÿÿýý,4176,ÿÿþÿÿþ
þĀÿÿýý,1035,Ąý,4177,þĀÿÿýýĄ
Ąý,543,ýĀ,4178,Ąýý
ýĀ,2221,ùý,4179,ýĀù
ùý,1662,ûû,4180,ùýû
ûû,1472,ûúü,4181,ûûû
ûúü,251,û,4182,ûúüû
û,163,£,4183,û£
£,299,ī,4184,£ī
ī,255,ÿ,4185,īÿ
ÿ,302,Į,4186,ÿĮ
Į,277,ĕ,4187,Įĕ
ĕ,845,ýĂý,4188,ĕý
ýĂý,535,ÿÿÿÿĀÿ,4189,ýĂýÿ
ÿÿÿÿĀÿ,1151,þþþĀ,4190,ÿÿÿÿĀÿþ
þþþĀ,251,û,4191,þþþĀû
û,239,ï,4192,ûï
ï,223,ß,4193,ïß
ß,629,ÿĀĀ,4194,ßÿ
ÿĀĀ,813,ýĂ,4195,ÿĀĀý
ýĂ,245,õ,4196,ýĂõ
õ,191,¿,4197,õ¿
¿,298,Ī,4198,¿Ī
Ī,343,ŗ,4199,Īŗ
ŗ,820,ăĂ,4200,ŗă
ăĂ,1053,ýĂÿ,4201,ăĂý
ýĂÿ,2922,ÿÿÿÿÿÿÿÿÿÿÿÿÿû,4202,ýĂÿÿ
ÿÿÿÿÿÿÿÿÿÿÿÿÿû,235,ë,4203,ÿÿÿÿÿÿÿÿÿÿÿÿÿûë
ë,146,,4204,ë
,263,ć,4205,ć
ć,4160,Ĩă,4206,ćĨ
Ĩă,875,ûă,4207,Ĩăû
ûă,1553,ĄĂ,4208,ûăĄ
ĄĂ,821,ĂāĀ,4209,ĄĂĂ
ĂāĀ,548,ÿÿĀþ,4210,ĂāĀÿ
ÿÿĀþ,711,āĀ,4211,ÿÿĀþā
āĀ,1421,āĀÿĀ,4212,āĀā
āĀÿĀ,3216,Āÿý,4213,āĀÿĀĀ
Āÿý,941,þýÿ,4214,Āÿýþ
þýÿ,2905,þÿýþ,4215,þýÿþ
þÿýþ,3140,ÿāýþ,4216,þÿýþÿ
ÿāýþ,208,Ð,4217,ÿāýþÐ
Ð,229,å,4218,Ðå
å,297,ĩ,4219,åĩ
ĩ,346,Ś,4220,ĩŚ
Ś,1116,ąĀ,4221,Śą
ąĀ,718,ÿÿþÿ,4222,ąĀÿ
ÿÿþÿ,3259,ĀĀÿÿÿ,4223,ÿÿþÿĀ
ĀĀÿÿÿ,2238,ÿÿÿÿÿÿÿÿÿÿÿÿÿÿÿÿÿÿÿÿÿÿÿÿÿÿÿÿþÿ,4224,ĀĀÿÿÿÿ
ÿÿÿÿÿÿÿÿÿÿÿÿÿÿÿÿÿÿÿÿÿÿÿÿÿÿÿÿþÿ,803,ýû,4225,ÿÿÿÿÿÿÿÿÿÿÿÿÿÿÿÿÿÿÿÿÿÿÿÿÿÿÿÿþÿý
ýû,210,Ò,4226,ýûÒ
Ò,166,¦,4227,Ò¦
¦,300,Ĭ,4228,¦Ĭ
Ĭ,4102,Ġü,4229,ĬĠ
Ġü,1512,þþāÿ,4230,Ġüþ
þþāÿ,252,ü,4231,þþāÿü
ü,286,Ğ,4232,üĞ
Ğ,280,Ę,4233,ĞĘ
Ę,860,Ăû,4234,ĘĂ
Ăû,3176,ąüĀ,4235,Ăûą
ąüĀ,523,þÿ,4236,ąüĀþ
þÿ,241,ñ,4237,þÿñ
ñ,203,Ë,4238,ñË
Ë,249,ù,4239,Ëù
ù,259,ă,4240,ùă
ă,126,~,4241,ă~
~,214,Ö,4242,~Ö
Ö,3447,úĈ,4243,Öú
úĈ,371,ų,4244,úĈų
ų,351,ş,4245,ųş
ş,948,ăú,4246,şă
ăú,1823,üĄ,4247,ăúü
üĄ,543,ýĀ,4248,üĄý
ýĀ,3115,Ćû,4249,ýĀĆ
Ćû,1704,ÿýþ,4250,Ćûÿ
ÿýþ,1035,Ąý,4251,ÿýþĄ
Ąý,947,øă,4252,Ąýø
øă,2686,ýĄ,4253,øăý
ýĄ,180,´,4254,ýĄ´
´,132,,4255,´
,230,æ,4256,æ
æ,255,ÿ,4257,æÿ
ÿ,276,Ĕ,4258,ÿĔ
Ĕ,390,Ɔ,4259,ĔƆ
Ɔ,272,Đ,4260,ƆĐ
Đ,3255,Āĥ,4261,ĐĀ
Āĥ,1671,ĝþ,4262,Āĥĝ
ĝþ,1666,āø,4263,ĝþā
āø,3067,Ąýā,4264,āøĄ
Ąýā,910,ÿÿþĀþ,4265,Ąýāÿ
ÿÿþĀþ,2672,Āþÿÿÿÿÿÿÿ,4266,ÿÿþĀþĀ
Āþÿÿÿÿÿÿÿ,4045,ÿĂ,4267,Āþÿÿÿÿÿÿÿÿ
ÿĂ,246,ö,4268,ÿĂö
ö,205,Í,4269,öÍ
Í,244,ô,4270,Íô
ô,207,Ï,4271,ôÏ
Ï,325,Ņ,4272,ÏŅ
Ņ,284,Ĝ,4273,ŅĜ
Ĝ,1349,ÿą,4274,Ĝÿ
ÿą,2867,ĂĄă,4275,ÿąĂ
ĂĄă,1243,āă,4276,ĂĄăā
āă,3186,Ăāþÿ,4277,āăĂ
Ăāþÿ,1638,ÿÿĀÿÿÿ,4278,Ăāþÿÿ
ÿÿĀÿÿÿ,799,þĀþÿ,4279,ÿÿĀÿÿÿþ
þĀþÿ,1512,þþāÿ,4280,þĀþÿþ
þþāÿ,3243,þþĂ,4281,þþāÿþ
þþĂ,2186,üĀĀ,4282,þþĂü
üĀĀ,1558,ûý,4283,üĀĀû
ûý,1037,ýø,4284,ûýý
ýø,257,ā,4285,ýøā
ā,246,ö,4286,āö
ö,827,þø,4287,öþ
þø,260,Ą,4288,þøĄ
Ą,183,·,4289,Ą·
·,247,÷,4290,·÷
÷,280,Ę,4291,÷Ę
Ę,283,ě,4292,Ęě
ě,2826,Ĥþ,4293,ěĤ
Ĥþ,644,āþ,4294,Ĥþā
āþ,3629,ĀþĀþÿ,4295,āþĀ
ĀþĀþÿ,1104,Āÿþþ,4296,ĀþĀþÿĀ
Āÿþþ,1156,ÿüþ,4297,Āÿþþÿ
ÿüþ,238,î,4298,ÿüþî
î,1987,áā,4299,îá
áā,941,þýÿ,4300,áāþ
þýÿ,260,Ą,4301,þýÿĄ
Ą,2404,éÎ,4302,Ąé
éÎ,320,ŀ,4303,éÎŀ
ŀ,318,ľ,4304,ŀľ
ľ,1245,Ăāā,4305,ľĂ
Ăāā,555,ÿÿÿÿÿÿÿÿÿÿÿÿÿÿ,4306,Ăāāÿ
ÿÿÿÿÿÿÿÿÿÿÿÿÿÿ,1664,üø,4307,ÿÿÿÿÿÿÿÿÿÿÿÿÿÿü
üø,152,,4308,üø
,232,è,4309,è
è,304,İ,4310,èİ
İ,907,ąĂ,4311,İą
ąĂ,654,ýÿ,4312,ąĂý
ýÿ,815,Ąā,4313,ýÿĄ
Ąā,820,ăĂ,4314,Ąāă
ăĂ,740,þÿĀÿÿ,4315,ăĂþ
þÿĀÿÿ,788,āÿĀ,4316,þÿĀÿÿā
āÿĀ,599,ĀþÿÿĀ,4317,āÿĀĀ
ĀþÿÿĀ,3406,þýþĀ,4318,ĀþÿÿĀþ
þýþĀ,692,þþÿÿ,4319,þýþĀþ
þþÿÿ,1763,āù,4320,þþÿÿā
āù,249,ù,4321,āùù
ù,199,Ç,4322,ùÇ
Ç,250,ú,4323,Çú
ú,342,Ŗ,4324,úŖ
Ŗ,2422,īĄ,4325,Ŗī
īĄ,1738,Āÿÿþÿ,4326,īĄĀ
Āÿÿþÿ,2818,ĀÿĀÿÿÿÿÿÿ,4327,ĀÿÿþÿĀ
ĀÿĀÿÿÿÿÿÿ,1135,ÿÿÿÿÿÿÿÿÿÿÿÿÿÿÿÿÿÿÿÿÿÿÿÿþ,4328,ĀÿĀÿÿÿÿÿÿÿ
ÿÿÿÿÿÿÿÿÿÿÿÿÿÿÿÿÿÿÿÿÿÿÿÿþ,802,ýý,4329,ÿÿÿÿÿÿÿÿÿÿÿÿÿÿÿÿÿÿÿÿÿÿÿÿþý
ýý,225,á,4330,ýýá
á,155,,4331,á
,284,Ĝ,4332,Ĝ
Ĝ,295,ħ,4333,Ĝħ
ħ,2569,ýĀþÿ,4334,ħý
ýĀþÿ,860,Ăû,4335,ýĀþÿĂ
Ăû,2659,Ęğ,4336,ĂûĘ
Ęğ,710,ÿā,4337,Ęğÿ
ÿā,1432,āýÿ,4338,ÿāā
āýÿ,875,ûă,4339,āýÿû
ûă,252,ü,4340,ûăü
ü,205,Í,4341,üÍ
Í,231,ç,4342,Íç
ç,269,č,4343,çč
č,165,¥,4344,č¥
¥,168,¨,4345,¥¨
¨,251,û,4346,¨û
û,285,ĝ,4347,ûĝ
ĝ,394,Ɗ,4348,ĝƊ
Ɗ,314,ĺ,4349,Ɗĺ
ĺ,1379,÷þ,4350,ĺ÷
÷þ,2815,Ąÿÿ,4351,÷þĄ
Ąÿÿ,970,āÿÿþ,4352,Ąÿÿā
āÿÿþ,1130,āý,4353,āÿÿþā
āý,3370,ýāþþ,4354,āýý
ýāþþ,2334,Āýý,4355,ýāþþĀ
Āýý,264,Ĉ,4356,ĀýýĈ
Ĉ,215,×,4357,Ĉ×
×,111,o,4358,×o
o,209,Ñ,4359,oÑ
Ñ,259,ă,4360,Ñă
ă,303,į,4361,ăį
į,383,ſ,4362,įſ
ſ,245,õ,4363,ſõ
õ,270,Ď,4364,õĎ
Ď,3875,İĊ,4365,Ďİ
İĊ,2226,ûýă,4366,İĊû
ûýă,1577,þÿÿÿÿÿÿÿÿÿÿÿ,4367,ûýăþ
þÿÿÿÿÿÿÿÿÿÿÿ,2981,ÿÿÿÿþĀ,4368,þÿÿÿÿÿÿÿÿÿÿÿÿ
ÿÿÿÿþĀ,244,ô,4369,ÿÿÿÿþĀô
ô,198,Æ,4370,ôÆ
Æ,249,ù,4371,Æù
ù,218,Ú,4372,ùÚ
Ú,1954,ŘĄ,4373,ÚŘ
ŘĄ,1128,Ąă,4374,ŘĄĄ
Ąă,2530,āĄă,4375,Ąăā
āĄă,841,ĂĂ,4376,āĄăĂ
ĂĂ,2870,ĂÿĀÿ,4377,ĂĂĂ
ĂÿĀÿ,3630,ÿÿÿÿÿÿþĀ,4378,ĂÿĀÿÿ
ÿÿÿÿÿÿþĀ,731,þþÿĀÿ,4379,ÿÿÿÿÿÿþĀþ
þþÿĀÿ,3055,þĀþĀÿ,4380,þþÿĀÿþ
þĀþĀÿ,2545,ýĂþý,4381,þĀþĀÿý
ýĂþý,1290,úú,4382,ýĂþýú
úú,256,Ā,4383,úúĀ
Ā,246,ö,4384,Āö
ö,1945,ýúý,4385,öý
ýúý,226,â,4386,ýúýâ
â,187,»,4387,â»
»,305,ı,4388,»ı
ı,264,Ĉ,4389,ıĈ
Ĉ,304,İ,4390,Ĉİ
İ,1421,āĀÿĀ,4391,İā
āĀÿĀ,1511,ÿÿþÿþ,4392,āĀÿĀÿ
ÿÿþÿþ,535,ÿÿÿÿĀÿ,4393,ÿÿþÿþÿ
ÿÿÿÿĀÿ,4133,üã,4394,ÿÿÿÿĀÿü
üã,234,ê,4395,üãê
ê,940,Ăþþ,4396,êĂ
Ăþþ,2686,ýĄ,4397,Ăþþý
ýĄ,214,Ö,4398,ýĄÖ
Ö,227,ã,4399,Öã
ã,347,ś,4400,ãś
ś,289,ġ,4401,śġ
ġ,927,ĄĀ,4402,ġĄ
ĄĀ,936,Āÿÿÿÿÿÿÿÿÿÿÿÿÿ,4403,ĄĀĀ
Āÿÿÿÿÿÿÿÿÿÿÿÿÿ,803,ýû,4404,Āÿÿÿÿÿÿÿÿÿÿÿÿÿý
ýû,186,º,4405,ýûº
º,186,º,4406,ºº
º,302,Į,4407,ºĮ
Į,273,đ,4408,Įđ
đ,699,ýþ,4409,đý
ýþ,709,Ăÿ,4410,ýþĂ
Ăÿ,4377,ĂĂĂ,4411,ĂÿĂ
ĂĂĂ,1015,Ăÿā,4412,ĂĂĂĂ
Ăÿā,669,ÿÿþĀÿ,4413,Ăÿāÿ
ÿÿþĀÿ,3216,Āÿý,4414,ÿÿþĀÿĀ
Āÿý,3629,ĀþĀþÿ,4415,ĀÿýĀ
ĀþĀþÿ,2774,þāþ,4416,ĀþĀþÿþ
þāþ,2427,ÿÿü,4417,þāþÿ
ÿÿü,253,ý,4418,ÿÿüý
ý,231,ç,4419,ýç
ç,210,Ò,4420,çÒ
Ò,266,Ċ,4421,ÒĊ
Ċ,367,ů,4422,Ċů
ů,1013,čā,4423,ůč
čā,1541,ÿÿÿÿÿÿÿĀÿ,4424,čāÿ
ÿÿÿÿÿÿÿĀÿ,721,ÿÿÿÿÿÿÿÿÿÿÿÿÿÿÿÿÿÿÿÿÿÿÿÿÿÿÿÿÿ,4425,ÿÿÿÿÿÿÿĀÿÿ
ÿÿÿÿÿÿÿÿÿÿÿÿÿÿÿÿÿÿÿÿÿÿÿÿÿÿÿÿÿ,802,ýý,4426,ÿÿÿÿÿÿÿÿÿÿÿÿÿÿÿÿÿÿÿÿÿÿÿÿÿÿÿÿÿý
ýý,242,ò,4427,ýýò
ò,155,,4428,ò
,249,ù,4429,ù
ù,3020,ĳĆ,4430,ùĳ
ĳĆ,1481,úĄ,4431,ĳĆú
úĄ,2325,ýüþ,4432,úĄý
ýüþ,273,đ,4433,ýüþđ
đ,291,ģ,4434,đģ
ģ,1573,Ąÿý,4435,ģĄ
Ąÿý,538,ÿĀ,4436,Ąÿýÿ
ÿĀ,3218,Ăú,4437,ÿĀĂ
Ăú,256,Ā,4438,ĂúĀ
Ā,236,ì,4439,Āì
ì,201,É,4440,ìÉ
É,265,ĉ,4441,Éĉ
ĉ,217,Ù,4442,ĉÙ
Ù,2376,}÷,4443,Ù}
}÷,295,ħ,4444,}÷ħ
ħ,403,Ɠ,4445,ħƓ
Ɠ,288,Ġ,4446,ƓĠ
Ġ,2502,ûĄĄ,4447,Ġû
ûĄĄ,247,÷,4448,ûĄĄ÷
÷,2590,ĀĆ,4449,÷Ā
ĀĆ,2445,ÿüĀ,4450,ĀĆÿ
ÿüĀ,1866,Ăü,4451,ÿüĀĂ
Ăü,3510,āÿý,4452,Ăüā
āÿý,691,þĀþ,4453,āÿýþ
þĀþ,3542,ûüý,4454,þĀþû
ûüý,264,Ĉ,4455,ûüýĈ
Ĉ,233,é,4456,Ĉé
é,110,n,4457,én
n,195,Ã,4458,nÃ
Ã,3150,ĄŬ,4459,ÃĄ
ĄŬ,321,Ł,4460,ĄŬŁ
Ł,246,ö,4461,Łö
ö,286,Ğ,4462,öĞ
Ğ,295,ħ,4463,Ğħ
ħ,3704,ûą,4464,ħû
ûą,2587,ýÿÿÿ,4465,ûąý
ýÿÿÿ,2136,ÿÿÿÿÿÿÿÿÿÿÿÿþÿĀ,4466,ýÿÿÿÿ
ÿÿÿÿÿÿÿÿÿÿÿÿþÿĀ,231,ç,4467,ÿÿÿÿÿÿÿÿÿÿÿÿþÿĀç
ç,211,Ó,4468,çÓ
Ó,229,å,4469,Óå
å,265,ĉ,4470,åĉ
ĉ,323,Ń,4471,ĉŃ
Ń,950,ĀĄ,4472,ŃĀ
ĀĄ,1804,Ăă,4473,ĀĄĂ
Ăă,4173,Ăăă,4474,ĂăĂ
Ăăă,1082,āāÿ,4475,Ăăăā
āāÿ,688,Āÿÿÿÿÿÿÿÿÿ,4476,āāÿĀ
Āÿÿÿÿÿÿÿÿÿ,2367,þÿÿÿÿþÿ,4477,Āÿÿÿÿÿÿÿÿÿþ
þÿÿÿÿþÿ,1537,Āýā,4478,þÿÿÿÿþÿĀ
Āýā,1652,Āü,4479,ĀýāĀ
Āü,1138,āþü,4480,Āüā
āþü,1202,úû,4481,āþüú
úû,4181,ûûû,4482,úûû
ûûû,3749,ûø,4483,ûûûû
ûø,166,¦,4484,ûø¦
¦,298,Ī,4485,¦Ī
Ī,261,ą,4486,Īą
ą,308,Ĵ,4487,ąĴ
Ĵ,1286,Ćþ,4488,ĴĆ
Ćþ,998,Ăý,4489,ĆþĂ
Ăý,520,ÿÿÿÿÿÿÿÿÿ,4490,Ăýÿ
ÿÿÿÿÿÿÿÿÿ,1152,Āā,4491,ÿÿÿÿÿÿÿÿÿĀ
Āā,804,ûù,4492,Āāû
ûù,223,ß,4493,ûùß
ß,241,ñ,4494,ßñ
ñ,1096,ĂĀ,4495,ñĂ
ĂĀ,845,ýĂý,4496,ĂĀý
ýĂý,198,Æ,4497,ýĂýÆ
Æ,258,Ă,4498,ÆĂ
Ă,361,ũ,4499,Ăũ
ũ,1527,Ċā,4500,ũĊ
Ċā,3794,āÿÿÿÿÿÿÿ,4501,Ċāā
āÿÿÿÿÿÿÿ,517,ÿÿÿÿÿÿ,4502,āÿÿÿÿÿÿÿÿ
ÿÿÿÿÿÿ,802,ýý,4503,ÿÿÿÿÿÿý
ýý,224,à,4504,ýýà
à,146,,4505,à
,282,Ě,4506,Ě
Ě,295,ħ,4507,Ěħ
ħ,1288,ùÿ,4508,ħù
ùÿ,3564,āþā,4509,ùÿā
āþā,3269,ăă,4510,āþāă
ăă,4107,ĀāāĀ,4511,ăăĀ
ĀāāĀ,1334,þĀÿÿÿþ,4512,ĀāāĀþ
þĀÿÿÿþ,1641,ÿÿĀþÿÿĀ,4513,þĀÿÿÿþÿ
ÿÿĀþÿÿĀ,912,ÿþþÿ,4514,ÿÿĀþÿÿĀÿ
ÿþþÿ,982,ùĂ,4515,ÿþþÿù
ùĂ,2840,Ðè,4516,ùĂÐ
Ðè,298,Ī,4517,ÐèĪ
Ī,346,Ś,4518,ĪŚ
Ś,927,ĄĀ,4519,ŚĄ
ĄĀ,1543,ÿÿÿĀþÿÿ,4520,ĄĀÿ
ÿÿÿĀþÿÿ,3367,Āÿÿÿÿÿÿÿÿÿÿÿÿÿÿÿÿÿÿÿÿÿÿ,4521,ÿÿÿĀþÿÿĀ
Āÿÿÿÿÿÿÿÿÿÿÿÿÿÿÿÿÿÿÿÿÿÿ,519,ÿÿÿÿÿÿÿÿ,4522,Āÿÿÿÿÿÿÿÿÿÿÿÿÿÿÿÿÿÿÿÿÿÿÿ
ÿÿÿÿÿÿÿÿ,3400,üù,4523,ÿÿÿÿÿÿÿÿü
üù,179,³,4524,üù³
³,207,Ï,4525,³Ï
Ï,4050,ĸČ,4526,Ïĸ
ĸČ,3149,÷Ą,4527,ĸČ÷
÷Ą,1879,ÿýā,4528,÷Ąÿ
ÿýā,259,ă,4529,ÿýāă
ă,295,ħ,4530,ăħ
ħ,3740,Ĉþă,4531,ħĈ
Ĉþă,2370,üĂý,4532,Ĉþăü
üĂý,795,þā,4533,üĂýþ
þā,245,õ,4534,þāõ
õ,204,Ì,4535,õÌ
Ì,4385,öý,4536,Ìö
öý,138,,4537,öý
,203,Ë,4538,Ë
Ë,285,ĝ,4539,Ëĝ
ĝ,419,ƣ,4540,ĝƣ
ƣ,277,ĕ,4541,ƣĕ
ĕ,2868,ăāý,4542,ĕă
ăāý,989,āĂ,4543,ăāýā
āĂ,4095,ăþþ,4544,āĂă
ăþþ,815,Ąā,4545,ăþþĄ
Ąā,1345,ùā,4546,Ąāù
ùā,2240,ÿÿþþ,4547,ùāÿ
ÿÿþþ,991,ýýĀ,4548,ÿÿþþý
ýýĀ,2332,þüü,4549,ýýĀþ
þüü,253,ý,4550,þüüý
ý,243,ó,4551,ýó
ó,106,j,4552,ój
j,199,Ç,4553,jÇ
Ç,275,ē,4554,Çē
ē,393,Ɖ,4555,ēƉ
Ɖ,270,Ď,4556,ƉĎ
Ď,256,Ā,4557,ĎĀ
Ā,310,Ķ,4558,ĀĶ
Ķ,1374,čü,4559,Ķč
čü,249,ù,4560,čüù
ù,1286,Ćþ,4561,ùĆ
Ćþ,520,ÿÿÿÿÿÿÿÿÿ,4562,Ćþÿ
ÿÿÿÿÿÿÿÿÿ,2139,þÿÿÿÿþ,4563,ÿÿÿÿÿÿÿÿÿþ
þÿÿÿÿþ,258,Ă,4564,þÿÿÿÿþĂ
Ă,214,Ö,4565,ĂÖ
Ö,229,å,4566,Öå
å,210,Ò,4567,åÒ
Ò,314,ĺ,4568,Òĺ
ĺ,291,ģ,4569,ĺģ
ģ,1734,Āă,4570,ģĀ
Āă,1553,ĄĂ,4571,ĀăĄ
ĄĂ,762,Ąą,4572,ĄĂĄ
Ąą,1444,āāĀ,4573,Ąąā
āāĀ,1773,ÿþÿÿÿÿÿ,4574,āāĀÿ
ÿþÿÿÿÿÿ,682,ĀÿþĀ,4575,ÿþÿÿÿÿÿĀ
ĀÿþĀ,2438,òÒ,4576,ĀÿþĀò
òÒ,199,Ç,4577,òÒÇ
Ç,224,à,4578,Çà
à,270,Ď,4579,àĎ
Ď,287,ğ,4580,Ďğ
ğ,313,Ĺ,4581,ğĹ
Ĺ,293,ĥ,4582,Ĺĥ
ĥ,1981,ÿÿĀÿþ,4583,ĥÿ
ÿÿĀÿþ,2737,Āýû,4584,ÿÿĀÿþĀ
Āýû,2893,ùü,4585,Āýûù
ùü,2221,ùý,4586,ùüù
ùý,1232,üü,4587,ùýü
üü,182,¶,4588,üü¶
¶,256,Ā,4589,¶Ā
Ā,278,Ė,4590,ĀĖ
Ė,302,Į,4591,ĖĮ
Į,269,č,4592,Įč
č,586,ĀĀþÿ,4593,čĀ
ĀĀþÿ,1017,ÿÿþĀÿÿ,4594,ĀĀþÿÿ
ÿÿþĀÿÿ,596,þÿĀþ,4595,ÿÿþĀÿÿþ
þÿĀþ,1866,Ăü,4596,þÿĀþĂ
Ăü,243,ó,4597,Ăüó
ó,3280,Üý,4598,óÜ
Üý,900,þĆ,4599,Üýþ
þĆ,3149,÷Ą,4600,þĆ÷
÷Ą,243,ó,4601,÷Ąó
ó,201,É,4602,óÉ
É,293,ĥ,4603,Éĥ
ĥ,336,Ő,4604,ĥŐ
Ő,817,Ćă,4605,ŐĆ
Ćă,648,ÿÿÿÿÿÿÿÿÿÿÿÿÿþ,4606,Ćăÿ
ÿÿÿÿÿÿÿÿÿÿÿÿÿþ,253,ý,4607,ÿÿÿÿÿÿÿÿÿÿÿÿÿþý
ý,244,ô,4608,ýô
ô,158,,4609,ô
,229,å,4610,å
å,2321,ĮĈ,4611,åĮ
ĮĈ,1467,Āû,4612,ĮĈĀ
Āû,4212,āĀā,4613,Āûā
āĀā,707,āā,4614,āĀāā
āā,3051,ăĀĀ,4615,āāă
ăĀĀ,614,ĀÿÿÿĀ,4616,ăĀĀĀ
ĀÿÿÿĀ,1333,Āÿÿÿÿÿþ,4617,ĀÿÿÿĀĀ
Āÿÿÿÿÿþ,3100,þþý,4618,Āÿÿÿÿÿþþ
þþý,3035,þýüü,4619,þþýþ
þýüü,202,Ê,4620,þýüüÊ
Ê,246,ö,4621,Êö
ö,339,œ,4622,öœ
œ,3268,Ĳă,4623,œĲ
Ĳă,1905,āÿÿÿÿ,4624,Ĳăā
āÿÿÿÿ,2565,þĀÿĀ,4625,āÿÿÿÿþ
þĀÿĀ,3189,ÿÿÿÿÿÿÿÿÿÿÿÿÿÿÿþÿ,4626,þĀÿĀÿ
ÿÿÿÿÿÿÿÿÿÿÿÿÿÿÿþÿ,4084,ÿĀþÿ,4627,ÿÿÿÿÿÿÿÿÿÿÿÿÿÿÿþÿÿ
ÿĀþÿ,4084,ÿĀþÿ,4628,ÿĀþÿÿ
ÿĀþÿ,696,Āþÿÿþ,4629,ÿĀþÿĀ
Āþÿÿþ,2649,ûÒ,4630,Āþÿÿþû
ûÒ,164,¤,4631,ûÒ¤
¤,307,ĳ,4632,¤ĳ
ĳ,3131,Ĕă,4633,ĳĔ
Ĕă,3708,þāú,4634,Ĕăþ
þāú,892,Ăþ,4635,þāúĂ
Ăþ,294,Ħ,4636,ĂþĦ
Ħ,2901,ďÿ,4637,Ħď
ďÿ,566,ÿĀÿÿ,4638,ďÿÿ
ÿĀÿÿ,891,üĂ,4639,ÿĀÿÿü
üĂ,250,ú,4640,üĂú
ú,234,ê,4641,úê
ê,205,Í,4642,êÍ
Í,267,ċ,4643,Íċ
ċ,193,Á,4644,ċÁ
Á,140,,4645,Á
,276,Ĕ,4646,Ĕ
Ĕ,421,ƥ,4647,Ĕƥ
ƥ,1999,ġþ,4648,ƥġ
ġþ,707,āā,4649,ġþā
āā,3199,þāĄ,4650,āāþ
þāĄ,859,ĀýĂ,4651,þāĄĀ
ĀýĂ,1652,Āü,4652,ĀýĂĀ
Āü,4436,Ąÿýÿ,4653,ĀüĄ
Ąÿýÿ,698,þÿý,4654,Ąÿýÿþ
þÿý,1460,ûÿ,4655,þÿýû
ûÿ,4179,ýĀù,4656,ûÿý
ýĀù,546,ĀĀ,4657,ýĀùĀ
ĀĀ,234,ê,4658,ĀĀê
ê,86,V,4659,êV
V,227,ã,4660,Vã
ã,336,Ő,4661,ãŐ
Ő,348,Ŝ,4662,ŐŜ
Ŝ,246,ö,4663,Ŝö
ö,285,ĝ,4664,öĝ
ĝ,293,ĥ,4665,ĝĥ
ĥ,707,āā,4666,ĥā
āā,703,üÿ,4667,āāü
üÿ,583,Āÿÿÿÿþ,4668,üÿĀ
Āÿÿÿÿþ,3123,ĀþĀÿÿÿÿ,4669,ĀÿÿÿÿþĀ
ĀþĀÿÿÿÿ,698,þÿý,4670,ĀþĀÿÿÿÿþ
þÿý,213,Õ,4671,þÿýÕ
Õ,230,æ,4672,Õæ
æ,213,Õ,4673,æÕ
Õ,341,ŕ,4674,Õŕ
ŕ,263,ć,4675,ŕć
ć,1459,ĉû,4676,ćĉ
ĉû,3420,ĈĂ,4677,ĉûĈ
ĈĂ,1240,ăĄ,4678,ĈĂă
ăĄ,2815,Ąÿÿ,4679,ăĄĄ
Ąÿÿ,4513,þĀÿÿÿþÿ,4680,Ąÿÿþ
þĀÿÿÿþÿ,513,ÿÿ,4681,þĀÿÿÿþÿÿ
ÿÿ,245,õ,4682,ÿÿõ
õ,163,£,4683,õ£
£,148,,4684,£
,213,Õ,4685,Õ
Õ,258,Ă,4686,ÕĂ
Ă,2094,ąû,4687,Ăą
ąû,3704,ûą,4688,ąûû
ûą,329,ŉ,4689,ûąŉ
ŉ,369,ű,4690,ŉű
ű,309,ĵ,4691,űĵ
ĵ,787,Āÿā,4692,ĵĀ
Āÿā,2547,þþú,4693,Āÿāþ
þþú,3400,üù,4694,þþúü
üù,1949,ûüø,4695,üùû
ûüø,3947,ăÌ,4696,ûüøă
ăÌ,213,Õ,4697,ăÌÕ
Õ,296,Ĩ,4698,ÕĨ
Ĩ,295,ħ,4699,Ĩħ
ħ,2152,ĒĂ,4700,ħĒ
ĒĂ,2472,üāþ,4701,ĒĂü
üāþ,993,Āÿþÿ,4702,üāþĀ
Āÿþÿ,2921,ĀþĀÿÿ,4703,ĀÿþÿĀ
ĀþĀÿÿ,1272,þÿā,4704,ĀþĀÿÿþ
þÿā,249,ù,4705,þÿāù
ù,240,ð,4706,ùð
ð,226,â,4707,ðâ
â,1257,Āþü,4708,âĀ
Āþü,1697,ăĀ,4709,Āþüă
ăĀ,230,æ,4710,ăĀæ
æ,200,È,4711,æÈ
È,351,ş,4712,Èş
ş,297,ĩ,4713,şĩ
ĩ,3051,ăĀĀ,4714,ĩă
ăĀĀ,686,þÿÿÿĀÿþ,4715,ăĀĀþ
þÿÿÿĀÿþ,516,ÿÿÿÿÿ,4716,þÿÿÿĀÿþÿ
ÿÿÿÿÿ,702,ýü,4717,ÿÿÿÿÿý
ýü,194,Â,4718,ýüÂ
Â,179,³,4719,Â³
³,291,ģ,4720,³ģ
ģ,281,ę,4721,ģę
ę,259,ă,4722,ęă
ă,1950,øĂ,4723,ăø
øĂ,545,ÿÿĀ,4724,øĂÿ
ÿÿĀ,2936,ĂĂÿ,4725,ÿÿĀĂ
ĂĂÿ,1734,Āă,4726,ĂĂÿĀ
Āă,1737,ÿÿĀÿĀ,4727,Āăÿ
ÿÿĀÿĀ,2062,ĀĀý,4728,ÿÿĀÿĀĀ
ĀĀý,785,ÿþÿþ,4729,ĀĀýÿ
ÿþÿþ,1140,ýüý,4730,ÿþÿþý
ýüý,1199,þü,4731,ýüýþ
þü,242,ò,4732,þüò
ò,216,Ø,4733,òØ
Ø,247,÷,4734,Ø÷
÷,358,Ŧ,4735,÷Ŧ
Ŧ,287,ğ,4736,Ŧğ
ğ,1094,Ăāþ,4737,ğĂ
Ăāþ,584,þĀÿþ,4738,Ăāþþ
þĀÿþ,1508,ĀÿÿÿĀÿ,4739,þĀÿþĀ
ĀÿÿÿĀÿ,593,ÿÿÿÿÿÿþ,4740,ĀÿÿÿĀÿÿ
ÿÿÿÿÿÿþ,1834,ÿĀÿþÿ,4741,ÿÿÿÿÿÿþÿ
ÿĀÿþÿ,910,ÿÿþĀþ,4742,ÿĀÿþÿÿ
ÿÿþĀþ,4195,ÿĀĀý,4743,ÿÿþĀþÿ
ÿĀĀý,531,Āþÿ,4744,ÿĀĀýĀ
Āþÿ,3910,þĀú,4745,Āþÿþ
þĀú,237,í,4746,þĀúí
í,151,,4747,í
,3289,ĐĮ,4748,Đ
ĐĮ,3371,þĀĀü,4749,ĐĮþ
þĀĀü,1652,Āü,4750,þĀĀüĀ
Āü,290,Ģ,4751,ĀüĢ
Ģ,275,ē,4752,Ģē
ē,3880,ĀāĀ,4753,ēĀ
ĀāĀ,1076,ûĀ,4754,ĀāĀû
ûĀ,522,ÿÿþ,4755,ûĀÿ
ÿÿþ,1764,ùÎ,4756,ÿÿþù
ùÎ,238,î,4757,ùÎî
î,260,Ą,4758,îĄ
Ą,116,t,4759,Ąt
t,228,ä,4760,tä
ä,412,Ɯ,4761,äƜ
Ɯ,316,ļ,4762,Ɯļ
ļ,1292,üý,4763,ļü
üý,3657,ćþ,4764,üýć
ćþ,842,Ăāÿ,4765,ćþĂ
Ăāÿ,1082,āāÿ,4766,Ăāÿā
āāÿ,2464,āĀĀÿþ,4767,āāÿā
āĀĀÿþ,2564,þþþþ,4768,āĀĀÿþþ
þþþþ,1238,üþĀ,4769,þþþþü
üþĀ,3542,ûüý,4770,üþĀû
ûüý,1591,þû,4771,ûüýþ
þû,219,Û,4772,þûÛ
Û,85,U,4773,ÛU
U,258,Ă,4774,UĂ
Ă,394,Ɗ,4775,ĂƊ
Ɗ,277,ĕ,4776,Ɗĕ
ĕ,255,ÿ,4777,ĕÿ
ÿ,1921,ĳČ,4778,ÿĳ
ĳČ,2472,üāþ,4779,ĳČü
üāþ,4514,ÿÿĀþÿÿĀÿ,4780,üāþÿ
ÿÿĀþÿÿĀÿ,2455,ýþĀ,4781,ÿÿĀþÿÿĀÿý
ýþĀ,548,ÿÿĀþ,4782,ýþĀÿ
ÿÿĀþ,249,ù,4783,ÿÿĀþù
ù,209,Ñ,4784,ùÑ
Ñ,229,å,4785,Ñå
å,232,è,4786,åè
è,344,Ř,4787,èŘ
Ř,1501,ýă,4788,Řý
ýă,2041,ĆĂ,4789,ýăĆ
ĆĂ,818,ăą,4790,ĆĂă
ăą,3983,ăĀþ,4791,ăąă
ăĀþ,1978,ĀÿÿÿÿÿĀ,4792,ăĀþĀ
ĀÿÿÿÿÿĀ,633,þþÿ,4793,ĀÿÿÿÿÿĀþ
þþÿ,206,Î,4794,þþÿÎ
Î,58,:,4795,Î:
:,279,ė,4796,:ė
ė,4014,ĮĎ,4797,ėĮ
ĮĎ,266,Ċ,4798,ĮĎĊ
Ċ,1251,û÷,4799,Ċû
û÷,227,ã,4800,û÷ã
ã,205,Í,4801,ãÍ
Í,251,û,4802,Íû
û,389,ƅ,4803,ûƅ
ƅ,363,ū,4804,ƅū
ū,857,ÿāý,4805,ūÿ
ÿāý,526,Āþ,4806,ÿāýĀ
Āþ,2085,õā,4807,Āþõ
õā,829,úø,4808,õāú
úø,1566,øā,4809,úøø
øā,237,í,4810,øāí
í,173,­,4811,í­
­,300,Ĭ,4812,­Ĭ
Ĭ,289,ġ,4813,Ĭġ
ġ,1589,Ĝă,4814,ġĜ
Ĝă,1651,ûĀĀ,4815,Ĝăû
ûĀĀ,2979,ÿÿÿþÿÿĀ,4816,ûĀĀÿ
ÿÿÿþÿÿĀ,542,ÿý,4817,ÿÿÿþÿÿĀÿ
ÿý,2310,ÿāþ,4818,ÿýÿ
ÿāþ,1048,Āù,4819,ÿāþĀ
Āù,232,è,4820,Āùè
è,234,ê,4821,èê
ê,795,þā,4822,êþ
þā,892,Ăþ,4823,þāĂ
Ăþ,251,û,4824,Ăþû
û,213,Õ,4825,ûÕ
Õ,234,ê,4826,Õê
ê,367,ů,4827,êů
ů,271,ď,4828,ůď
ď,1246,āĀÿÿ,4829,ďā
āĀÿÿ,3359,úă,4830,āĀÿÿú
úă,855,ÿĀþ,4831,úăÿ
ÿĀþ,4318,ĀþÿÿĀþ,4832,ÿĀþĀ
ĀþÿÿĀþ,2179,üï,4833,ĀþÿÿĀþü
üï,146,,4834,üï
,254,þ,4835,þ
þ,301,ĭ,4836,þĭ
ĭ,1412,ăÿý,4837,ĭă
ăÿý,1305,ĀĀÿÿ,4838,ăÿýĀ
ĀĀÿÿ,3096,ĂāĀā,4839,ĀĀÿÿĂ
ĂāĀā,994,ÿĀĀā,4840,ĂāĀāÿ
ÿĀĀā,1704,ÿýþ,4841,ÿĀĀāÿ
ÿýþ,1153,āþþþ,4842,ÿýþā
āþþþ,1259,ÿýü,4843,āþþþÿ
ÿýü,543,ýĀ,4844,ÿýüý
ýĀ,1203,ûñ,4845,ýĀû
ûñ,209,Ñ,4846,ûñÑ
Ñ,269,č,4847,Ñč
č,363,ū,4848,čū
ū,271,ď,4849,ūď
ď,963,ăÿþ,4850,ďă
ăÿþ,1811,þÿĂþ,4851,ăÿþþ
þÿĂþ,1488,ÿýĀ,4852,þÿĂþÿ
ÿýĀ,717,ÿĀÿÿÿÿÿ,4853,ÿýĀÿ
ÿĀÿÿÿÿÿ,2514,ĀþÿÿÿĀ,4854,ÿĀÿÿÿÿÿĀ
ĀþÿÿÿĀ,2063,ýÿĀÿþ,4855,ĀþÿÿÿĀý
ýÿĀÿþ,666,ĀþÿĀ,4856,ýÿĀÿþĀ
ĀþÿĀ,4056,ĀýĀþ,4857,ĀþÿĀĀ
ĀýĀþ,2410,ÿĀý,4858,ĀýĀþÿ
ÿĀý,245,õ,4859,ÿĀýõ
õ,167,§,4860,õ§
§,228,ä,4861,§ä
ä,313,Ĺ,4862,äĹ
Ĺ,927,ĄĀ,4863,ĹĄ
ĄĀ,1076,ûĀ,4864,ĄĀû
ûĀ,543,ýĀ,4865,ûĀý
ýĀ,278,Ė,4866,ýĀĖ
Ė,3654,Ėĉ,4867,ĖĖ
Ėĉ,672,þÿÿĀĀ,4868,Ėĉþ
þÿÿĀĀ,891,üĂ,4869,þÿÿĀĀü
üĂ,251,û,4870,üĂû
û,232,è,4871,ûè
è,207,Ï,4872,èÏ
Ï,266,Ċ,4873,ÏĊ
Ċ,184,¸,4874,Ċ¸
¸,150,,4875,¸
,366,Ů,4876,Ů
Ů,367,ů,4877,Ůů
ů,1121,ùþ,4878,ůù
ùþ,266,Ċ,4879,ùþĊ
Ċ,2383,úĄĂ,4880,Ċú
úĄĂ,3781,Āāā,4881,úĄĂĀ
Āāā,4317,āÿĀĀ,4882,Āāāā
āÿĀĀ,1364,ÿÿÿþþ,4883,āÿĀĀÿ
ÿÿÿþþ,2121,ÿþü,4884,ÿÿÿþþÿ
ÿþü,1752,ýüü,4885,ÿþüý
ýüü,1117,Āú,4886,ýüüĀ
Āú,795,þā,4887,Āúþ
þā,252,ü,4888,þāü
ü,173,­,4889,ü­
­,116,t,4890,­t
t,339,œ,4891,tœ
œ,351,ş,4892,œş
ş,242,ò,4893,şò
ò,294,Ħ,4894,òĦ
Ħ,3894,ĜĂ,4895,ĦĜ
ĜĂ,2242,üĂþ,4896,ĜĂü
üĂþ,4704,ĀþĀÿÿþ,4897,üĂþĀ
ĀþĀÿÿþ,4415,ĀÿýĀ,4898,ĀþĀÿÿþĀ
ĀÿýĀ,3188,ĀýĀÿ,4899,ĀÿýĀĀ
ĀýĀÿ,246,ö,4900,ĀýĀÿö
ö,207,Ï,4901,öÏ
Ï,224,à,4902,Ïà
à,262,Ć,4903,àĆ
Ć,325,Ņ,4904,ĆŅ
Ņ,1823,üĄ,4905,Ņü
üĄ,2041,ĆĂ,4906,üĄĆ
ĆĂ,4687,Ăą,4907,ĆĂĂ
Ăą,876,ăÿ,4908,Ăąă
ăÿ,2260,ĀÿþĀÿþ,4909,ăÿĀ
ĀÿþĀÿþ,3187,ÿĀÿþĀ,4910,ĀÿþĀÿþÿ
ÿĀÿþĀ,254,þ,4911,ÿĀÿþĀþ
þ,136,,4912,þ
,220,Ü,4913,Ü
Ü,3878,Ćý,4914,ÜĆ
Ćý,702,ýü,4915,Ćýý
ýü,1553,ĄĂ,4916,ýüĄ
ĄĂ,247,÷,4917,ĄĂ÷
÷,208,Ð,4918,÷Ð
Ð,208,Ð,4919,ÐÐ
Ð,366,Ů,4920,ÐŮ
Ů,392,ƈ,4921,Ůƈ
ƈ,1053,ýĂÿ,4922,ƈý
ýĂÿ,1591,þû,4923,ýĂÿþ
þû,247,÷,4924,þû÷
÷,1623,÷Ă,4925,÷÷
÷Ă,1250,ùû,4926,÷Ăù
ùû,246,ö,4927,ùûö
ö,171,«,4928,ö«
«,289,ġ,4929,«ġ
ġ,286,Ğ,4930,ġĞ
Ğ,2523,ĤĂ,4931,ĞĤ
ĤĂ,4897,üĂþĀ,4932,ĤĂü
üĂþĀ,4466,ýÿÿÿÿ,4933,üĂþĀý
ýÿÿÿÿ,4223,ÿÿþÿĀ,4934,ýÿÿÿÿÿ
ÿÿþÿĀ,643,ÿÿā,4935,ÿÿþÿĀÿ
ÿÿā,245,õ,4936,ÿÿāõ
õ,3280,Üý,4937,õÜ
Üý,3165,ÿù,4938,Üýÿ
ÿù,1243,āă,4939,ÿùā
āă,247,÷,4940,āă÷
÷,197,Å,4941,÷Å
Å,295,ħ,4942,Åħ
ħ,338,Œ,4943,ħŒ
Œ,1243,āă,4944,Œā
āă,930,ÿÿþÿÿ,4945,āăÿ
ÿÿþÿÿ,1133,ýāĀÿ,4946,ÿÿþÿÿý
ýāĀÿ,1150,ýāþ,4947,ýāĀÿý
ýāþ,653,Āý,4948,ýāþĀ
Āý,247,÷,4949,Āý÷
÷,198,Æ,4950,÷Æ
Æ,179,³,4951,Æ³
³,292,Ĥ,4952,³Ĥ
Ĥ,286,Ğ,4953,ĤĞ
Ğ,2221,ùý,4954,Ğù
ùý,4418,ÿÿüý,4955,ùýÿ
ÿÿüý,849,þāĀ,4956,ÿÿüýþ
þāĀ,3352,ĂĀĂ,4957,þāĀĂ
ĂĀĂ,989,āĂ,4958,ĂĀĂā
āĂ,3537,āāā,4959,āĂā
āāā,1460,ûÿ,4960,āāāû
ûÿ,3249,þýû,4961,ûÿþ
þýû,2628,þĀÿü,4962,þýûþ
þĀÿü,261,ą,4963,þĀÿüą
ą,224,à,4964,ąà
à,222,Þ,4965,àÞ
Þ,285,ĝ,4966,Þĝ
ĝ,352,Š,4967,ĝŠ
Š,1435,ćĄÿ,4968,Šć
ćĄÿ,4818,ÿýÿ,4969,ćĄÿÿ
ÿýÿ,3156,ĀþĀĀ,4970,ÿýÿĀ
ĀþĀĀ,670,ÿÿĀþÿÿ,4971,ĀþĀĀÿ
ÿÿĀþÿÿ,580,ÿÿÿÿÿþĀ,4972,ÿÿĀþÿÿÿ
ÿÿÿÿÿþĀ,1220,Āýÿ,4973,ÿÿÿÿÿþĀĀ
Āýÿ,2206,āþÿÿÿ,4974,Āýÿā
āþÿÿÿ,1018,ÿÿĀþþÿ,4975,āþÿÿÿÿ
ÿÿĀþþÿ,4888,þāü,4976,ÿÿĀþþÿþ
þāü,197,Å,4977,þāüÅ
Å,178,²,4978,Å²
²,307,ĳ,4979,²ĳ
ĳ,279,ė,4980,ĳė
ė,825,ûú,4981,ėû
ûú,2856,ĉü,4982,ûúĉ
ĉü,3535,ýć,4983,ĉüý
ýć,291,ģ,4984,ýćģ
ģ,840,ćĂ,4985,ģć
ćĂ,880,üÿā,4986,ćĂü
üÿā,2410,ÿĀý,4987,üÿāÿ
ÿĀý,1467,Āû,4988,ÿĀýĀ
Āû,200,È,4989,ĀûÈ
È,916,õú,4990,Èõ
õú,115,s,4991,õús
s,289,ġ,4992,sġ
ġ,411,ƛ,4993,ġƛ
ƛ,2911,Ćÿ,4994,ƛĆ
Ćÿ,2454,ąý,4995,Ćÿą
ąý,998,Ăý,4996,ąýĂ
Ăý,1601,Ćā,4997,ĂýĆ
Ćā,3781,Āāā,4998,ĆāĀ
Āāā,643,ÿÿā,4999,Āāāÿ
ÿÿā,4884,ÿÿÿþþÿ,5000,ÿÿāÿ
ÿÿÿþþÿ,1296,ýýÿ,5001,ÿÿÿþþÿý
ýýÿ,1469,þùþ,5002,ýýÿþ
þùþ,2741,úüÿ,5003,þùþú
úüÿ,259,ă,5004,úüÿă
ă,245,õ,5005,ăõ
õ,112,p,5006,õp
p,197,Å,5007,pÅ
Å,395,Ƌ,5008,ÅƋ
Ƌ,2152,ĒĂ,5009,ƋĒ
ĒĂ,309,ĵ,5010,ĒĂĵ
ĵ,4315,ăĂþ,5011,ĵă
ăĂþ,2874,ÿþÿĀþÿ,5012,ăĂþÿ
ÿþÿĀþÿ,2566,Āÿþÿÿÿÿ,5013,ÿþÿĀþÿĀ
Āÿþÿÿÿÿ,526,Āþ,5014,ĀÿþÿÿÿÿĀ
Āþ,244,ô,5015,Āþô
ô,204,Ì,5016,ôÌ
Ì,217,Ù,5017,ÌÙ
Ù,301,ĭ,5018,Ùĭ
ĭ,299,ī,5019,ĭī
ī,3641,ýĆ,5020,īý
ýĆ,1553,ĄĂ,5021,ýĆĄ
ĄĂ,1240,ăĄ,5022,ĄĂă
ăĄ,2013,ăÿÿÿÿ,5023,ăĄă
ăÿÿÿÿ,2937,ÿÿþĀÿþ,5024,ăÿÿÿÿÿ
ÿÿþĀÿþ,844,ÿÿý,5025,ÿÿþĀÿþÿ
ÿÿý,211,Ó,5026,ÿÿýÓ
Ó,148,,5027,Ó
,255,ÿ,5028,ÿ
ÿ,2197,Ćö,5029,ÿĆ
Ćö,1035,Ąý,5030,ĆöĄ
Ąý,1199,þü,5031,Ąýþ
þü,265,ĉ,5032,þüĉ
ĉ,210,Ò,5033,ĉÒ
Ò,197,Å,5034,ÒÅ
Å,381,Ž,5035,ÅŽ
Ž,377,Ź,5036,ŽŹ
Ź,1538,āýĀ,5037,Źā
āýĀ,1940,ûúý,5038,āýĀû
ûúý,804,ûù,5039,ûúýû
ûù,1623,÷Ă,5040,ûù÷
÷Ă,173,­,5041,÷Ă­
­,269,č,5042,­č
č,283,ě,5043,čě
ě,3376,Įā,5044,ěĮ
Įā,4742,ÿĀÿþÿÿ,5045,Įāÿ
ÿĀÿþÿÿ,4743,ÿÿþĀþÿ,5046,ÿĀÿþÿÿÿ
ÿÿþĀþÿ,710,ÿā,5047,ÿÿþĀþÿÿ
ÿā,1460,ûÿ,5048,ÿāû
ûÿ,1590,ăþ,5049,ûÿă
ăþ,239,ï,5050,ăþï
ï,224,à,5051,ïà
à,3525,ÿĀû,5052,àÿ
ÿĀû,989,āĂ,5053,ÿĀûā
āĂ,226,â,5054,āĂâ
â,207,Ï,5055,âÏ
Ï,353,š,5056,Ïš
š,1211,ĥĂ,5057,šĥ
ĥĂ,4742,ÿĀÿþÿÿ,5058,ĥĂÿ
ÿĀÿþÿÿ,4670,ĀþĀÿÿÿÿþ,5059,ÿĀÿþÿÿĀ
ĀþĀÿÿÿÿþ,1002,úò,5060,ĀþĀÿÿÿÿþú
úò,151,,5061,úò
,243,ó,5062,ó
ó,1013,čā,5063,óč
čā,245,õ,5064,čāõ
õ,2564,þþþþ,5065,õþ
þþþþ,2565,þĀÿĀ,5066,þþþþþ
þĀÿĀ,928,ĀĀā,5067,þĀÿĀĀ
ĀĀā,1243,āă,5068,ĀĀāā
āă,1128,Ąă,5069,āăĄ
Ąă,265,ĉ,5070,Ąăĉ
ĉ,1326,ąć,5071,ĉą
ąć,2642,ąā,5072,ąćą
ąā,2563,ÿāÿþ,5073,ąāÿ
ÿāÿþ,256,Ā,5074,ÿāÿþĀ
Ā,217,Ù,5075,ĀÙ
Ù,234,ê,5076,Ùê
ê,4199,Īŗ,5077,êĪ
Īŗ,4201,ăĂý,5078,Īŗă
ăĂý,3509,Āþÿā,5079,ăĂýĀ
Āþÿā,1512,þþāÿ,5080,Āþÿāþ
þþāÿ,625,ÿþÿĀÿ,5081,þþāÿÿ
ÿþÿĀÿ,2366,ĀþÿĀþ,5082,ÿþÿĀÿĀ
ĀþÿĀþ,1543,ÿÿÿĀþÿÿ,5083,ĀþÿĀþÿ
ÿÿÿĀþÿÿ,4972,ÿÿĀþÿÿÿ,5084,ÿÿÿĀþÿÿÿ
ÿÿĀþÿÿÿ,2445,ÿüĀ,5085,ÿÿĀþÿÿÿÿ
ÿüĀ,255,ÿ,5086,ÿüĀÿ
ÿ,238,î,5087,ÿî
î,143,,5088,î
,282,Ě,5089,Ě
Ě,297,ĩ,5090,Ěĩ
ĩ,826,úþ,5091,ĩú
úþ,2687,Ąû,5092,úþĄ
Ąû,1095,þĂ,5093,Ąûþ
þĂ,289,ġ,5094,þĂġ
ġ,4261,ĐĀ,5095,ġĐ
ĐĀ,718,ÿÿþÿ,5096,ĐĀÿ
ÿÿþÿ,995,āÿÿý,5097,ÿÿþÿā
āÿÿý,236,ì,5098,āÿÿýì
ì,205,Í,5099,ìÍ
Í,266,Ċ,5100,ÍĊ
Ċ,190,¾,5101,Ċ¾
¾,153,,5102,¾
,422,Ʀ,5103,Ʀ
Ʀ,298,Ī,5104,ƦĪ
Ī,701,þý,5105,Īþ
þý,1497,Ĉþ,5106,þýĈ
Ĉþ,2340,ąĀĀ,5107,Ĉþą
ąĀĀ,4959,āĂā,5108,ąĀĀā
āĂā,603,ĀÿĀ,5109,āĂāĀ
ĀÿĀ,970,āÿÿþ,5110,ĀÿĀā
āÿÿþ,2998,þþÿþý,5111,āÿÿþþ
þþÿþý,2648,üĀû,5112,þþÿþýü
üĀû,1851,üþý,5113,üĀûü
üþý,804,ûù,5114,üþýû
ûù,260,Ą,5115,ûùĄ
Ą,220,Ü,5116,ĄÜ
Ü,82,R,5117,ÜR
R,335,ŏ,5118,Rŏ
ŏ,339,œ,5119,ŏœ
œ,244,ô,5120,œô
ô,298,Ī,5121,ôĪ
Ī,280,Ę,5122,ĪĘ
Ę,2871,ÿþÿÿĀþ,5123,Ęÿ
ÿþÿÿĀþ,514,ÿÿÿ,5124,ÿþÿÿĀþÿ
ÿÿÿ,736,āþþ,5125,ÿÿÿā
āþþ,4628,ÿĀþÿÿ,5126,āþþÿ
ÿĀþÿÿ,239,ï,5127,ÿĀþÿÿï
ï,207,Ï,5128,ïÏ
Ï,209,Ñ,5129,ÏÑ
Ñ,332,Ō,5130,ÑŌ
Ō,277,ĕ,5131,Ōĕ
ĕ,3573,Āą,5132,ĕĀ
Āą,1128,Ąă,5133,ĀąĄ
Ąă,1244,ăĄĂ,5134,Ąăă
ăĄĂ,588,þÿÿÿÿÿÿÿÿ,5135,ăĄĂþ
þÿÿÿÿÿÿÿÿ,537,þÿÿÿ,5136,þÿÿÿÿÿÿÿÿþ
þÿÿÿ,242,ò,5137,þÿÿÿò
ò,130,,5138,ò
,247,÷,5139,÷
÷,3066,čüĄ,5140,÷č
čüĄ,245,õ,5141,čüĄõ
õ,248,ø,5142,õø
ø,803,ýû,5143,øý
ýû,263,ć,5144,ýûć
ć,200,È,5145,ćÈ
È,210,Ò,5146,ÈÒ
Ò,425,Ʃ,5147,ÒƩ
Ʃ,329,ŉ,5148,Ʃŉ
ŉ,3075,āÿú,5149,ŉā
āÿú,1118,úÿ,5150,āÿúú
úÿ,243,ó,5151,úÿó
ó,257,ā,5152,óā
ā,247,÷,5153,ā÷
÷,259,ă,5154,÷ă
ă,190,¾,5155,ă¾
¾,234,ê,5156,¾ê
ê,295,ħ,5157,êħ
ħ,4391,İā,5158,ħİ
İā,2980,Āÿÿþÿÿ,5159,İāĀ
Āÿÿþÿÿ,2366,ĀþÿĀþ,5160,ĀÿÿþÿÿĀ
ĀþÿĀþ,728,þÿÿĀý,5161,ĀþÿĀþþ
þÿÿĀý,552,ÿĀÿ,5162,þÿÿĀýÿ
ÿĀÿ,229,å,5163,ÿĀÿå
å,233,é,5164,åé
é,948,ăú,5165,éă
ăú,1521,ăý,5166,ăúă
ăý,258,Ă,5167,ăýĂ
Ă,203,Ë,5168,ĂË
Ë,254,þ,5169,Ëþ
þ,359,ŧ,5170,þŧ
ŧ,266,Ċ,5171,ŧĊ
Ċ,2147,þĂþ,5172,Ċþ
þĂþ,522,ÿÿþ,5173,þĂþÿ
ÿÿþ,4397,Ăþþý,5174,ÿÿþĂ
Ăþþý,1016,āþÿ,5175,Ăþþýā
āþÿ,4608,ýô,5176,āþÿý
ýô,234,ê,5177,ýôê
ê,186,º,5178,êº
º,227,ã,5179,ºã
ã,2093,ýą,5180,ãý
ýą,266,Ċ,5181,ýąĊ
Ċ,823,ÿýý,5182,Ċÿ
ÿýý,2891,þüý,5183,ÿýýþ
þüý,2025,þûþ,5184,þüýþ
þûþ,701,þý,5185,þûþþ
þý,696,Āþÿÿþ,5186,þýĀ
Āþÿÿþ,3643,āĂĂ,5187,Āþÿÿþā
āĂĂ,261,ą,5188,āĂĂą
ą,265,ĉ,5189,ąĉ
ĉ,1724,ċć,5190,ĉċ
ċć,2612,ċā,5191,ċćċ
ċā,223,ß,5192,ċāß
ß,229,å,5193,ßå
å,306,Ĳ,5194,åĲ
Ĳ,335,ŏ,5195,Ĳŏ
ŏ,2104,Ąāþ,5196,ŏĄ
Ąāþ,2365,ĀÿþÿÿĀ,5197,ĄāþĀ
ĀÿþÿÿĀ,1925,ÿÿþÿÿÿĀ,5198,ĀÿþÿÿĀÿ
ÿÿþÿÿÿĀ,4628,ÿĀþÿÿ,5199,ÿÿþÿÿÿĀÿ
ÿĀþÿÿ,1836,Āÿþÿÿ,5200,ÿĀþÿÿĀ
Āÿþÿÿ,679,þĀÿÿÿ,5201,Āÿþÿÿþ
þĀÿÿÿ,3844,Āþÿÿÿü,5202,þĀÿÿÿĀ
Āþÿÿÿü,701,þý,5203,Āþÿÿÿüþ
þý,167,§,5204,þý§
§,221,Ý,5205,§Ý
Ý,312,ĸ,5206,Ýĸ
ĸ,3269,ăă,5207,ĸă
ăă,1784,ûĄ,5208,ăăû
ûĄ,3400,üù,5209,ûĄü
üù,284,Ĝ,5210,üùĜ
Ĝ,3738,ęĂ,5211,Ĝę
ęĂ,3606,üāā,5212,ęĂü
üāā,5186,þýĀ,5213,üāāþ
þýĀ,2299,ÿĀü,5214,þýĀÿ
ÿĀü,215,×,5215,ÿĀü×
×,231,ç,5216,×ç
ç,258,Ă,5217,çĂ
Ă,126,~,5218,Ă~
~,317,Ľ,5219,~Ľ
Ľ,375,ŷ,5220,Ľŷ
ŷ,5063,óč,5221,ŷó
óč,248,ø,5222,óčø
ø,4606,Ćăÿ,5223,øĆ
Ćăÿ,2542,ąĀĀÿ,5224,Ćăÿą
ąĀĀÿ,842,Ăāÿ,5225,ąĀĀÿĂ
Ăāÿ,3483,Āāÿÿ,5226,ĂāÿĀ
Āāÿÿ,1704,ÿýþ,5227,Āāÿÿÿ
ÿýþ,1259,ÿýü,5228,ÿýþÿ
ÿýü,1960,ÿû,5229,ÿýüÿ
ÿû,941,þýÿ,5230,ÿûþ
þýÿ,1288,ùÿ,5231,þýÿù
ùÿ,1121,ùþ,5232,ùÿù
ùþ,263,ć,5233,ùþć
ć,139,,5234,ć
,173,­,5235,­
­,396,ƌ,5236,­ƌ
ƌ,248,ø,5237,ƌø
ø,277,ĕ,5238,øĕ
ĕ,304,İ,5239,ĕİ
İ,3594,üāÿ,5240,İü
üāÿ,5083,ĀþÿĀþÿ,5241,üāÿĀ
ĀþÿĀþÿ,3807,ÿþĀÿþ,5242,ĀþÿĀþÿÿ
ÿþĀÿþ,723,þĀĀ,5243,ÿþĀÿþþ
þĀĀ,232,è,5244,þĀĀè
è,211,Ó,5245,èÓ
Ó,212,Ô,5246,ÓÔ
Ô,344,Ř,5247,ÔŘ
Ř,264,Ĉ,5248,ŘĈ
Ĉ,3269,ăă,5249,Ĉă
ăă,260,Ą,5250,ăăĄ
Ą,5251,ĄĄ,5251,ĄĄ
ĄĄ,2995,ăāþ,5252,ĄĄă
ăāþ,3884,ÿĀÿý,5253,ăāþÿ
ÿĀÿý,2310,ÿāþ,5254,ÿĀÿýÿ
ÿāþ,582,ÿÿþĀ,5255,ÿāþÿ
ÿÿþĀ,803,ýû,5256,ÿÿþĀý
ýû,176,°,5257,ýû°
°,233,é,5258,°é
é,267,ċ,5259,éċ
ċ,266,Ċ,5260,ċĊ
Ċ,4925,÷÷,5261,Ċ÷
÷÷,242,ò,5262,÷÷ò
ò,232,è,5263,òè
è,899,ñþ,5264,èñ
ñþ,256,Ā,5265,ñþĀ
Ā,177,±,5266,Ā±
±,259,ă,5267,±ă
ă,465,Ǒ,5268,ăǑ
Ǒ,3518,čÿ,5269,Ǒč
čÿ,1659,üû,5270,čÿü
üû,249,ù,5271,üûù
ù,949,úĀ,5272,ùú
úĀ,245,õ,5273,úĀõ
õ,255,ÿ,5274,õÿ
ÿ,214,Ö,5275,ÿÖ
Ö,201,É,5276,ÖÉ
É,308,Ĵ,5277,ÉĴ
Ĵ,301,ĭ,5278,Ĵĭ
ĭ,760,Ăā,5279,ĭĂ
Ăā,1150,ýāþ,5280,Ăāý
ýāþ,2981,ÿÿÿÿþĀ,5281,ýāþÿ
ÿÿÿÿþĀ,3857,ýĀāý,5282,ÿÿÿÿþĀý
ýĀāý,5126,āþþÿ,5283,ýĀāýā
āþþÿ,1117,Āú,5284,āþþÿĀ
Āú,216,Ø,5285,ĀúØ
Ø,1049,ùą,5286,Øù
ùą,941,þýÿ,5287,ùąþ
þýÿ,247,÷,5288,þýÿ÷
÷,188,¼,5289,÷¼
¼,331,ŋ,5290,¼ŋ
ŋ,314,ĺ,5291,ŋĺ
ĺ,5253,ăāþÿ,5292,ĺă
ăāþÿ,3371,þĀĀü,5293,ăāþÿþ
þĀĀü,3242,āýþ,5294,þĀĀüā
āýþ,1516,÷â,5295,āýþ÷
÷â,211,Ó,5296,÷âÓ
Ó,230,æ,5297,Óæ
æ,251,û,5298,æû
û,267,ċ,5299,ûċ
ċ,264,Ĉ,5300,ċĈ
Ĉ,5071,ĉą,5301,Ĉĉ
ĉą,1466,ùĀ,5302,ĉąù
ùĀ,1016,āþÿ,5303,ùĀā
āþÿ,4284,ûýý,5304,āþÿû
ûýý,2891,þüý,5305,ûýýþ
þüý,3206,üþû,5306,þüýü
üþû,2893,ùü,5307,üþûù
ùü,744,ýú,5308,ùüý
ýú,1758,ùø,5309,ýúù
ùø,2120,ûÿÿ,5310,ùøû
ûÿÿ,256,Ā,5311,ûÿÿĀ
Ā,263,ć,5312,Āć
ć,272,Đ,5313,ćĐ
Đ,246,ö,5314,Đö
ö,233,é,5315,öé
é,330,Ŋ,5316,éŊ
Ŋ,317,Ľ,5317,ŊĽ
Ľ,4045,ÿĂ,5318,Ľÿ
ÿĂ,3243,þþĂ,5319,ÿĂþ
þþĂ,1488,ÿýĀ,5320,þþĂÿ
ÿýĀ,673,Āÿÿÿÿÿÿÿÿ,5321,ÿýĀĀ
Āÿÿÿÿÿÿÿÿ,2514,ĀþÿÿÿĀ,5322,ĀÿÿÿÿÿÿÿÿĀ
ĀþÿÿÿĀ,3971,þÿþÿĀ,5323,ĀþÿÿÿĀþ
þÿþÿĀ,889,ÿþĀÿÿÿ,5324,þÿþÿĀÿ
ÿþĀÿÿÿ,890,ÿþÿü,5325,ÿþĀÿÿÿÿ
ÿþÿü,216,Ø,5326,ÿþÿüØ
Ø,158,,5327,Ø
,308,Ĵ,5328,Ĵ
Ĵ,278,Ė,5329,ĴĖ
Ė,1048,Āù,5330,ĖĀ
Āù,948,ăú,5331,Āùă
ăú,1034,ćĄ,5332,ăúć
ćĄ,292,Ĥ,5333,ćĄĤ
Ĥ,4543,ăāýā,5334,Ĥă
ăāýā,2086,āþý,5335,ăāýāā
āþý,2310,ÿāþ,5336,āþýÿ
ÿāþ,245,õ,5337,ÿāþõ
õ,207,Ï,5338,õÏ
Ï,252,ü,5339,Ïü
ü,212,Ô,5340,üÔ
Ô,162,¢,5341,Ô¢
¢,418,Ƣ,5342,¢Ƣ
Ƣ,272,Đ,5343,ƢĐ
Đ,2197,Ćö,5344,ĐĆ
Ćö,5071,ĉą,5345,Ćöĉ
ĉą,953,þĄ,5346,ĉąþ
þĄ,2012,ÿă,5347,þĄÿ
ÿă,4614,āĀāā,5348,ÿăā
āĀāā,1956,ÿĀĀÿ,5349,āĀāāÿ
ÿĀĀÿ,2385,ÿÿþþÿ,5350,ÿĀĀÿÿ
ÿÿþþÿ,1236,ýýþ,5351,ÿÿþþÿý
ýýþ,1376,þüû,5352,ýýþþ
þüû,4384,Āö,5353,þüûĀ
Āö,846,ýā,5354,Āöý
ýā,5143,øý,5355,ýāø
øý,243,ó,5356,øýó
ó,83,S,5357,óS
S,346,Ś,5358,SŚ
Ś,3365,ĮĂ,5359,ŚĮ
ĮĂ,2145,ĭč,5360,ĮĂĭ
ĭč,2264,þĀþÿĀ,5361,ĭčþ
þĀþÿĀ,573,ÿþÿÿ,5362,þĀþÿĀÿ
ÿþÿÿ,2154,þĀÿþÿ,5363,ÿþÿÿþ
þĀÿþÿ,526,Āþ,5364,þĀÿþÿĀ
Āþ,225,á,5365,Āþá
á,213,Õ,5366,áÕ
Õ,227,ã,5367,Õã
ã,341,ŕ,5368,ãŕ
ŕ,1325,āą,5369,ŕā
āą,4679,ăĄĄ,5370,āąă
ăĄĄ,1128,Ąă,5371,ăĄĄĄ
Ąă,562,ÿÿÿÿÿþÿ,5372,Ąăÿ
ÿÿÿÿÿþÿ,606,ĀÿĀÿ,5373,ÿÿÿÿÿþÿĀ
ĀÿĀÿ,1052,ýāý,5374,ĀÿĀÿý
ýāý,253,ý,5375,ýāýý
ý,209,Ñ,5376,ýÑ
Ñ,241,ñ,5377,Ññ
ñ,3237,ďĄ,5378,ñď
ďĄ,5272,ùú,5379,ďĄù
ùú,235,ë,5380,ùúë
ë,236,ì,5381,ëì
ì,1530,äà,5382,ìä
äà,254,þ,5383,äàþ
þ,243,ó,5384,þó
ó,170,ª,5385,óª
ª,4921,Ůƈ,5386,ªŮ
Ůƈ,5186,þýĀ,5387,Ůƈþ
þýĀ,4287,öþ,5388,þýĀö
öþ,248,ø,5389,öþø
ø,249,ù,5390,øù
ù,249,ù,5391,ùù
ù,238,î,5392,ùî
î,176,°,5393,î°
°,310,Ķ,5394,°Ķ
Ķ,3726,Ĭć,5395,ĶĬ
Ĭć,3408,ÿÿþÿÿĀ,5396,Ĭćÿ
ÿÿþÿÿĀ,1335,þÿþĀ,5397,ÿÿþÿÿĀþ
þÿþĀ,813,ýĂ,5398,þÿþĀý
ýĂ,1346,āû,5399,ýĂā
āû,5173,þĂþÿ,5400,āûþ
þĂþÿ,513,ÿÿ,5401,þĂþÿÿ
ÿÿ,235,ë,5402,ÿÿë
ë,230,æ,5403,ëæ
æ,2402,ĂøĂ,5404,æĂ
ĂøĂ,620,āÿ,5405,ĂøĂā
āÿ,216,Ø,5406,āÿØ
Ø,230,æ,5407,Øæ
æ,357,ť,5408,æť
ť,277,ĕ,5409,ťĕ
ĕ,2308,ĂĀÿ,5410,ĕĂ
ĂĀÿ,698,þÿý,5411,ĂĀÿþ
þÿý,702,ýü,5412,þÿýý
ýü,1862,ïÔ,5413,ýüï
ïÔ,217,Ù,5414,ïÔÙ
Ù,249,ù,5415,Ùù
ù,270,Ď,5416,ùĎ
Ď,4829,ďā,5417,Ďď
ďā,3940,üþĂ,5418,ďāü
üþĂ,1481,úĄ,5419,üþĂú
úĄ,1243,āă,5420,úĄā
āă,820,ăĂ,5421,āăă
ăĂ,5183,ÿýýþ,5422,ăĂÿ
ÿýýþ,1853,úü,5423,ÿýýþú
úü,1255,ýāā,5424,úüý
ýāā,4214,Āÿýþ,5425,ýāāĀ
Āÿýþ,879,ÿü,5426,Āÿýþÿ
ÿü,915,úöõ,5427,ÿüú
úöõ,1339,öð,5428,úöõö
öð,1662,ûû,5429,öðû
ûû,249,ù,5430,ûûù
ù,338,Œ,5431,ùŒ
Œ,310,Ķ,5432,ŒĶ
Ķ,1602,āĀĀþ,5433,Ķā
āĀĀþ,909,ĀĀĀÿ,5434,āĀĀþĀ
ĀĀĀÿ,1700,ÿþĀĀÿ,5435,ĀĀĀÿÿ
ÿþĀĀÿ,694,ÿÿÿþĀÿ,5436,ÿþĀĀÿÿ
ÿÿÿþĀÿ,1891,þÿÿÿÿÿþ,5437,ÿÿÿþĀÿþ
þÿÿÿÿÿþ,1187,ÿĀÿþ,5438,þÿÿÿÿÿþÿ
ÿĀÿþ,736,āþþ,5439,ÿĀÿþā
āþþ,528,ĀþĀ,5440,āþþĀ
ĀþĀ,3973,üô,5441,ĀþĀü
üô,155,,5442,üô
,257,ā,5443,ā
ā,298,Ī,5444,āĪ
Ī,815,Ąā,5445,ĪĄ
Ąā,3557,÷ĄĀ,5446,Ąā÷
÷ĄĀ,251,û,5447,÷ĄĀû
û,1687,Ģđ,5448,ûĢ
Ģđ,998,Ăý,5449,ĢđĂ
Ăý,4415,ĀÿýĀ,5450,ĂýĀ
ĀÿýĀ,2872,þĀþþ,5451,ĀÿýĀþ
þĀþþ,232,è,5452,þĀþþè
è,208,Ð,5453,èÐ
Ð,269,č,5454,Ðč
č,160, ,5455,č 
 ,298,Ī,5456, Ī
Ī,352,Š,5457,ĪŠ
Š,1260,üā,5458,Šü
üā,3423,ăĂā,5459,üāă
ăĂā,1128,Ąă,5460,ăĂāĄ
Ąă,998,Ăý,5461,ĄăĂ
Ăý,2340,ąĀĀ,5462,Ăýą
ąĀĀ,1305,ĀĀÿÿ,5463,ąĀĀĀ
ĀĀÿÿ,2209,þĀÿÿþ,5464,ĀĀÿÿþ
þĀÿÿþ,1161,Āýþ,5465,þĀÿÿþĀ
Āýþ,757,þþü,5466,Āýþþ
þþü,1121,ùþ,5467,þþüù
ùþ,744,ýú,5468,ùþý
ýú,3330,Āø,5469,ýúĀ
Āø,250,ú,5470,Āøú
ú,265,ĉ,5471,úĉ
ĉ,156,,5472,ĉ
,195,Ã,5473,Ã
Ã,365,ŭ,5474,Ãŭ
ŭ,240,ð,5475,ŭð
ð,291,ģ,5476,ðģ
ģ,1999,ġþ,5477,ģġ
ġþ,1397,ÿÿĀÿÿþ,5478,ġþÿ
ÿÿĀÿÿþ,854,ÿþĀÿÿ,5479,ÿÿĀÿÿþÿ
ÿþĀÿÿ,1512,þþāÿ,5480,ÿþĀÿÿþ
þþāÿ,223,ß,5481,þþāÿß
ß,205,Í,5482,ßÍ
Í,249,ù,5483,Íù
ù,334,Ŏ,5484,ùŎ
Ŏ,2391,þą,5485,Ŏþ
þą,814,ĂĄ,5486,þąĂ
ĂĄ,5251,ĄĄ,5487,ĂĄĄ
ĄĄ,1796,āĀÿÿÿ,5488,ĄĄā
āĀÿÿÿ,2064,þÿÿĀĀþ,5489,āĀÿÿÿþ
þÿÿĀĀþ,2953,ÿþĀü,5490,þÿÿĀĀþÿ
ÿþĀü,4439,Āì,5491,ÿþĀüĀ
Āì,244,ô,5492,Āìô
ô,3973,üô,5493,ôü
üô,257,ā,5494,üôā
ā,1149,Ďý,5495,āĎ
Ďý,1629,êß,5496,Ďýê
êß,227,ã,5497,êßã
ã,219,Û,5498,ãÛ
Û,256,Ā,5499,ÛĀ
Ā,196,Ä,5500,ĀÄ
Ä,223,ß,5501,Äß
ß,457,ǉ,5502,ßǉ
ǉ,291,ģ,5503,ǉģ
ģ,1292,üý,5504,ģü
üý,5143,øý,5505,üýø
øý,5274,õÿ,5506,øýõ
õÿ,249,ù,5507,õÿù
ù,1645,÷¨,5508,ù÷
÷¨,301,ĭ,5509,÷¨ĭ
ĭ,303,į,5510,ĭį
į,268,Č,5511,įČ
Č,4782,ýþĀÿ,5512,Čý
ýþĀÿ,974,ÿþĀþ,5513,ýþĀÿÿ
ÿþĀþ,850,Āÿÿþ,5514,ÿþĀþĀ
Āÿÿþ,4247,ăúü,5515,Āÿÿþă
ăúü,2887,ăýĀ,5516,ăúüă
ăýĀ,2147,þĂþ,5517,ăýĀþ
þĂþ,222,Þ,5518,þĂþÞ
Þ,238,î,5519,Þî
î,5422,ăĂÿ,5520,îă
ăĂÿ,543,ýĀ,5521,ăĂÿý
ýĀ,188,¼,5522,ýĀ¼
¼,308,Ĵ,5523,¼Ĵ
Ĵ,323,Ń,5524,ĴŃ
Ń,265,ĉ,5525,Ńĉ
ĉ,514,ÿÿÿ,5526,ĉÿ
ÿÿÿ,1385,úý,5527,ÿÿÿú
úý,234,ê,5528,úýê
ê,198,Æ,5529,êÆ
Æ,223,ß,5530,Æß
ß,5417,Ďď,5531,ßĎ
Ďď,1050,ąÿ,5532,Ďďą
ąÿ,1784,ûĄ,5533,ąÿû
ûĄ,832,āć,5534,ûĄā
āć,5301,Ĉĉ,5535,āćĈ
Ĉĉ,1725,ćĀ,5536,Ĉĉć
ćĀ,3781,Āāā,5537,ćĀĀ
Āāā,1236,ýýþ,5538,Āāāý
ýýþ,1250,ùû,5539,ýýþù
ùû,247,÷,5540,ùû÷
÷,916,õú,5541,÷õ
õú,1460,ûÿ,5542,õúû
ûÿ,5336,āþýÿ,5543,ûÿā
āþýÿ,3909,ÿÿāþ,5544,āþýÿÿ
ÿÿāþ,699,ýþ,5545,ÿÿāþý
ýþ,1003,òñ,5546,ýþò
òñ,234,ê,5547,òñê
ê,267,ċ,5548,êċ
ċ,293,ĥ,5549,ċĥ
ĥ,293,ĥ,5550,ĥĥ
ĥ,2730,ġĀ,5551,ĥġ
ġĀ,1050,ąÿ,5552,ġĀą
ąÿ,1181,þāÿ,5553,ąÿþ
þāÿ,2313,þÿĀþÿÿ,5554,þāÿþ
þÿĀþÿÿ,1077,ĀÿĀÿÿÿ,5555,þÿĀþÿÿĀ
ĀÿĀÿÿÿ,635,þÿÿĀþÿ,5556,ĀÿĀÿÿÿþ
þÿÿĀþÿ,584,þĀÿþ,5557,þÿÿĀþÿþ
þĀÿþ,3510,āÿý,5558,þĀÿþā
āÿý,528,ĀþĀ,5559,āÿýĀ
ĀþĀ,250,ú,5560,ĀþĀú
ú,201,É,5561,úÉ
É,178,²,5562,É²
²,311,ķ,5563,²ķ
ķ,270,Ď,5564,ķĎ
Ď,756,üþ,5565,Ďü
üþ,2454,ąý,5566,üþą
ąý,251,û,5567,ąýû
û,273,đ,5568,ûđ
đ,288,Ġ,5569,đĠ
Ġ,2687,Ąû,5570,ĠĄ
Ąû,1178,ĀĂ,5571,ĄûĀ
ĀĂ,1199,þü,5572,ĀĂþ
þü,961,ăÿü,5573,þüă
ăÿü,513,ÿÿ,5574,ăÿüÿ
ÿÿ,209,Ñ,5575,ÿÿÑ
Ñ,3610,êù,5576,Ñê
êù,165,¥,5577,êù¥
¥,388,Ƅ,5578,¥Ƅ
Ƅ,4829,ďā,5579,Ƅď
ďā,1804,Ăă,5580,ďāĂ
Ăă,2530,āĄă,5581,Ăăā
āĄă,953,þĄ,5582,āĄăþ
þĄ,1444,āāĀ,5583,þĄā
āāĀ,1690,āÿÿÿþ,5584,āāĀā
āÿÿÿþ,641,ÿÿÿĀÿÿÿ,5585,āÿÿÿþÿ
ÿÿÿĀÿÿÿ,2792,ýþú,5586,ÿÿÿĀÿÿÿý
ýþú,1346,āû,5587,ýþúā
āû,1345,ùā,5588,āûù
ùā,2501,øþû,5589,ùāø
øþû,1292,üý,5590,øþûü
üý,244,ô,5591,üýô
ô,107,k,5592,ôk
k,352,Š,5593,kŠ
Š,265,ĉ,5594,Šĉ
ĉ,271,ď,5595,ĉď
ď,301,ĭ,5596,ďĭ
ĭ,5227,Āāÿÿÿ,5597,ĭĀ
Āāÿÿÿ,610,ÿþÿÿÿÿ,5598,Āāÿÿÿÿ
ÿþÿÿÿÿ,604,Āþþ,5599,ÿþÿÿÿÿĀ
Āþþ,644,āþ,5600,Āþþā
āþ,223,ß,5601,āþß
ß,198,Æ,5602,ßÆ
Æ,266,Ċ,5603,ÆĊ
Ċ,329,ŉ,5604,Ċŉ
ŉ,1481,úĄ,5605,ŉú
úĄ,5252,ĄĄă,5606,úĄĄ
ĄĄă,2340,ąĀĀ,5607,ĄĄăą
ąĀĀ,795,þā,5608,ąĀĀþ
þā,858,ýÿĀ,5609,þāý
ýÿĀ,2413,þĀĀþ,5610,ýÿĀþ
þĀĀþ,515,ÿÿÿÿ,5611,þĀĀþÿ
ÿÿÿÿ,1628,üê,5612,ÿÿÿÿü
üê,164,¤,5613,üê¤
¤,2957,«å,5614,¤«
«å,258,Ă,5615,«åĂ
Ă,308,Ĵ,5616,ĂĴ
Ĵ,347,ś,5617,Ĵś
ś,304,İ,5618,śİ
İ,2907,îÞ,5619,İî
îÞ,3279,ÚÜ,5620,îÞÚ
ÚÜ,244,ô,5621,ÚÜô
ô,168,¨,5622,ô¨
¨,378,ź,5623,¨ź
ź,379,Ż,5624,źŻ
Ż,1960,ÿû,5625,Żÿ
ÿû,1662,ûû,5626,ÿûû
ûû,755,øü,5627,ûûø
øü,1664,üø,5628,øüü
üø,165,¥,5629,üø¥
¥,291,ģ,5630,¥ģ
ģ,309,ĵ,5631,ģĵ
ĵ,270,Ď,5632,ĵĎ
Ď,831,ûā,5633,Ďû
ûā,596,þÿĀþ,5634,ûāþ
þÿĀþ,1793,ĀþÿÿĂ,5635,þÿĀþĀ
ĀþÿÿĂ,4240,ùă,5636,ĀþÿÿĂù
ùă,735,þþā,5637,ùăþ
þþā,885,ýĀþ,5638,þþāý
ýĀþ,1866,Ăü,5639,ýĀþĂ
Ăü,244,ô,5640,Ăüô
ô,3387,àý,5641,ôà
àý,2456,ĀýĀ,5642,àýĀ
ĀýĀ,258,Ă,5643,ĀýĀĂ
Ă,2007,ÞÚ,5644,ĂÞ
ÞÚ,361,ũ,5645,ÞÚũ
ũ,1878,ėÿ,5646,ũė
ėÿ,1960,ÿû,5647,ėÿÿ
ÿû,237,í,5648,ÿûí
í,195,Ã,5649,íÃ
Ã,217,Ù,5650,ÃÙ
Ù,279,ė,5651,Ùė
ė,274,Ē,5652,ėĒ
Ē,1139,üăý,5653,Ēü
üăý,5495,āĎ,5654,üăýā
āĎ,269,č,5655,āĎč
č,1328,ĈĊ,5656,čĈ
ĈĊ,831,ûā,5657,ĈĊû
ûā,1655,ûþ,5658,ûāû
ûþ,785,ÿþÿþ,5659,ûþÿ
ÿþÿþ,1663,ûþü,5660,ÿþÿþû
ûþü,3848,þûù,5661,ûþüþ
þûù,246,ö,5662,þûùö
ö,2971,÷ý,5663,ö÷
÷ý,2774,þāþ,5664,÷ýþ
þāþ,2465,þþÿÿÿ,5665,þāþþ
þþÿÿÿ,701,þý,5666,þþÿÿÿþ
þý,1035,Ąý,5667,þýĄ
Ąý,256,Ā,5668,ĄýĀ
Ā,231,ç,5669,Āç
ç,234,ê,5670,çê
ê,243,ó,5671,êó
ó,277,ĕ,5672,óĕ
ĕ,307,ĳ,5673,ĕĳ
ĳ,298,Ī,5674,ĳĪ
Ī,2705,Čÿ,5675,ĪČ
Čÿ,5280,Ăāý,5676,ČÿĂ
Ăāý,1152,Āā,5677,ĂāýĀ
Āā,2977,ýÿÿÿĀ,5678,Āāý
ýÿÿÿĀ,2444,ÿĀÿÿÿþÿÿ,5679,ýÿÿÿĀÿ
ÿĀÿÿÿþÿÿ,2427,ÿÿü,5680,ÿĀÿÿÿþÿÿÿ
ÿÿü,3074,ăýÿā,5681,ÿÿüă
ăýÿā,2863,ýÿĀý,5682,ăýÿāý
ýÿĀý,255,ÿ,5683,ýÿĀýÿ
ÿ,4747,í,5684,ÿí
í,273,đ,5685,íđ
đ,296,Ĩ,5686,đĨ
Ĩ,1053,ýĂÿ,5687,Ĩý
ýĂÿ,3591,üĂÿ,5688,ýĂÿü
üĂÿ,4531,ħĈ,5689,üĂÿħ
ħĈ,4739,þĀÿþĀ,5690,ħĈþ
þĀÿþĀ,596,þÿĀþ,5691,þĀÿþĀþ
þÿĀþ,827,þø,5692,þÿĀþþ
þø,200,È,5693,þøÈ
È,256,Ā,5694,ÈĀ
Ā,212,Ô,5695,ĀÔ
Ô,257,ā,5696,Ôā
ā,349,ŝ,5697,āŝ
ŝ,1784,ûĄ,5698,ŝû
ûĄ,4571,ĀăĄ,5699,ûĄĀ
ĀăĄ,3352,ĂĀĂ,5700,ĀăĄĂ
ĂĀĂ,5422,ăĂÿ,5701,ĂĀĂă
ăĂÿ,624,Āÿÿÿÿþÿ,5702,ăĂÿĀ
Āÿÿÿÿþÿ,548,ÿÿĀþ,5703,Āÿÿÿÿþÿÿ
ÿÿĀþ,4923,ýĂÿþ,5704,ÿÿĀþý
ýĂÿþ,2347,ÿüû,5705,ýĂÿþÿ
ÿüû,2533,ýýû,5706,ÿüûý
ýýû,2525,ûüü,5707,ýýûû
ûüü,3030,ùć,5708,ûüüù
ùć,4429,ù,5709,ùć
ù,305,ı,5710,ùı
ı,258,Ă,5711,ıĂ
Ă,301,ĭ,5712,Ăĭ
ĭ,267,ċ,5713,ĭċ
ċ,4417,þāþÿ,5714,ċþ
þāþÿ,5254,ÿĀÿýÿ,5715,þāþÿÿ
ÿĀÿýÿ,581,Āÿÿÿÿ,5716,ÿĀÿýÿĀ
Āÿÿÿÿ,253,ý,5717,Āÿÿÿÿý
ý,220,Ü,5718,ýÜ
Ü,194,Â,5719,ÜÂ
Â,296,Ĩ,5720,ÂĨ
Ĩ,306,Ĳ,5721,ĨĲ
Ĳ,2686,ýĄ,5722,Ĳý
ýĄ,907,ąĂ,5723,ýĄą
ąĂ,3776,ąă,5724,ąĂą
ąă,5464,ĀĀÿÿþ,5725,ąăĀ
ĀĀÿÿþ,2066,ĀÿÿĀþÿ,5726,ĀĀÿÿþĀ
ĀÿÿĀþÿ,1879,ÿýā,5727,ĀÿÿĀþÿÿ
ÿýā,525,þĀ,5728,ÿýāþ
þĀ,122,z,5729,þĀz
z,137,,5730,z
,4888,þāü,5731,þ
þāü,255,ÿ,5732,þāüÿ
ÿ,265,ĉ,5733,ÿĉ
ĉ,371,ų,5734,ĉų
ų,352,Š,5735,ųŠ
Š,242,ò,5736,Šò
ò,214,Ö,5737,òÖ
Ö,212,Ô,5738,ÖÔ
Ô,230,æ,5739,Ôæ
æ,189,½,5740,æ½
½,251,û,5741,½û
û,465,Ǒ,5742,ûǑ
Ǒ,267,ċ,5743,Ǒċ
ċ,1655,ûþ,5744,ċû
ûþ,245,õ,5745,ûþõ
õ,5309,ýúù,5746,õý
ýúù,254,þ,5747,ýúùþ
þ,172,¬,5748,þ¬
¬,271,ď,5749,¬ď
ď,316,ļ,5750,ďļ
ļ,1013,čā,5751,ļč
čā,999,ýþÿ,5752,čāý
ýþÿ,655,ÿĀÿÿÿÿ,5753,ýþÿÿ
ÿĀÿÿÿÿ,3023,þÿÿÿĀþÿ,5754,ÿĀÿÿÿÿþ
þÿÿÿĀþÿ,2310,ÿāþ,5755,þÿÿÿĀþÿÿ
ÿāþ,803,ýû,5756,ÿāþý
ýû,236,ì,5757,ýûì
ì,229,å,5758,ìå
å,267,ċ,5759,åċ
ċ,1288,ùÿ,5760,ċù
ùÿ,258,Ă,5761,ùÿĂ
Ă,246,ö,5762,Ăö
ö,203,Ë,5763,öË
Ë,290,Ģ,5764,ËĢ
Ģ,335,ŏ,5765,Ģŏ
ŏ,258,Ă,5766,ŏĂ
Ă,243,ó,5767,Ăó
ó,198,Æ,5768,óÆ
Æ,207,Ï,5769,ÆÏ
Ï,267,ċ,5770,Ïċ
ċ,2624,ĝĂ,5771,ċĝ
ĝĂ,1460,ûÿ,5772,ĝĂû
ûÿ,2357,ĉę,5773,ûÿĉ
ĉę,902,ĉć,5774,ĉęĉ
ĉć,1652,Āü,5775,ĉćĀ
Āü,2535,ûýþ,5776,Āüû
ûýþ,4548,ÿÿþþý,5777,ûýþÿ
ÿÿþþý,1850,ýûü,5778,ÿÿþþýý
ýûü,3044,ÿûü,5779,ýûüÿ
ÿûü,3165,ÿù,5780,ÿûüÿ
ÿù,248,ø,5781,ÿùø
ø,5659,ûþÿ,5782,øû
ûþÿ,2240,ÿÿþþ,5783,ûþÿÿ
ÿÿþþ,527,þÿĀ,5784,ÿÿþþþ
þÿĀ,1260,üā,5785,þÿĀü
üā,1288,ùÿ,5786,üāù
ùÿ,1590,ăþ,5787,ùÿă
ăþ,245,õ,5788,ăþõ
õ,1064,áí,5789,õá
áí,270,Ď,5790,áíĎ
Ď,311,ķ,5791,Ďķ
ķ,307,ĳ,5792,ķĳ
ĳ,266,Ċ,5793,ĳĊ
Ċ,1734,Āă,5794,ĊĀ
Āă,1080,ýāĀ,5795,Āăý
ýāĀ,5324,þÿþÿĀÿ,5796,ýāĀþ
þÿþÿĀÿ,5703,Āÿÿÿÿþÿÿ,5797,þÿþÿĀÿĀ
Āÿÿÿÿþÿÿ,877,ÿÿýā,5798,Āÿÿÿÿþÿÿÿ
ÿÿýā,4946,ÿÿþÿÿý,5799,ÿÿýāÿ
ÿÿþÿÿý,181,µ,5800,ÿÿþÿÿýµ
µ,203,Ë,5801,µË
Ë,1921,ĳČ,5802,Ëĳ
ĳČ,1960,ÿû,5803,ĳČÿ
ÿû,2806,Āāü,5804,ÿûĀ
Āāü,1284,ĕĜ,5805,Āāüĕ
ĕĜ,3825,āÿÿþÿ,5806,ĕĜā
āÿÿþÿ,1394,ÿþĀĀ,5807,āÿÿþÿÿ
ÿþĀĀ,699,ýþ,5808,ÿþĀĀý
ýþ,233,é,5809,ýþé
é,213,Õ,5810,éÕ
Õ,262,Ć,5811,ÕĆ
Ć,191,¿,5812,Ć¿
¿,337,ő,5813,¿ő
ő,3738,ęĂ,5814,őę
ęĂ,1325,āą,5815,ęĂā
āą,761,āĄ,5816,āąā
āĄ,3533,ĂĂā,5817,āĄĂ
ĂĂā,5226,ĂāÿĀ,5818,ĂĂāĂ
ĂāÿĀ,741,ÿÿÿÿþÿþ,5819,ĂāÿĀÿ
ÿÿÿÿþÿþ,4224,ĀĀÿÿÿÿ,5820,ÿÿÿÿþÿþĀ
ĀĀÿÿÿÿ,698,þÿý,5821,ĀĀÿÿÿÿþ
þÿý,3845,üýü,5822,þÿýü
üýü,1681,üú,5823,üýüü
üú,1681,üú,5824,üúü
üú,803,ýû,5825,üúý
ýû,226,â,5826,ýûâ
â,170,ª,5827,âª
ª,327,Ň,5828,ªŇ
Ň,247,÷,5829,Ň÷
÷,295,ħ,5830,÷ħ
ħ,5330,ĖĀ,5831,ħĖ
ĖĀ,2155,ÿĀþþ,5832,ĖĀÿ
ÿĀþþ,4415,ĀÿýĀ,5833,ÿĀþþĀ
ĀÿýĀ,4629,ÿĀþÿĀ,5834,ĀÿýĀÿ
ÿĀþÿĀ,253,ý,5835,ÿĀþÿĀý
ý,219,Û,5836,ýÛ
Û,193,Á,5837,ÛÁ
Á,3397,İĪ,5838,Áİ
İĪ,1734,Āă,5839,İĪĀ
Āă,3776,ąă,5840,Āăą
ąă,3992,ąĂā,5841,ąăą
ąĂā,5833,ÿĀþþĀ,5842,ąĂāÿ
ÿĀþþĀ,2371,ýāÿý,5843,ÿĀþþĀý
ýāÿý,1346,āû,5844,ýāÿýā
āû,4851,ăÿþþ,5845,āûă
ăÿþþ,82,R,5846,ăÿþþR
R,177,±,5847,R±
±,974,ÿþĀþ,5848,±ÿ
ÿþĀþ,1096,ĂĀ,5849,ÿþĀþĂ
ĂĀ,384,ƀ,5850,ĂĀƀ
ƀ,349,ŝ,5851,ƀŝ
ŝ,231,ç,5852,ŝç
ç,207,Ï,5853,çÏ
Ï,218,Ú,5854,ÏÚ
Ú,215,×,5855,Ú×
×,183,·,5856,×·
·,431,Ư,5857,·Ư
Ư,4170,Ňú,5858,ƯŇ
Ňú,1465,ýù,5859,Ňúý
ýù,1037,ýø,5860,ýùý
ýø,1466,ùĀ,5861,ýøù
ùĀ,175,¯,5862,ùĀ¯
¯,264,Ĉ,5863,¯Ĉ
Ĉ,316,ļ,5864,Ĉļ
ļ,2684,Ďā,5865,ļĎ
Ďā,2161,þþĀþ,5866,Ďāþ
þþĀþ,2671,ĀþĀþĀ,5867,þþĀþĀ
ĀþĀþĀ,705,ýÿÿ,5868,ĀþĀþĀý
ýÿÿ,4327,ĀÿÿþÿĀ,5869,ýÿÿĀ
ĀÿÿþÿĀ,595,þþ,5870,ĀÿÿþÿĀþ
þþ,259,ă,5871,þþă
ă,242,ò,5872,ăò
ò,226,â,5873,òâ
â,949,úĀ,5874,âú
úĀ,524,ÿþ,5875,úĀÿ
ÿþ,259,ă,5876,ÿþă
ă,224,à,5877,ăà
à,210,Ò,5878,àÒ
Ò,362,Ū,5879,ÒŪ
Ū,247,÷,5880,Ū÷
÷,180,´,5881,÷´
´,249,ù,5882,´ù
ù,290,Ģ,5883,ùĢ
Ģ,2689,ĉú,5884,Ģĉ
ĉú,258,Ă,5885,ĉúĂ
Ă,266,Ċ,5886,ĂĊ
Ċ,925,Ěč,5887,ĊĚ
Ěč,1319,Āýü,5888,ĚčĀ
Āýü,1236,ýýþ,5889,Āýüý
ýýþ,803,ýû,5890,ýýþý
ýû,1590,ăþ,5891,ýûă
ăþ,699,ýþ,5892,ăþý
ýþ,1426,üþü,5893,ýþü
üþü,1752,ýüü,5894,üþüý
ýüü,824,ýþû,5895,ýüüý
ýþû,2971,÷ý,5896,ýþû÷
÷ý,613,ÿþÿĀ,5897,÷ýÿ
ÿþÿĀ,1072,ýÿþ,5898,ÿþÿĀý
ýÿþ,3525,ÿĀû,5899,ýÿþÿ
ÿĀû,255,ÿ,5900,ÿĀûÿ
ÿ,272,Đ,5901,ÿĐ
Đ,261,ą,5902,Đą
ą,243,ó,5903,ąó
ó,251,û,5904,óû
û,240,ð,5905,ûð
ð,261,ą,5906,ðą
ą,239,ï,5907,ąï
ï,228,ä,5908,ïä
ä,239,ï,5909,äï
ï,276,Ĕ,5910,ïĔ
Ĕ,323,Ń,5911,ĔŃ
Ń,3050,īă,5912,Ńī
īă,712,ĀĀĀ,5913,īăĀ
ĀĀĀ,1080,ýāĀ,5914,ĀĀĀý
ýāĀ,3594,üāÿ,5915,ýāĀü
üāÿ,5200,ÿĀþÿÿĀ,5916,üāÿÿ
ÿĀþÿÿĀ,678,þÿÿþ,5917,ÿĀþÿÿĀþ
þÿÿþ,3617,Āÿþÿā,5918,þÿÿþĀ
Āÿþÿā,1199,þü,5919,Āÿþÿāþ
þü,238,î,5920,þüî
î,142,,5921,î
,2249,ĝħ,5922,ĝ
ĝħ,5230,ÿûþ,5923,ĝħÿ
ÿûþ,711,āĀ,5924,ÿûþā
āĀ,260,Ą,5925,āĀĄ
Ą,289,ġ,5926,Ąġ
ġ,4035,Ċý,5927,ġĊ
Ċý,998,Ăý,5928,ĊýĂ
Ăý,2628,þĀÿü,5929,Ăýþ
þĀÿü,788,āÿĀ,5930,þĀÿüā
āÿĀ,252,ü,5931,āÿĀü
ü,217,Ù,5932,üÙ
Ù,232,è,5933,Ùè
è,242,ò,5934,èò
ò,227,ã,5935,òã
ã,350,Ş,5936,ãŞ
Ş,891,üĂ,5937,Şü
üĂ,2530,āĄă,5938,üĂā
āĄă,3954,ăĂă,5939,āĄăă
ăĂă,4067,āĂÿ,5940,ăĂăā
āĂÿ,2723,ÿÿÿÿÿÿÿÿÿÿÿÿý,5941,āĂÿÿ
ÿÿÿÿÿÿÿÿÿÿÿÿý,634,ÿĀĀþ,5942,ÿÿÿÿÿÿÿÿÿÿÿÿýÿ
ÿĀĀþ,1704,ÿýþ,5943,ÿĀĀþÿ
ÿýþ,4482,úûû,5944,ÿýþú
úûû,1037,ýø,5945,úûûý
ýø,3330,Āø,5946,ýøĀ
Āø,258,Ă,5947,ĀøĂ
Ă,161,¡,5948,Ă¡
¡,287,ğ,5949,¡ğ
ğ,261,ą,5950,ğą
ą,4293,ěĤ,5951,ąě
ěĤ,1218,ÿþāþ,5952,ěĤÿ
ÿþāþ,716,ÿÿÿþÿ,5953,ÿþāþÿ
ÿÿÿþÿ,4318,ĀþÿÿĀþ,5954,ÿÿÿþÿĀ
ĀþÿÿĀþ,217,Ù,5955,ĀþÿÿĀþÙ
Ù,191,¿,5956,Ù¿
¿,317,Ľ,5957,¿Ľ
Ľ,286,Ğ,5958,ĽĞ
Ğ,2642,ąā,5959,Ğą
ąā,2041,ĆĂ,5960,ąāĆ
ĆĂ,5725,ąăĀ,5961,ĆĂą
ąăĀ,5833,ÿĀþþĀ,5962,ąăĀÿ
ÿĀþþĀ,2940,ÿú,5963,ÿĀþþĀÿ
ÿú,4038,ÿĄ,5964,ÿúÿ
ÿĄ,962,üă,5965,ÿĄü
üă,3359,úă,5966,üăú
úă,1199,þü,5967,úăþ
þü,39,\',5968,þü\'
\',222,Þ,5969,\'Þ
Þ,4163,āüÿ,5970,Þā
āüÿ,643,ÿÿā,5971,āüÿÿ
ÿÿā,265,ĉ,5972,ÿÿāĉ
ĉ,427,ƫ,5973,ĉƫ
ƫ,294,Ħ,5974,ƫĦ
Ħ,218,Ú,5975,ĦÚ
Ú,196,Ä,5976,ÚÄ
Ä,230,æ,5977,Äæ
æ,160, ,5978,æ 
 ,354,Ţ,5979, Ţ
Ţ,403,Ɠ,5980,ŢƓ
Ɠ,2864,ýûù,5981,Ɠý
ýûù,3400,üù,5982,ýûùü
üù,826,úþ,5983,üùú
úþ,184,¸,5984,úþ¸
¸,250,ú,5985,¸ú
ú,319,Ŀ,5986,úĿ
Ŀ,272,Đ,5987,ĿĐ
Đ,1398,þÿÿÿĀÿÿÿ,5988,Đþ
þÿÿÿĀÿÿÿ,886,þĀþÿÿ,5989,þÿÿÿĀÿÿÿþ
þĀþÿÿ,682,ĀÿþĀ,5990,þĀþÿÿĀ
ĀÿþĀ,2243,þþĀý,5991,ĀÿþĀþ
þþĀý,1939,ăû,5992,þþĀýă
ăû,233,é,5993,ăûé
é,233,é,5994,éé
é,4089,ĄþĀ,5995,éĄ
ĄþĀ,595,þþ,5996,ĄþĀþ
þþ,200,È,5997,þþÈ
È,976,ýö,5998,Èý
ýö,286,Ğ,5999,ýöĞ
Ğ,5330,ĖĀ,6000,ĞĖ
ĖĀ,2521,úč,6001,ĖĀú
úč,287,ğ,6002,účğ
ğ,270,Ď,6003,ğĎ
Ď,2827,þþüü,6004,Ďþ
þþüü,2627,ûþþ,6005,þþüüû
ûþþ,2140,þÿÿý,6006,ûþþþ
þÿÿý,2999,ýýýü,6007,þÿÿýý
ýýýü,1473,üüÿ,6008,ýýýüü
üüÿ,5424,úüý,6009,üüÿú
úüý,5776,Āüû,6010,úüýĀ
Āüû,2298,üĀÿ,6011,Āüûü
üĀÿ,2309,ÿÿýÿ,6012,üĀÿÿ
ÿÿýÿ,534,þÿÿ,6013,ÿÿýÿþ
þÿÿ,860,Ăû,6014,þÿÿĂ
Ăû,304,İ,6015,Ăûİ
İ,269,č,6016,İč
č,3749,ûø,6017,čû
ûø,235,ë,6018,ûøë
ë,234,ê,6019,ëê
ê,1340,ðû,6020,êð
ðû,1629,êß,6021,ðûê
êß,251,û,6022,êßû
û,306,Ĳ,6023,ûĲ
Ĳ,319,Ŀ,6024,ĲĿ
Ŀ,1830,ĕā,6025,Ŀĕ
ĕā,3770,ýāÿĀÿ,6026,ĕāý
ýāÿĀÿ,1214,ýĀĀÿ,6027,ýāÿĀÿý
ýĀĀÿ,657,Āþÿÿÿÿþ,6028,ýĀĀÿĀ
Āþÿÿÿÿþ,1104,Āÿþþ,6029,ĀþÿÿÿÿþĀ
Āÿþþ,685,āÿþ,6030,Āÿþþā
āÿþ,250,ú,6031,āÿþú
ú,185,¹,6032,ú¹
¹,200,È,6033,¹È
È,316,ļ,6034,Èļ
ļ,1573,Ąÿý,6035,ļĄ
Ąÿý,1096,ĂĀ,6036,ĄÿýĂ
ĂĀ,249,ù,6037,ĂĀù
ù,285,ĝ,6038,ùĝ
ĝ,3756,Ėü,6039,ĝĖ
Ėü,940,Ăþþ,6040,ĖüĂ
Ăþþ,822,ĀĀÿ,6041,ĂþþĀ
ĀĀÿ,875,ûă,6042,ĀĀÿû
ûă,525,þĀ,6043,ûăþ
þĀ,249,ù,6044,þĀù
ù,207,Ï,6045,ùÏ
Ï,250,ú,6046,Ïú
ú,210,Ò,6047,úÒ
Ò,303,į,6048,Òį
į,294,Ħ,6049,įĦ
Ħ,1725,ćĀ,6050,Ħć
ćĀ,3269,ăă,6051,ćĀă
ăă,4376,āĄăĂ,6052,ăăā
āĄăĂ,3579,āĀþĀ,6053,āĄăĂā
āĀþĀ,853,ÿÿÿÿÿÿÿÿÿÿÿÿÿþÿ,6054,āĀþĀÿ
ÿÿÿÿÿÿÿÿÿÿÿÿÿþÿ,660,ÿÿÿþ,6055,ÿÿÿÿÿÿÿÿÿÿÿÿÿþÿÿ
ÿÿÿþ,2231,ûúû,6056,ÿÿÿþû
ûúû,2739,ýúû,6057,ûúûý
ýúû,1591,þû,6058,ýúûþ
þû,211,Ó,6059,þûÓ
Ó,211,Ó,6060,ÓÓ
Ó,2916,ħć,6061,Óħ
ħć,302,Į,6062,ħćĮ
Į,3793,ăþā,6063,Įă
ăþā,2527,ýĀÿý,6064,ăþāý
ýĀÿý,5726,ĀĀÿÿþĀ,6065,ýĀÿýĀ
ĀĀÿÿþĀ,523,þÿ,6066,ĀĀÿÿþĀþ
þÿ,216,Ø,6067,þÿØ
Ø,188,¼,6068,Ø¼
¼,330,Ŋ,6069,¼Ŋ
Ŋ,276,Ĕ,6070,ŊĔ
Ĕ,5961,ĆĂą,6071,ĔĆ
ĆĂą,4679,ăĄĄ,6072,ĆĂąă
ăĄĄ,848,ÿÿĀþþ,6073,ăĄĄÿ
ÿÿĀþþ,1180,āþÿþ,6074,ÿÿĀþþā
āþÿþ,1182,ÿüă,6075,āþÿþÿ
ÿüă,2121,ÿþü,6076,ÿüăÿ
ÿþü,221,Ý,6077,ÿþüÝ
Ý,49,1,6078,Ý1
1,1860,÷ÿ,6079,1÷
÷ÿ,5610,ýÿĀþ,6080,÷ÿý
ýÿĀþ,1866,Ăü,6081,ýÿĀþĂ
Ăü,324,ń,6082,Ăüń
ń,410,ƚ,6083,ńƚ
ƚ,243,ó,6084,ƚó
ó,199,Ç,6085,óÇ
Ç,211,Ó,6086,ÇÓ
Ó,182,¶,6087,Ó¶
¶,262,Ć,6088,¶Ć
Ć,455,Ǉ,6089,ĆǇ
Ǉ,3115,Ćû,6090,ǇĆ
Ćû,755,øü,6091,Ćûø
øü,5272,ùú,6092,øüù
ùú,254,þ,6093,ùúþ
þ,192,À,6094,þÀ
À,238,î,6095,Àî
î,319,Ŀ,6096,îĿ
Ŀ,276,Ĕ,6097,ĿĔ
Ĕ,729,ýĀÿÿ,6098,Ĕý
ýĀÿÿ,2260,ĀÿþĀÿþ,6099,ýĀÿÿĀ
ĀÿþĀÿþ,1047,ýĀĀ,6100,ĀÿþĀÿþý
ýĀĀ,3055,þĀþĀÿ,6101,ýĀĀþ
þĀþĀÿ,886,þĀþÿÿ,6102,þĀþĀÿþ
þĀþÿÿ,247,÷,6103,þĀþÿÿ÷
÷,224,à,6104,÷à
à,1655,ûþ,6105,àû
ûþ,761,āĄ,6106,ûþā
āĄ,235,ë,6107,āĄë
ë,210,Ò,6108,ëÒ
Ò,255,ÿ,6109,Òÿ
ÿ,292,Ĥ,6110,ÿĤ
Ĥ,264,Ĉ,6111,ĤĈ
Ĉ,252,ü,6112,Ĉü
ü,268,Č,6113,üČ
Č,286,Ğ,6114,ČĞ
Ğ,3706,đā,6115,Ğđ
đā,3400,üù,6116,đāü
üù,5964,ÿúÿ,6117,üùÿ
ÿúÿ,1130,āý,6118,ÿúÿā
āý,861,ûü,6119,āýû
ûü,1178,ĀĂ,6120,ûüĀ
ĀĂ,1655,ûþ,6121,ĀĂû
ûþ,2534,ûýû,6122,ûþû
ûýû,1464,üýý,6123,ûýûü
üýý,1140,ýüý,6124,üýýý
ýüý,2121,ÿþü,6125,ýüýÿ
ÿþü,2669,ÿĀýÿ,6126,ÿþüÿ
ÿĀýÿ,2536,þĀýþ,6127,ÿĀýÿþ
þĀýþ,1783,ÿÿû,6128,þĀýþÿ
ÿÿû,254,þ,6129,ÿÿûþ
þ,285,ĝ,6130,þĝ
ĝ,290,Ģ,6131,ĝĢ
Ģ,2391,þą,6132,Ģþ
þą,1858,þú,6133,þąþ
þú,242,ò,6134,þúò
ò,224,à,6135,òà
à,237,í,6136,àí
í,238,î,6137,íî
î,224,à,6138,îà
à,235,ë,6139,àë
ë,286,Ğ,6140,ëĞ
Ğ,330,Ŋ,6141,ĞŊ
Ŋ,3868,ġĀĂ,6142,Ŋġ
ġĀĂ,2665,ÿþÿā,6143,ġĀĂÿ
ÿþÿā,858,ýÿĀ,6144,ÿþÿāý
ýÿĀ,604,Āþþ,6145,ýÿĀĀ
Āþþ,850,Āÿÿþ,6146,ĀþþĀ
Āÿÿþ,3242,āýþ,6147,Āÿÿþā
āýþ,3510,āÿý,6148,āýþā
āÿý,2955,ýë,6149,āÿýý
ýë,147,,6150,ýë
,292,Ĥ,6151,Ĥ
Ĥ,283,ě,6152,Ĥě
ě,3218,Ăú,6153,ěĂ
Ăú,5553,ąÿþ,6154,Ăúą
ąÿþ,258,Ă,6155,ąÿþĂ
Ă,293,ĥ,6156,Ăĥ
ĥ,3272,Ćú,6157,ĥĆ
Ćú,1785,Ąü,6158,ĆúĄ
Ąü,774,ÿĀĀĀ,6159,Ąüÿ
ÿĀĀĀ,2370,üĂý,6160,ÿĀĀĀü
üĂý,255,ÿ,6161,üĂýÿ
ÿ,244,ô,6162,ÿô
ô,202,Ê,6163,ôÊ
Ê,255,ÿ,6164,Êÿ
ÿ,211,Ó,6165,ÿÓ
Ó,343,ŗ,6166,Óŗ
ŗ,5249,Ĉă,6167,ŗĈ
Ĉă,255,ÿ,6168,Ĉăÿ
ÿ,840,ćĂ,6169,ÿć
ćĂ,3421,ĂĂă,6170,ćĂĂ
ĂĂă,5411,ĂĀÿþ,6171,ĂĂăĂ
ĂĀÿþ,4224,ĀĀÿÿÿÿ,6172,ĂĀÿþĀ
ĀĀÿÿÿÿ,1247,ÿÿþý,6173,ĀĀÿÿÿÿÿ
ÿÿþý,2996,þĀĂÿ,6174,ÿÿþýþ
þĀĂÿ,579,ÿþÿÿÿ,6175,þĀĂÿÿ
ÿþÿÿÿ,701,þý,6176,ÿþÿÿÿþ
þý,1253,úûý,6177,þýú
úûý,1343,üö,6178,úûýü
üö,5920,þüî,6179,üöþ
þüî,175,¯,6180,þüî¯
¯,303,į,6181,¯į
į,254,þ,6182,įþ
þ,305,ı,6183,þı
ı,5928,ĊýĂ,6184,ıĊ
ĊýĂ,2472,üāþ,6185,ĊýĂü
üāþ,2565,þĀÿĀ,6186,üāþþ
þĀÿĀ,594,þÿÿĀþ,6187,þĀÿĀþ
þÿÿĀþ,215,×,6188,þÿÿĀþ×
×,187,»,6189,×»
»,337,ő,6190,»ő
ő,271,ď,6191,őď
ď,817,Ćă,6192,ďĆ
Ćă,1128,Ąă,6193,ĆăĄ
Ąă,5251,ĄĄ,6194,ĄăĄ
ĄĄ,2981,ÿÿÿÿþĀ,6195,ĄĄÿ
ÿÿÿÿþĀ,525,þĀ,6196,ÿÿÿÿþĀþ
þĀ,875,ûă,6197,þĀû
ûă,681,ÿÿÿþĀ,6198,ûăÿ
ÿÿÿþĀ,129,,6199,ÿÿÿþĀ
,130,,6200,
,3439,üĀþ,6201,ü
üĀþ,1836,Āÿþÿÿ,6202,üĀþĀ
Āÿþÿÿ,266,Ċ,6203,ĀÿþÿÿĊ
Ċ,418,Ƣ,6204,ĊƢ
Ƣ,299,ī,6205,Ƣī
ī,222,Þ,6206,īÞ
Þ,194,Â,6207,ÞÂ
Â,199,Ç,6208,ÂÇ
Ç,195,Ã,6209,ÇÃ
Ã,467,Ǔ,6210,ÃǓ
Ǔ,288,Ġ,6211,ǓĠ
Ġ,5272,ùú,6212,Ġù
ùú,5983,üùú,6213,ùúü
üùú,254,þ,6214,üùúþ
þ,198,Æ,6215,þÆ
Æ,228,ä,6216,Æä
ä,323,Ń,6217,äŃ
Ń,275,ē,6218,Ńē
ē,5362,þĀþÿĀÿ,6219,ēþ
þĀþÿĀÿ,572,þÿÿÿÿÿÿ,6220,þĀþÿĀÿþ
þÿÿÿÿÿÿ,778,ĀþÿĀÿ,6221,þÿÿÿÿÿÿĀ
ĀþÿĀÿ,5554,þāÿþ,6222,ĀþÿĀÿþ
þāÿþ,654,ýÿ,6223,þāÿþý
ýÿ,228,ä,6224,ýÿä
ä,1124,íă,6225,äí
íă,259,ă,6226,íăă
ă,227,ã,6227,ăã
ã,215,×,6228,ã×
×,269,č,6229,×č
č,2133,Ģý,6230,čĢ
Ģý,262,Ć,6231,ĢýĆ
Ć,289,ġ,6232,Ćġ
ġ,5132,ĕĀ,6233,ġĕ
ĕĀ,542,ÿý,6234,ĕĀÿ
ÿý,3149,÷Ą,6235,ÿý÷
÷Ą,246,ö,6236,÷Ąö
ö,860,Ăû,6237,öĂ
Ăû,1902,üÿþ,6238,Ăûü
üÿþ,1704,ÿýþ,6239,üÿþÿ
ÿýþ,1851,üþý,6240,ÿýþü
üþý,1557,üýû,6241,üþýü
üýû,1754,üýýþ,6242,üýûü
üýýþ,885,ýĀþ,6243,üýýþý
ýĀþ,1213,þÿĀý,6244,ýĀþþ
þÿĀý,785,ÿþÿþ,6245,þÿĀýÿ
ÿþÿþ,2953,ÿþĀü,6246,ÿþÿþÿ
ÿþĀü,1763,āù,6247,ÿþĀüā
āù,266,Ċ,6248,āùĊ
Ċ,297,ĩ,6249,Ċĩ
ĩ,817,Ćă,6250,ĩĆ
Ćă,1432,āýÿ,6251,Ćăā
āýÿ,244,ô,6252,āýÿô
ô,223,ß,6253,ôß
ß,225,á,6254,ßá
á,223,ß,6255,áß
ß,230,æ,6256,ßæ
æ,267,ċ,6257,æċ
ċ,332,Ō,6258,ċŌ
Ō,2823,įĂ,6259,Ōį
įĂ,2686,ýĄ,6260,įĂý
ýĄ,6101,ýĀĀþ,6261,ýĄý
ýĀĀþ,2361,ÿāþþ,6262,ýĀĀþÿ
ÿāþþ,567,ÿĀÿÿÿ,6263,ÿāþþÿ
ÿĀÿÿÿ,5915,ýāĀü,6264,ÿĀÿÿÿý
ýāĀü,1848,āú,6265,ýāĀüā
āú,186,º,6266,āúº
º,194,Â,6267,ºÂ
Â,320,ŀ,6268,Âŀ
ŀ,2153,ĂĂþ,6269,ŀĂ
ĂĂþ,1052,ýāý,6270,ĂĂþý
ýāý,282,Ě,6271,ýāýĚ
Ě,4188,ĕý,6272,Ěĕ
ĕý,2531,ăþü,6273,ĕýă
ăþü,1152,Āā,6274,ăþüĀ
Āā,658,þĀý,6275,Āāþ
þĀý,5929,Ăýþ,6276,þĀýĂ
Ăýþ,232,è,6277,Ăýþè
è,215,×,6278,è×
×,238,î,6279,×î
î,247,÷,6280,î÷
÷,335,ŏ,6281,÷ŏ
ŏ,710,ÿā,6282,ŏÿ
ÿā,907,ąĂ,6283,ÿāą
ąĂ,3349,ăāă,6284,ąĂă
ăāă,4715,ăĀĀþ,6285,ăāăă
ăĀĀþ,5350,ÿĀĀÿÿ,6286,ăĀĀþÿ
ÿĀĀÿÿ,2981,ÿÿÿÿþĀ,6287,ÿĀĀÿÿÿ
ÿÿÿÿþĀ,2773,ÿÿÿÿÿþþ,6288,ÿÿÿÿþĀÿ
ÿÿÿÿÿþþ,1361,Āÿÿý,6289,ÿÿÿÿÿþþĀ
Āÿÿý,2831,ûûü,6290,Āÿÿýû
ûûü,1659,üû,6291,ûûüü
üû,5143,øý,6292,üûø
øý,252,ü,6293,øýü
ü,175,¯,6294,ü¯
¯,1229,Ēĉ,6295,¯Ē
Ēĉ,297,ĩ,6296,Ēĉĩ
ĩ,4188,ĕý,6297,ĩĕ
ĕý,1567,āü,6298,ĕýā
āü,4452,Ăüā,6299,āüĂ
Ăüā,5898,ÿþÿĀý,6300,Ăüāÿ
ÿþÿĀý,539,Āÿÿ,6301,ÿþÿĀýĀ
Āÿÿ,6189,×»,6302,Āÿÿ×
×»,342,Ŗ,6303,×»Ŗ
Ŗ,1724,ċć,6304,Ŗċ
ċć,1804,Ăă,6305,ċćĂ
Ăă,5252,ĄĄă,6306,ĂăĄ
ĄĄă,1333,Āÿÿÿÿÿþ,6307,ĄĄăĀ
Āÿÿÿÿÿþ,168,¨,6308,Āÿÿÿÿÿþ¨
¨,341,ŕ,6309,¨ŕ
ŕ,2774,þāþ,6310,ŕþ
þāþ,620,āÿ,6311,þāþā
āÿ,238,î,6312,āÿî
î,56,8,6313,î8
8,218,Ú,6314,8Ú
Ú,5609,þāý,6315,Úþ
þāý,643,ÿÿā,6316,þāýÿ
ÿÿā,1052,ýāý,6317,ÿÿāý
ýāý,360,Ũ,6318,ýāýŨ
Ũ,377,Ź,6319,ŨŹ
Ź,227,ã,6320,Źã
ã,203,Ë,6321,ãË
Ë,194,Â,6322,ËÂ
Â,174,®,6323,Â®
®,430,Ʈ,6324,®Ʈ
Ʈ,329,ŉ,6325,Ʈŉ
ŉ,755,øü,6326,ŉø
øü,1859,ú÷,6327,øüú
ú÷,756,üþ,6328,ú÷ü
üþ,202,Ê,6329,üþÊ
Ê,3752,Ýň,6330,ÊÝ
Ýň,273,đ,6331,Ýňđ
đ,6316,þāýÿ,6332,đþ
þāýÿ,993,Āÿþÿ,6333,þāýÿĀ
Āÿþÿ,2262,þĀÿþÿÿ,6334,Āÿþÿþ
þĀÿþÿÿ,1431,Āÿÿÿā,6335,þĀÿþÿÿĀ
Āÿÿÿā,705,ýÿÿ,6336,Āÿÿÿāý
ýÿÿ,813,ýĂ,6337,ýÿÿý
ýĂ,241,ñ,6338,ýĂñ
ñ,231,ç,6339,ñç
ç,255,ÿ,6340,çÿ
ÿ,3118,ÝÙ,6341,ÿÝ
ÝÙ,281,ę,6342,ÝÙę
ę,283,ě,6343,ęě
ě,248,ø,6344,ěø
ø,280,Ę,6345,øĘ
Ę,288,Ġ,6346,ĘĠ
Ġ,2861,ĉĂ,6347,Ġĉ
ĉĂ,247,÷,6348,ĉĂ÷
÷,3206,üþû,6349,÷ü
üþû,4655,þÿýû,6350,üþûþ
þÿýû,1260,üā,6351,þÿýûü
üā,2625,Ăþü,6352,üāĂ
Ăþü,1465,ýù,6353,Ăþüý
ýù,2827,þþüü,6354,ýùþ
þþüü,2942,ýúþ,6355,þþüüý
ýúþ,4280,þĀþÿþ,6356,ýúþþ
þĀþÿþ,3909,ÿÿāþ,6357,þĀþÿþÿ
ÿÿāþ,1399,ÿÿþÿý,6358,ÿÿāþÿ
ÿÿþÿý,643,ÿÿā,6359,ÿÿþÿýÿ
ÿÿā,1310,øĀ,6360,ÿÿāø
øĀ,1939,ăû,6361,øĀă
ăû,289,ġ,6362,ăûġ
ġ,4753,ēĀ,6363,ġē
ēĀ,1163,āāÿÿ,6364,ēĀā
āāÿÿ,235,ë,6365,āāÿÿë
ë,216,Ø,6366,ëØ
Ø,222,Þ,6367,ØÞ
Þ,4194,ßÿ,6368,Þß
ßÿ,331,ŋ,6369,ßÿŋ
ŋ,306,Ĳ,6370,ŋĲ
Ĳ,2041,ĆĂ,6371,ĲĆ
ĆĂ,3679,þþāþ,6372,ĆĂþ
þþāþ,6263,ÿāþþÿ,6373,þþāþÿ
ÿāþþÿ,1099,āþÿÿ,6374,ÿāþþÿā
āþÿÿ,739,þÿÿÿþ,6375,āþÿÿþ
þÿÿÿþ,238,î,6376,þÿÿÿþî
î,149,,6377,î
,279,ė,6378,ė
ė,292,Ĥ,6379,ėĤ
Ĥ,1567,āü,6380,Ĥā
āü,1117,Āú,6381,āüĀ
Āú,257,ā,6382,Āúā
ā,264,Ĉ,6383,āĈ
Ĉ,2930,Ġą,6384,ĈĠ
Ġą,878,āÿÿ,6385,Ġąā
āÿÿ,2186,üĀĀ,6386,āÿÿü
üĀĀ,1095,þĂ,6387,üĀĀþ
þĂ,5634,ûāþ,6388,þĂû
ûāþ,5718,ýÜ,6389,ûāþý
ýÜ,6278,è×,6390,ýÜè
è×,303,į,6391,è×į
į,5020,īý,6392,įī
īý,263,ć,6393,īýć
ć,3954,ăĂă,6394,ćă
ăĂă,814,ĂĄ,6395,ăĂăĂ
ĂĄ,1699,ĀÿĀþÿ,6396,ĂĄĀ
ĀÿĀþÿ,4295,āþĀ,6397,ĀÿĀþÿā
āþĀ,6176,ÿþÿÿÿþ,6398,āþĀÿ
ÿþÿÿÿþ,682,ĀÿþĀ,6399,ÿþÿÿÿþĀ
ĀÿþĀ,724,Āþÿÿÿÿÿÿ,6400,ĀÿþĀĀ
Āþÿÿÿÿÿÿ,5860,ýùý,6401,Āþÿÿÿÿÿÿý
ýùý,1466,ùĀ,6402,ýùýù
ùĀ,1252,÷ú,6403,ùĀ÷
÷ú,258,Ă,6404,÷úĂ
Ă,199,Ç,6405,ĂÇ
Ç,222,Þ,6406,ÇÞ
Þ,288,Ġ,6407,ÞĠ
Ġ,282,Ě,6408,ĠĚ
Ě,5478,ġþÿ,6409,Ěġ
ġþÿ,2830,þāû,6410,ġþÿþ
þāû,1155,Ăÿÿ,6411,þāûĂ
Ăÿÿ,1540,ĀþÿÿĀÿ,6412,ĂÿÿĀ
ĀþÿÿĀÿ,216,Ø,6413,ĀþÿÿĀÿØ
Ø,185,¹,6414,Ø¹
¹,342,Ŗ,6415,¹Ŗ
Ŗ,2001,čą,6416,Ŗč
čą,5250,ăăĄ,6417,čąă
ăăĄ,4511,ăăĀ,6418,ăăĄă
ăăĀ,516,ÿÿÿÿÿ,6419,ăăĀÿ
ÿÿÿÿÿ,251,û,6420,ÿÿÿÿÿû
û,55,7,6421,û7
7,374,Ŷ,6422,7Ŷ
Ŷ,339,œ,6423,Ŷœ
œ,4832,ÿĀþĀ,6424,œÿ
ÿĀþĀ,128,,6425,ÿĀþĀ
,128,,6426,
,1166,āýā,6427,ā
āýā,3230,ýĀÿĀ,6428,āýāý
ýĀÿĀ,1488,ÿýĀ,6429,ýĀÿĀÿ
ÿýĀ,294,Ħ,6430,ÿýĀĦ
Ħ,434,Ʋ,6431,ĦƲ
Ʋ,247,÷,6432,Ʋ÷
÷,200,È,6433,÷È
È,202,Ê,6434,ÈÊ
Ê,159,,6435,Ê
,386,Ƃ,6436,Ƃ
Ƃ,372,Ŵ,6437,ƂŴ
Ŵ,5782,øû,6438,Ŵø
øû,1661,úøû,6439,øûú
úøû,254,þ,6440,úøûþ
þ,3391,ÍØ,6441,þÍ
ÍØ,332,Ō,6442,ÍØŌ
Ō,4557,ĎĀ,6443,ŌĎ
ĎĀ,2139,þÿÿÿÿþ,6444,ĎĀþ
þÿÿÿÿþ,4318,ĀþÿÿĀþ,6445,þÿÿÿÿþĀ
ĀþÿÿĀþ,1487,ĀÿþĀÿ,6446,ĀþÿÿĀþĀ
ĀÿþĀÿ,1652,Āü,6447,ĀÿþĀÿĀ
Āü,2154,þĀÿþÿ,6448,Āüþ
þĀÿþÿ,228,ä,6449,þĀÿþÿä
ä,219,Û,6450,äÛ
Û,210,Ò,6451,ÛÒ
Ò,288,Ġ,6452,ÒĠ
Ġ,4753,ēĀ,6453,Ġē
ēĀ,289,ġ,6454,ēĀġ
ġ,2408,ĘĄ,6455,ġĘ
ĘĄ,1436,ÿõ,6456,ĘĄÿ
ÿõ,948,ăú,6457,ÿõă
ăú,2686,ýĄ,6458,ăúý
ýĄ,2971,÷ý,6459,ýĄ÷
÷ý,3938,ûĀā,6460,÷ýû
ûĀā,3687,ÿüý,6461,ûĀāÿ
ÿüý,3042,úüþ,6462,ÿüýú
úüþ,2222,ýüüþ,6463,úüþý
ýüüþ,1464,üýý,6464,ýüüþü
üýý,5059,ÿĀÿþÿÿĀ,6465,üýýÿ
ÿĀÿþÿÿĀ,5013,ÿþÿĀþÿĀ,6466,ÿĀÿþÿÿĀÿ
ÿþÿĀþÿĀ,1158,ÿþý,6467,ÿþÿĀþÿĀÿ
ÿþý,1823,üĄ,6468,ÿþýü
üĄ,244,ô,6469,üĄô
ô,760,Ăā,6470,ôĂ
Ăā,272,Đ,6471,ĂāĐ
Đ,281,ę,6472,Đę
ę,1322,Ćü,6473,ęĆ
Ćü,6052,ăăā,6474,Ćüă
ăăā,246,ö,6475,ăăāö
ö,220,Ü,6476,öÜ
Ü,212,Ô,6477,ÜÔ
Ô,219,Û,6478,ÔÛ
Û,253,ý,6479,Ûý
ý,332,Ō,6480,ýŌ
Ō,309,ĵ,6481,Ōĵ
ĵ,1601,Ćā,6482,ĵĆ
Ćā,2669,ÿĀýÿ,6483,Ćāÿ
ÿĀýÿ,5440,āþþĀ,6484,ÿĀýÿā
āþþĀ,582,ÿÿþĀ,6485,āþþĀÿ
ÿÿþĀ,2412,üāĀþ,6486,ÿÿþĀü
üāĀþ,247,÷,6487,üāĀþ÷
÷,206,Î,6488,÷Î
Î,177,±,6489,Î±
±,319,Ŀ,6490,±Ŀ
Ŀ,3200,ĄĀĂ,6491,ĿĄ
ĄĀĂ,3359,úă,6492,ĄĀĂú
úă,252,ü,6493,úăü
ü,280,Ę,6494,üĘ
Ę,278,Ė,6495,ĘĖ
Ė,4045,ÿĂ,6496,Ėÿ
ÿĂ,5223,øĆ,6497,ÿĂø
øĆ,1651,ûĀĀ,6498,øĆû
ûĀĀ,2003,üĄü,6499,ûĀĀü
üĄü,1783,ÿÿû,6500,üĄüÿ
ÿÿû,213,Õ,6501,ÿÿûÕ
Õ,240,ð,6502,Õð
ð,207,Ï,6503,ðÏ
Ï,1954,ŘĄ,6504,ÏŘ
ŘĄ,3482,ČĀ,6505,ŘĄČ
ČĀ,5029,ÿĆ,6506,ČĀÿ
ÿĆ,1129,ăā,6507,ÿĆă
ăā,5197,ĄāþĀ,6508,ăāĄ
ĄāþĀ,911,þÿĀÿÿÿ,6509,ĄāþĀþ
þÿĀÿÿÿ,516,ÿÿÿÿÿ,6510,þÿĀÿÿÿÿ
ÿÿÿÿÿ,246,ö,6511,ÿÿÿÿÿö
ö,1172,ïù,6512,öï
ïù,266,Ċ,6513,ïùĊ
Ċ,4850,ďă,6514,Ċď
ďă,5611,þĀĀþÿ,6515,ďăþ
þĀĀþÿ,1083,ÿþû,6516,þĀĀþÿÿ
ÿþû,1202,úû,6517,ÿþûú
úû,1664,üø,6518,úûü
üø,1960,ÿû,6519,üøÿ
ÿû,230,æ,6520,ÿûæ
æ,184,¸,6521,æ¸
¸,298,Ī,6522,¸Ī
Ī,274,Ē,6523,ĪĒ
Ē,2250,ħÿ,6524,Ēħ
ħÿ,545,ÿÿĀ,6525,ħÿÿ
ÿÿĀ,1481,úĄ,6526,ÿÿĀú
úĄ,2486,ÿÿĀý,6527,úĄÿ
ÿÿĀý,634,ÿĀĀþ,6528,ÿÿĀýÿ
ÿĀĀþ,216,Ø,6529,ÿĀĀþØ
Ø,187,»,6530,Ø»
»,340,Ŕ,6531,»Ŕ
Ŕ,2353,Đā,6532,ŔĐ
Đā,3776,ąă,6533,Đāą
ąă,5134,Ąăă,6534,ąăĄ
Ąăă,583,Āÿÿÿÿþ,6535,ĄăăĀ
Āÿÿÿÿþ,239,ï,6536,Āÿÿÿÿþï
ï,37,%,6537,ï%
%,303,į,6538,%į
į,406,Ɩ,6539,įƖ
Ɩ,2730,ġĀ,6540,Ɩġ
ġĀ,252,ü,6541,ġĀü
ü,145,,6542,ü
,117,u,6543,u
u,5610,ýÿĀþ,6544,uý
ýÿĀþ,4295,āþĀ,6545,ýÿĀþā
āþĀ,2161,þþĀþ,6546,āþĀþ
þþĀþ,263,ć,6547,þþĀþć
ć,436,ƴ,6548,ćƴ
ƴ,285,ĝ,6549,ƴĝ
ĝ,213,Õ,6550,ĝÕ
Õ,193,Á,6551,ÕÁ
Á,152,,6552,Á
,347,ś,6553,ś
ś,5981,Ɠý,6554,śƓ
Ɠý,5390,øù,6555,Ɠýø
øù,1681,üú,6556,øùü
üú,6441,þÍ,6557,üúþ
þÍ,215,×,6558,þÍ×
×,333,ō,6559,×ō
ō,4593,čĀ,6560,ōč
čĀ,1159,ýĀþĀ,6561,čĀý
ýĀþĀ,6399,ÿþÿÿÿþĀ,6562,ýĀþĀÿ
ÿþÿÿÿþĀ,2871,ÿþÿÿĀþ,6563,ÿþÿÿÿþĀÿ
ÿþÿÿĀþ,953,þĄ,6564,ÿþÿÿĀþþ
þĄ,1296,ýýÿ,6565,þĄý
ýýÿ,891,üĂ,6566,ýýÿü
üĂ,221,Ý,6567,üĂÝ
Ý,179,³,6568,Ý³
³,286,Ğ,6569,³Ğ
Ğ,276,Ĕ,6570,ĞĔ
Ĕ,267,ċ,6571,Ĕċ
ċ,287,ğ,6572,ċğ
ğ,279,ė,6573,ğė
ė,1854,üþú,6574,ėü
üþú,1652,Āü,6575,üþúĀ
Āü,2857,üýþ,6576,Āüü
üýþ,1851,üþý,6577,üýþü
üþý,546,ĀĀ,6578,üþýĀ
ĀĀ,2535,ûýþ,6579,ĀĀû
ûýþ,1850,ýûü,6580,ûýþý
ýûü,3356,ýüýý,6581,ýûüý
ýüýý,4215,þýÿþ,6582,ýüýýþ
þýÿþ,730,ÿÿÿÿÿĀþ,6583,þýÿþÿ
ÿÿÿÿÿĀþ,851,þÿÿĀÿÿ,6584,ÿÿÿÿÿĀþþ
þÿÿĀÿÿ,3246,þĀÿþÿþ,6585,þÿÿĀÿÿþ
þĀÿþÿþ,5776,Āüû,6586,þĀÿþÿþĀ
Āüû,267,ċ,6587,Āüûċ
ċ,279,ė,6588,ċė
ė,5182,Ċÿ,6589,ėĊ
Ċÿ,3239,āýă,6590,Ċÿā
āýă,254,þ,6591,āýăþ
þ,226,â,6592,þâ
â,212,Ô,6593,âÔ
Ô,216,Ø,6594,ÔØ
Ø,251,û,6595,Øû
û,333,ō,6596,ûō
ō,311,ķ,6597,ōķ
ķ,1590,ăþ,6598,ķă
ăþ,1792,ĀĀÿĀ,6599,ăþĀ
ĀĀÿĀ,2047,þÿÿÿþĀ,6600,ĀĀÿĀþ
þÿÿÿþĀ,2940,ÿú,6601,þÿÿÿþĀÿ
ÿú,1697,ăĀ,6602,ÿúă
ăĀ,862,üó,6603,ăĀü
üó,155,,6604,üó
,262,Ć,6605,Ć
Ć,300,Ĭ,6606,ĆĬ
Ĭ,4240,ùă,6607,Ĭù
ùă,1053,ýĂÿ,6608,ùăý
ýĂÿ,256,Ā,6609,ýĂÿĀ
Ā,296,Ĩ,6610,ĀĨ
Ĩ,3566,āÿÿÿÿÿÿ,6611,Ĩā
āÿÿÿÿÿÿ,645,þĀÿÿ,6612,āÿÿÿÿÿÿþ
þĀÿÿ,529,Āÿ,6613,þĀÿÿĀ
Āÿ,244,ô,6614,Āÿô
ô,211,Ó,6615,ôÓ
Ó,6019,ëê,6616,Óë
ëê,342,Ŗ,6617,ëêŖ
Ŗ,710,ÿā,6618,Ŗÿ
ÿā,1886,ĉĀ,6619,ÿāĉ
ĉĀ,3952,ĂĄĂ,6620,ĉĀĂ
ĂĄĂ,1679,ăÿþĀ,6621,ĂĄĂă
ăÿþĀ,911,þÿĀÿÿÿ,6622,ăÿþĀþ
þÿĀÿÿÿ,565,þĀÿ,6623,þÿĀÿÿÿþ
þĀÿ,209,Ñ,6624,þĀÿÑ
Ñ,162,¢,6625,Ñ¢
¢,182,¶,6626,¢¶
¶,228,ä,6627,¶ä
ä,953,þĄ,6628,äþ
þĄ,292,Ĥ,6629,þĄĤ
Ĥ,332,Ō,6630,ĤŌ
Ō,350,Ş,6631,ŌŞ
Ş,281,ę,6632,Şę
ę,2445,ÿüĀ,6633,ęÿ
ÿüĀ,3075,āÿú,6634,ÿüĀā
āÿú,6058,ýúûþ,6635,āÿúý
ýúûþ,5746,õý,6636,ýúûþõ
õý,252,ü,6637,õýü
ü,167,§,6638,ü§
§,286,Ğ,6639,§Ğ
Ğ,271,ď,6640,Ğď
ď,3365,ĮĂ,6641,ďĮ
ĮĂ,4417,þāþÿ,6642,ĮĂþ
þāþÿ,2671,ĀþĀþĀ,6643,þāþÿĀ
ĀþĀþĀ,5125,ÿÿÿā,6644,ĀþĀþĀÿ
ÿÿÿā,218,Ú,6645,ÿÿÿāÚ
Ú,183,·,6646,Ú·
·,344,Ř,6647,·Ř
Ř,1013,čā,6648,Řč
čā,2642,ąā,6649,čāą
ąā,1045,ĉā,6650,ąāĉ
ĉā,2013,ăÿÿÿÿ,6651,ĉāă
ăÿÿÿÿ,523,þÿ,6652,ăÿÿÿÿþ
þÿ,222,Þ,6653,þÿÞ
Þ,42,*,6654,Þ*
*,315,Ļ,6655,*Ļ
Ļ,342,Ŗ,6656,ĻŖ
Ŗ,321,Ł,6657,ŖŁ
Ł,273,đ,6658,Łđ
đ,113,q,6659,đq
q,161,¡,6660,q¡
¡,4934,ýÿÿÿÿÿ,6661,¡ý
ýÿÿÿÿÿ,855,ÿĀþ,6662,ýÿÿÿÿÿÿ
ÿĀþ,3040,Ăüÿ,6663,ÿĀþĂ
Ăüÿ,257,ā,6664,Ăüÿā
ā,409,ƙ,6665,āƙ
ƙ,324,ń,6666,ƙń
ń,213,Õ,6667,ńÕ
Õ,197,Å,6668,ÕÅ
Å,150,,6669,Å
,316,ļ,6670,ļ
ļ,427,ƫ,6671,ļƫ
ƫ,1202,úû,6672,ƫú
úû,246,ö,6673,úûö
ö,3143,Ā÷,6674,öĀ
Ā÷,254,þ,6675,Ā÷þ
þ,206,Î,6676,þÎ
Î,216,Ø,6677,ÎØ
Ø,328,ň,6678,Øň
ň,276,Ĕ,6679,ňĔ
Ĕ,3520,ûþĀ,6680,Ĕû
ûþĀ,2313,þÿĀþÿÿ,6681,ûþĀþ
þÿĀþÿÿ,5373,ÿÿÿÿÿþÿĀ,6682,þÿĀþÿÿÿ
ÿÿÿÿÿþÿĀ,6579,ĀĀû,6683,ÿÿÿÿÿþÿĀĀ
ĀĀû,948,ăú,6684,ĀĀûă
ăú,709,Ăÿ,6685,ăúĂ
Ăÿ,235,ë,6686,Ăÿë
ë,6295,¯Ē,6687,ë¯
¯Ē,1496,ęĈ,6688,¯Ēę
ęĈ,295,ħ,6689,ęĈħ
ħ,273,đ,6690,ħđ
đ,247,÷,6691,đ÷
÷,261,ą,6692,÷ą
ą,4287,öþ,6693,ąö
öþ,2332,þüü,6694,öþþ
þüü,1238,üþĀ,6695,þüüü
üþĀ,649,þÿþ,6696,üþĀþ
þÿþ,6124,üýýý,6697,þÿþü
üýýý,2228,ûþüû,6698,üýýýû
ûþüû,5777,ûýþÿ,6699,ûþüûû
ûýþÿ,3522,ÿÿÿĀÿÿÿÿÿÿ,6700,ûýþÿÿ
ÿÿÿĀÿÿÿÿÿÿ,3630,ÿÿÿÿÿÿþĀ,6701,ÿÿÿĀÿÿÿÿÿÿÿ
ÿÿÿÿÿÿþĀ,3842,Āÿýÿ,6702,ÿÿÿÿÿÿþĀĀ
Āÿýÿ,654,ýÿ,6703,Āÿýÿý
ýÿ,1323,üÿÿ,6704,ýÿü
üÿÿ,282,Ě,6705,üÿÿĚ
Ě,3740,Ĉþă,6706,ĚĈ
Ĉþă,1735,ăĀÿ,6707,Ĉþăă
ăĀÿ,4567,åÒ,6708,ăĀÿå
åÒ,215,×,6709,åÒ×
×,258,Ă,6710,×Ă
Ă,344,Ř,6711,ĂŘ
Ř,2115,ħĂ,6712,Řħ
ħĂ,4095,ăþþ,6713,ħĂă
ăþþ,539,Āÿÿ,6714,ăþþĀ
Āÿÿ,1233,üăþ,6715,Āÿÿü
üăþ,2154,þĀÿþÿ,6716,üăþþ
þĀÿþÿ,252,ü,6717,þĀÿþÿü
ü,216,Ø,6718,üØ
Ø,163,£,6719,Ø£
£,306,Ĳ,6720,£Ĳ
Ĳ,276,Ĕ,6721,ĲĔ
Ĕ,2690,úĂ,6722,Ĕú
úĂ,551,ÿþÿ,6723,úĂÿ
ÿþÿ,274,Ē,6724,ÿþÿĒ
Ē,281,ę,6725,Ēę
ę,2206,āþÿÿÿ,6726,ęā
āþÿÿÿ,618,Āþþÿ,6727,āþÿÿÿĀ
Āþþÿ,6299,āüĂ,6728,Āþþÿā
āüĂ,254,þ,6729,āüĂþ
þ,241,ñ,6730,þñ
ñ,214,Ö,6731,ñÖ
Ö,223,ß,6732,Öß
ß,272,Đ,6733,ßĐ
Đ,317,Ľ,6734,ĐĽ
Ľ,4571,ĀăĄ,6735,ĽĀ
ĀăĄ,5022,ĄĂă,6736,ĀăĄĄ
ĄĂă,2936,ĂĂÿ,6737,ĄĂăĂ
ĂĂÿ,1511,ÿÿþÿþ,6738,ĂĂÿÿ
ÿÿþÿþ,2062,ĀĀý,6739,ÿÿþÿþĀ
ĀĀý,620,āÿ,6740,ĀĀýā
āÿ,143,,6741,āÿ
,121,y,6742,y
y,254,þ,6743,yþ
þ,2964,ĢĖ,6744,þĢ
ĢĖ,1130,āý,6745,ĢĖā
āý,221,Ý,6746,āýÝ
Ý,229,å,6747,Ýå
å,270,Ď,6748,åĎ
Ď,389,ƅ,6749,Ďƅ
ƅ,352,Š,6750,ƅŠ
Š,1179,Ăýā,6751,ŠĂ
Ăýā,525,þĀ,6752,Ăýāþ
þĀ,2971,÷ý,6753,þĀ÷
÷ý,1853,úü,6754,÷ýú
úü,1462,øþ,6755,úüø
øþ,253,ý,6756,øþý
ý,179,³,6757,ý³
³,1066,Ąė,6758,³Ą
Ąė,300,Ĭ,6759,ĄėĬ
Ĭ,1116,ąĀ,6760,Ĭą
ąĀ,5440,āþþĀ,6761,ąĀā
āþþĀ,973,þþĀÿ,6762,āþþĀþ
þþĀÿ,887,ÿþā,6763,þþĀÿÿ
ÿþā,256,Ā,6764,ÿþāĀ
Ā,224,à,6765,Āà
à,178,²,6766,à²
²,341,ŕ,6767,²ŕ
ŕ,270,Ď,6768,ŕĎ
Ď,2867,ĂĄă,6769,ĎĂ
ĂĄă,4678,ĈĂă,6770,ĂĄăĈ
ĈĂă,4266,ÿÿþĀþĀ,6771,ĈĂăÿ
ÿÿþĀþĀ,206,Î,6772,ÿÿþĀþĀÎ
Î,55,7,6773,Î7
7,333,ō,6774,7ō
ō,330,Ŋ,6775,ōŊ
Ŋ,308,Ĵ,6776,ŊĴ
Ĵ,259,ă,6777,Ĵă
ă,93,],6778,ă]
],6164,Êÿ,6779,]Ê
Êÿ,4055,ÿÿÿÿÿÿÿĀĀ,6780,Êÿÿ
ÿÿÿÿÿÿÿĀĀ,858,ýÿĀ,6781,ÿÿÿÿÿÿÿĀĀý
ýÿĀ,388,Ƅ,6782,ýÿĀƄ
Ƅ,346,Ś,6783,ƄŚ
Ś,224,à,6784,Śà
à,6552,Á,6785,àÁ
Á,289,ġ,6786,Áġ
ġ,444,Ƽ,6787,ġƼ
Ƽ,3400,üù,6788,Ƽü
üù,3400,üù,6789,üùü
üù,1121,ùþ,6790,üùù
ùþ,203,Ë,6791,ùþË
Ë,221,Ý,6792,ËÝ
Ý,332,Ō,6793,ÝŌ
Ō,268,Č,6794,ŌČ
Č,4816,ûĀĀÿ,6795,Čû
ûĀĀÿ,610,ÿþÿÿÿÿ,6796,ûĀĀÿÿ
ÿþÿÿÿÿ,5692,þÿĀþþ,6797,ÿþÿÿÿÿþ
þÿĀþþ,638,ĀÿÿĀ,6798,þÿĀþþĀ
ĀÿÿĀ,1255,ýāā,6799,ĀÿÿĀý
ýāā,250,ú,6800,ýāāú
ú,249,ù,6801,úù
ù,179,³,6802,ù³
³,256,Ā,6803,³Ā
Ā,285,ĝ,6804,Āĝ
ĝ,263,ć,6805,ĝć
ć,3398,Īċ,6806,ćĪ
Īċ,2690,úĂ,6807,Īċú
úĂ,1462,øþ,6808,úĂø
øþ,879,ÿü,6809,øþÿ
ÿü,1426,üþü,6810,ÿüü
üþü,515,ÿÿÿÿ,6811,üþüÿ
ÿÿÿÿ,1941,ýüýü,6812,ÿÿÿÿý
ýüýü,2425,ûýü,6813,ýüýüû
ûýü,1941,ýüýü,6814,ûýüý
ýüýü,4832,ÿĀþĀ,6815,ýüýüÿ
ÿĀþĀ,4267,Āþÿÿÿÿÿÿÿÿ,6816,ÿĀþĀĀ
Āþÿÿÿÿÿÿÿÿ,2015,ÿÿþÿÿÿÿ,6817,Āþÿÿÿÿÿÿÿÿÿ
ÿÿþÿÿÿÿ,536,ÿÿÿÿþ,6818,ÿÿþÿÿÿÿÿ
ÿÿÿÿþ,858,ýÿĀ,6819,ÿÿÿÿþý
ýÿĀ,249,ù,6820,ýÿĀù
ù,275,ē,6821,ùē
ē,5988,Đþ,6822,ēĐ
Đþ,3535,ýć,6823,Đþý
ýć,524,ÿþ,6824,ýćÿ
ÿþ,228,ä,6825,ÿþä
ä,216,Ø,6826,äØ
Ø,219,Û,6827,ØÛ
Û,262,Ć,6828,ÛĆ
Ć,352,Š,6829,ĆŠ
Š,281,ę,6830,Šę
ę,4680,Ąÿÿþ,6831,ęĄ
Ąÿÿþ,565,þĀÿ,6832,Ąÿÿþþ
þĀÿ,6075,āþÿþÿ,6833,þĀÿā
āþÿþÿ,1289,ÿÿú,6834,āþÿþÿÿ
ÿÿú,168,¨,6835,ÿÿú¨
¨,223,ß,6836,¨ß
ß,315,Ļ,6837,ßĻ
Ļ,574,ÿÿÿĀ,6838,Ļÿ
ÿÿÿĀ,1784,ûĄ,6839,ÿÿÿĀû
ûĄ,285,ĝ,6840,ûĄĝ
ĝ,2612,ċā,6841,ĝċ
ċā,5918,þÿÿþĀ,6842,ċāþ
þÿÿþĀ,2665,ÿþÿā,6843,þÿÿþĀÿ
ÿþÿā,875,ûă,6844,ÿþÿāû
ûă,253,ý,6845,ûăý
ý,234,ê,6846,ýê
ê,219,Û,6847,êÛ
Û,209,Ñ,6848,ÛÑ
Ñ,322,ł,6849,Ñł
ł,285,ĝ,6850,łĝ
ĝ,3464,ÿąā,6851,ĝÿ
ÿąā,1420,ćā,6852,ÿąāć
ćā,3122,ĄĂĀ,6853,ćāĄ
ĄĂĀ,5187,Āþÿÿþā,6854,ĄĂĀĀ
Āþÿÿþā,742,þþÿÿþ,6855,Āþÿÿþāþ
þþÿÿþ,188,¼,6856,þþÿÿþ¼
¼,128,,6857,¼
,293,ĥ,6858,ĥ
ĥ,1270,ĈĀ,6859,ĥĈ
ĈĀ,703,üÿ,6860,ĈĀü
üÿ,258,Ă,6861,üÿĂ
Ă,239,ï,6862,Ăï
ï,208,Ð,6863,ïÐ
Ð,217,Ù,6864,ÐÙ
Ù,358,Ŧ,6865,ÙŦ
Ŧ,391,Ƈ,6866,ŦƇ
Ƈ,1886,ĉĀ,6867,Ƈĉ
ĉĀ,1591,þû,6868,ĉĀþ
þû,702,ýü,6869,þûý
ýü,1290,úú,6870,ýüú
úú,1385,úý,6871,úúú
úý,255,ÿ,6872,úýÿ
ÿ,203,Ë,6873,ÿË
Ë,219,Û,6874,ËÛ
Û,291,ģ,6875,Ûģ
ģ,297,ĩ,6876,ģĩ
ĩ,1696,Ċă,6877,ĩĊ
Ċă,5186,þýĀ,6878,Ċăþ
þýĀ,729,ýĀÿÿ,6879,þýĀý
ýĀÿÿ,4819,ÿāþĀ,6880,ýĀÿÿÿ
ÿāþĀ,255,ÿ,6881,ÿāþĀÿ
ÿ,230,æ,6882,ÿæ
æ,173,­,6883,æ­
­,338,Œ,6884,­Œ
Œ,1973,Đă,6885,ŒĐ
Đă,5251,ĄĄ,6886,ĐăĄ
ĄĄ,5841,ąăą,6887,ĄĄą
ąăą,2047,þÿÿÿþĀ,6888,ąăąþ
þÿÿÿþĀ,199,Ç,6889,þÿÿÿþĀÇ
Ç,60,<,6890,Ç<
<,338,Œ,6891,<Œ
Œ,332,Ō,6892,ŒŌ
Ō,306,Ĳ,6893,ŌĲ
Ĳ,258,Ă,6894,ĲĂ
Ă,70,F,6895,ĂF
F,225,á,6896,Fá
á,6662,ýÿÿÿÿÿÿ,6897,áý
ýÿÿÿÿÿÿ,4084,ÿĀþÿ,6898,ýÿÿÿÿÿÿÿ
ÿĀþÿ,620,āÿ,6899,ÿĀþÿā
āÿ,363,ū,6900,āÿū
ū,374,Ŷ,6901,ūŶ
Ŷ,226,â,6902,Ŷâ
â,193,Á,6903,âÁ
Á,3598,Ċ,6904,Á
Ċ,457,ǉ,6905,Ċǉ
ǉ,744,ýú,6906,ǉý
ýú,829,úø,6907,ýúú
úø,1232,üü,6908,úøü
üü,199,Ç,6909,üüÇ
Ç,231,ç,6910,Çç
ç,332,Ō,6911,çŌ
Ō,2002,ąü,6912,Ōą
ąü,3825,āÿÿþÿ,6913,ąüā
āÿÿþÿ,541,Āÿÿÿ,6914,āÿÿþÿĀ
Āÿÿÿ,2063,ýÿĀÿþ,6915,Āÿÿÿý
ýÿĀÿþ,1983,ÿĀþā,6916,ýÿĀÿþÿ
ÿĀþā,2830,þāû,6917,ÿĀþāþ
þāû,255,ÿ,6918,þāûÿ
ÿ,204,Ì,6919,ÿÌ
Ì,221,Ý,6920,ÌÝ
Ý,288,Ġ,6921,ÝĠ
Ġ,258,Ă,6922,ĠĂ
Ă,303,į,6923,Ăį
į,2024,ĉþ,6924,įĉ
ĉþ,1591,þû,6925,ĉþþ
þû,4887,Āúþ,6926,þûĀ
Āúþ,1140,ýüý,6927,Āúþý
ýüý,1104,Āÿþþ,6928,ýüýĀ
Āÿþþ,3101,ýüþü,6929,Āÿþþý
ýüþü,1753,üûü,6930,ýüþüü
üûü,5890,ýýþý,6931,üûüý
ýýþý,740,þÿĀÿÿ,6932,ýýþýþ
þÿĀÿÿ,4297,Āÿþþÿ,6933,þÿĀÿÿĀ
Āÿþþÿ,1447,ÿÿÿĀÿÿÿÿÿ,6934,Āÿþþÿÿ
ÿÿÿĀÿÿÿÿÿ,6933,þÿĀÿÿĀ,6935,ÿÿÿĀÿÿÿÿÿþ
þÿĀÿÿĀ,785,ÿþÿþ,6936,þÿĀÿÿĀÿ
ÿþÿþ,949,úĀ,6937,ÿþÿþú
úĀ,254,þ,6938,úĀþ
þ,267,ċ,6939,þċ
ċ,274,Ē,6940,ċĒ
Ē,6685,ăúĂ,6941,Ēă
ăúĂ,710,ÿā,6942,ăúĂÿ
ÿā,5366,áÕ,6943,ÿāá
áÕ,225,á,6944,áÕá
á,281,ę,6945,áę
ę,353,š,6946,ęš
š,1230,ĉă,6947,šĉ
ĉă,844,ÿÿý,6948,ĉăÿ
ÿÿý,3259,ĀĀÿÿÿ,6949,ÿÿýĀ
ĀĀÿÿÿ,3594,üāÿ,6950,ĀĀÿÿÿü
üāÿ,253,ý,6951,üāÿý
ý,237,í,6952,ýí
í,146,,6953,í
,293,ĥ,6954,ĥ
ĥ,285,ĝ,6955,ĥĝ
ĝ,3359,úă,6956,ĝú
úă,1822,ûāü,6957,úăû
ûāü,272,Đ,6958,ûāüĐ
Đ,280,Ę,6959,ĐĘ
Ę,5553,ąÿþ,6960,Ęą
ąÿþ,1187,ÿĀÿþ,6961,ąÿþÿ
ÿĀÿþ,6014,þÿÿĂ,6962,ÿĀÿþþ
þÿÿĂ,2471,üĂü,6963,þÿÿĂü
üĂü,228,ä,6964,üĂüä
ä,221,Ý,6965,äÝ
Ý,208,Ð,6966,ÝÐ
Ð,351,ş,6967,Ðş
ş,6194,ĄăĄ,6968,şĄ
ĄăĄ,2196,ĂĆ,6969,ĄăĄĂ
ĂĆ,4474,ĂăĂ,6970,ĂĆĂ
ĂăĂ,4523,ÿÿÿÿÿÿÿÿü,6971,ĂăĂÿ
ÿÿÿÿÿÿÿÿü,575,ĀĀþ,6972,ÿÿÿÿÿÿÿÿüĀ
ĀĀþ,252,ü,6973,ĀĀþü
ü,140,,6974,ü
,221,Ý,6975,Ý
Ý,1763,āù,6976,Ýā
āù,264,Ĉ,6977,āùĈ
Ĉ,1119,ÿ÷,6978,Ĉÿ
ÿ÷,2642,ąā,6979,ÿ÷ą
ąā,217,Ù,6980,ąāÙ
Ù,193,Á,6981,ÙÁ
Á,353,š,6982,Áš
š,402,ƒ,6983,šƒ
ƒ,1183,ăÿÿ,6984,ƒă
ăÿÿ,1253,úûý,6985,ăÿÿú
úûý,6871,úúú,6986,úûýú
úúú,4419,ýç,6987,úúúý
ýç,182,¶,6988,ýç¶
¶,301,ĭ,6989,¶ĭ
ĭ,293,ĥ,6990,ĭĥ
ĥ,4850,ďă,6991,ĥď
ďă,2455,ýþĀ,6992,ďăý
ýþĀ,5990,þĀþÿÿĀ,6993,ýþĀþ
þĀþÿÿĀ,565,þĀÿ,6994,þĀþÿÿĀþ
þĀÿ,236,ì,6995,þĀÿì
ì,168,¨,6996,ì¨
¨,334,Ŏ,6997,¨Ŏ
Ŏ,5410,ĕĂ,6998,Ŏĕ
ĕĂ,762,Ąą,6999,ĕĂĄ
Ąą,6194,ĄăĄ,7000,ĄąĄ
ĄăĄ,2207,ÿÿĀÿþÿ,7001,ĄăĄÿ
ÿÿĀÿþÿ,196,Ä,7002,ÿÿĀÿþÿÄ
Ä,63,?,7003,Ä?
?,340,Ŕ,7004,?Ŕ
Ŕ,332,Ō,7005,ŔŌ
Ō,301,ĭ,7006,Ōĭ
ĭ,257,ā,7007,ĭā
ā,72,H,7008,āH
H,5180,ãý,7009,Hã
ãý,540,ÿÿÿÿÿÿÿÿÿÿĀ,7010,ãýÿ
ÿÿÿÿÿÿÿÿÿÿĀ,256,Ā,7011,ÿÿÿÿÿÿÿÿÿÿĀĀ
Ā,354,Ţ,7012,ĀŢ
Ţ,386,Ƃ,7013,ŢƂ
Ƃ,221,Ý,7014,ƂÝ
Ý,196,Ä,7015,ÝÄ
Ä,154,,7016,Ä
,264,Ĉ,7017,Ĉ
Ĉ,459,ǋ,7018,Ĉǋ
ǋ,1232,üü,7019,ǋü
üü,5065,õþ,7020,üüõ
õþ,1121,ùþ,7021,õþù
ùþ,192,À,7022,ùþÀ
À,241,ñ,7023,Àñ
ñ,331,ŋ,7024,ñŋ
ŋ,1304,āþÿĀ,7025,ŋā
āþÿĀ,662,ÿÿÿÿÿþĀþ,7026,āþÿĀÿ
ÿÿÿÿÿþĀþ,1542,ÿÿÿþÿÿÿ,7027,ÿÿÿÿÿþĀþÿ
ÿÿÿþÿÿÿ,542,ÿý,7028,ÿÿÿþÿÿÿÿ
ÿý,1785,Ąü,7029,ÿýĄ
Ąü,235,ë,7030,Ąüë
ë,184,¸,7031,ë¸
¸,290,Ģ,7032,¸Ģ
Ģ,260,Ą,7033,ĢĄ
Ą,294,Ħ,7034,ĄĦ
Ħ,276,Ĕ,7035,ĦĔ
Ĕ,1238,üþĀ,7036,Ĕü
üþĀ,245,õ,7037,üþĀõ
õ,1231,ăü,7038,õă
ăü,2857,üýþ,7039,ăüü
üýþ,691,þĀþ,7040,üýþþ
þĀþ,2533,ýýû,7041,þĀþý
ýýû,824,ýþû,7042,ýýûý
ýþû,1941,ýüýü,7043,ýþûý
ýüýü,1323,üÿÿ,7044,ýüýüü
üÿÿ,1487,ĀÿþĀÿ,7045,üÿÿĀ
ĀÿþĀÿ,3826,ÿÿĀþĀ,7046,ĀÿþĀÿÿ
ÿÿĀþĀ,6843,þÿÿþĀÿ,7047,ÿÿĀþĀþ
þÿÿþĀÿ,4817,ÿÿÿþÿÿĀÿ,7048,þÿÿþĀÿÿ
ÿÿÿþÿÿĀÿ,2980,Āÿÿþÿÿ,7049,ÿÿÿþÿÿĀÿĀ
Āÿÿþÿÿ,3165,ÿù,7050,Āÿÿþÿÿÿ
ÿù,2079,üď,7051,ÿùü
üď,1359,đă,7052,üďđ
đă,4870,üĂû,7053,đăü
üĂû,252,ü,7054,üĂûü
ü,4114,æÑ,7055,üæ
æÑ,229,å,7056,æÑå
å,309,ĵ,7057,åĵ
ĵ,335,ŏ,7058,ĵŏ
ŏ,5012,ăĂþÿ,7059,ŏă
ăĂþÿ,584,þĀÿþ,7060,ăĂþÿþ
þĀÿþ,1893,þĀÿý,7061,þĀÿþþ
þĀÿý,252,ü,7062,þĀÿýü
ü,198,Æ,7063,üÆ
Æ,184,¸,7064,Æ¸
¸,318,ľ,7065,¸ľ
ľ,2454,ąý,7066,ľą
ąý,3326,ăûĀ,7067,ąýă
ăûĀ,254,þ,7068,ăûĀþ
þ,282,Ě,7069,þĚ
Ě,2060,đĀ,7070,Ěđ
đĀ,4745,Āþÿþ,7071,đĀĀ
Āþÿþ,1834,ÿĀÿþÿ,7072,Āþÿþÿ
ÿĀÿþÿ,2802,āüă,7073,ÿĀÿþÿā
āüă,2006,ûÞ,7074,āüăû
ûÞ,221,Ý,7075,ûÞÝ
Ý,226,â,7076,Ýâ
â,347,ś,7077,âś
ś,2686,ýĄ,7078,śý
ýĄ,5607,ĄĄăą,7079,ýĄĄ
ĄĄăą,4738,Ăāþþ,7080,ĄĄăąĂ
Ăāþþ,1738,Āÿÿþÿ,7081,ĂāþþĀ
Āÿÿþÿ,6316,þāýÿ,7082,Āÿÿþÿþ
þāýÿ,1130,āý,7083,þāýÿā
āý,180,´,7084,āý´
´,172,¬,7085,´¬
¬,266,Ċ,7086,¬Ċ
Ċ,3878,Ćý,7087,ĊĆ
Ćý,4287,öþ,7088,Ćýö
öþ,948,ăú,7089,öþă
ăú,264,Ĉ,7090,ăúĈ
Ĉ,211,Ó,7091,ĈÓ
Ó,194,Â,7092,ÓÂ
Â,389,ƅ,7093,Âƅ
ƅ,372,Ŵ,7094,ƅŴ
Ŵ,5634,ûāþ,7095,Ŵû
ûāþ,1659,üû,7096,ûāþü
üû,1290,úú,7097,üûú
úú,2221,ùý,7098,úúù
ùý,246,ö,7099,ùýö
ö,4485,¦Ī,7100,ö¦
¦Ī,6745,ĢĖā,7101,¦ĪĢ
ĢĖā,1165,ýĀā,7102,ĢĖāý
ýĀā,6202,üĀþĀ,7103,ýĀāü
üĀþĀ,6949,ÿÿýĀ,7104,üĀþĀÿ
ÿÿýĀ,256,Ā,7105,ÿÿýĀĀ
Ā,238,î,7106,Āî
î,170,ª,7107,îª
ª,324,ń,7108,ªń
ń,3215,ĞĀ,7109,ńĞ
ĞĀ,259,ă,7110,ĞĀă
ă,262,Ć,7111,ăĆ
Ć,4572,ĄĂĄ,7112,ĆĄ
ĄĂĄ,888,āÿÿÿ,7113,ĄĂĄā
āÿÿÿ,543,ýĀ,7114,āÿÿÿý
ýĀ,198,Æ,7115,ýĀÆ
Æ,62,>,7116,Æ>
>,336,Ő,7117,>Ő
Ő,333,ō,7118,Őō
ō,303,į,7119,ōį
į,259,ă,7120,įă
ă,71,G,7121,ăG
G,5052,àÿ,7122,Gà
àÿ,7011,ÿÿÿÿÿÿÿÿÿÿĀĀ,7123,àÿÿ
ÿÿÿÿÿÿÿÿÿÿĀĀ,357,ť,7124,ÿÿÿÿÿÿÿÿÿÿĀĀť
ť,382,ž,7125,ťž
ž,223,ß,7126,žß
ß,195,Ã,7127,ßÃ
Ã,154,,7128,Ã
,266,Ċ,7129,Ċ
Ċ,457,ǉ,7130,Ċǉ
ǉ,7020,üüõ,7131,ǉü
üüõ,5469,ýúĀ,7132,üüõý
ýúĀ,2390,·þ,7133,ýúĀ·
·þ,324,ń,7134,·þń
ń,1046,āāý,7135,ńā
āāý,687,þÿÿÿÿÿĀ,7136,āāýþ
þÿÿÿÿÿĀ,2469,þĀþÿĀþ,7137,þÿÿÿÿÿĀþ
þĀþÿĀþ,5125,ÿÿÿā,7138,þĀþÿĀþÿ
ÿÿÿā,962,üă,7139,ÿÿÿāü
üă,252,ü,7140,üăü
ü,193,Á,7141,üÁ
Á,251,û,7142,Áû
û,274,Ē,7143,ûĒ
Ē,266,Ċ,7144,ĒĊ
Ċ,302,Į,7145,ĊĮ
Į,1849,úýý,7146,Įú
úýý,3583,þþû,7147,úýýþ
þþû,5893,ýþü,7148,þþûý
ýþü,3884,ÿĀÿý,7149,ýþüÿ
ÿĀÿý,2534,ûýû,7150,ÿĀÿýû
ûýû,6008,ýýýüü,7151,ûýûý
ýýýüü,2891,þüý,7152,ýýýüüþ
þüý,2513,ÿĀĀÿĀ,7153,þüýÿ
ÿĀĀÿĀ,1699,ĀÿĀþÿ,7154,ÿĀĀÿĀĀ
ĀÿĀþÿ,5480,ÿþĀÿÿþ,7155,ĀÿĀþÿÿ
ÿþĀÿÿþ,2769,þÿþÿÿĀ,7156,ÿþĀÿÿþþ
þÿþÿÿĀ,1185,ÿÿÿÿÿÿÿþÿ,7157,þÿþÿÿĀÿ
ÿÿÿÿÿÿÿþÿ,1467,Āû,7158,ÿÿÿÿÿÿÿþÿĀ
Āû,526,Āþ,7159,ĀûĀ
Āþ,250,ú,7160,Āþú
ú,266,Ċ,7161,úĊ
Ċ,2420,ĒĄ,7162,ĊĒ
ĒĄ,998,Ăý,7163,ĒĄĂ
Ăý,1664,üø,7164,Ăýü
üø,3765,ßÓ,7165,üøß
ßÓ,244,ô,7166,ßÓô
ô,346,Ś,7167,ôŚ
Ś,294,Ħ,7168,ŚĦ
Ħ,3793,ăþā,7169,Ħă
ăþā,6373,þþāþÿ,7170,ăþāþ
þþāþÿ,1257,Āþü,7171,þþāþÿĀ
Āþü,250,ú,7172,Āþüú
ú,154,,7173,ú
,252,ü,7174,ü
ü,303,į,7175,üį
į,4853,ÿýĀÿ,7176,įÿ
ÿýĀÿ,1734,Āă,7177,ÿýĀÿĀ
Āă,286,Ğ,7178,ĀăĞ
Ğ,4035,Ċý,7179,ĞĊ
Ċý,2107,ÿþÿĀÿþ,7180,Ċýÿ
ÿþÿĀÿþ,551,ÿþÿ,7181,ÿþÿĀÿþÿ
ÿþÿ,2384,Ăþÿ,7182,ÿþÿĂ
Ăþÿ,253,ý,7183,Ăþÿý
ý,217,Ù,7184,ýÙ
Ù,214,Ö,7185,ÙÖ
Ö,259,ă,7186,Öă
ă,325,Ņ,7187,ăŅ
Ņ,4571,ĀăĄ,7188,ŅĀ
ĀăĄ,1116,ąĀ,7189,ĀăĄą
ąĀ,1505,Ĉāÿ,7190,ąĀĈ
Ĉāÿ,2259,þÿĀÿĀ,7191,Ĉāÿþ
þÿĀÿĀ,1059,ýþÿþ,7192,þÿĀÿĀý
ýþÿþ,3456,ĂĀþ,7193,ýþÿþĂ
ĂĀþ,250,ú,7194,ĂĀþú
ú,220,Ü,7195,úÜ
Ü,163,£,7196,Ü£
£,264,Ĉ,7197,£Ĉ
Ĉ,3420,ĈĂ,7198,ĈĈ
ĈĂ,3661,þò,7199,ĈĂþ
þò,6280,î÷,7200,þòî
î÷,813,ýĂ,7201,î÷ý
ýĂ,197,Å,7202,ýĂÅ
Å,215,×,7203,Å×
×,441,ƹ,7204,×ƹ
ƹ,316,ļ,7205,ƹļ
ļ,2121,ÿþü,7206,ļÿ
ÿþü,6801,úù,7207,ÿþüú
úù,1853,úü,7208,úùú
úü,1292,üý,7209,úüü
üý,164,¤,7210,üý¤
¤,1842,ĜĤ,7211,¤Ĝ
ĜĤ,282,Ě,7212,ĜĤĚ
Ě,3718,ĀÿĀĀý,7213,ĚĀ
ĀÿĀĀý,843,ÿþĀÿ,7214,ĀÿĀĀýÿ
ÿþĀÿ,1832,ĀýÿĀ,7215,ÿþĀÿĀ
ĀýÿĀ,243,ó,7216,ĀýÿĀó
ó,173,­,7217,ó­
­,305,ı,7218,­ı
ı,298,Ī,7219,ıĪ
Ī,5840,Āăą,7220,ĪĀ
Āăą,6307,ĄĄăĀ,7221,ĀăąĄ
ĄĄăĀ,547,Āþÿÿÿ,7222,ĄĄăĀĀ
Āþÿÿÿ,204,Ì,7223,ĀþÿÿÿÌ
Ì,56,8,7224,Ì8
8,331,ŋ,7225,8ŋ
ŋ,6597,ōķ,7226,ŋō
ōķ,263,ć,7227,ōķć
ć,76,L,7228,ćL
L,213,Õ,7229,LÕ
Õ,715,þÿÿÿÿÿÿÿÿÿ,7230,Õþ
þÿÿÿÿÿÿÿÿÿ,822,ĀĀÿ,7231,þÿÿÿÿÿÿÿÿÿĀ
ĀĀÿ,376,Ÿ,7232,ĀĀÿŸ
Ÿ,360,Ũ,7233,ŸŨ
Ũ,226,â,7234,Ũâ
â,192,À,7235,âÀ
À,154,,7236,À
,276,Ĕ,7237,Ĕ
Ĕ,450,ǂ,7238,Ĕǂ
ǂ,1515,ý÷,7239,ǂý
ý÷,1515,ý÷,7240,ý÷ý
ý÷,2690,úĂ,7241,ý÷ú
úĂ,174,®,7242,úĂ®
®,275,ē,7243,®ē
ē,313,Ĺ,7244,ēĹ
Ĺ,2806,Āāü,7245,ĹĀ
Āāü,4629,ÿĀþÿĀ,7246,Āāüÿ
ÿĀþÿĀ,4223,ÿÿþÿĀ,7247,ÿĀþÿĀÿ
ÿÿþÿĀ,557,þÿÿÿÿÿ,7248,ÿÿþÿĀþ
þÿÿÿÿÿ,758,üĀ,7249,þÿÿÿÿÿü
üĀ,259,ă,7250,üĀă
ă,219,Û,7251,ăÛ
Û,207,Ï,7252,ÛÏ
Ï,286,Ğ,7253,ÏĞ
Ğ,257,ā,7254,Ğā
ā,4837,ĭă,7255,āĭ
ĭă,1622,Ć÷,7256,ĭăĆ
Ć÷,1049,ùą,7257,Ć÷ù
ùą,6117,üùÿ,7258,ùąü
üùÿ,2362,þÿÿÿý,7259,üùÿþ
þÿÿÿý,2526,üüüý,7260,þÿÿÿýü
üüüý,1140,ýüý,7261,üüüýý
ýüý,3207,ûþý,7262,ýüýû
ûþý,1394,ÿþĀĀ,7263,ûþýÿ
ÿþĀĀ,578,ĀþĀÿ,7264,ÿþĀĀĀ
ĀþĀÿ,2206,āþÿÿÿ,7265,ĀþĀÿā
āþÿÿÿ,2468,þÿÿÿÿÿÿþþ,7266,āþÿÿÿþ
þÿÿÿÿÿÿþþ,5046,ÿĀÿþÿÿÿ,7267,þÿÿÿÿÿÿþþÿ
ÿĀÿþÿÿÿ,6013,ÿÿýÿþ,7268,ÿĀÿþÿÿÿÿ
ÿÿýÿþ,4397,Ăþþý,7269,ÿÿýÿþĂ
Ăþþý,249,ù,7270,Ăþþýù
ù,264,Ĉ,7271,ùĈ
Ĉ,2420,ĒĄ,7272,ĈĒ
ĒĄ,3641,ýĆ,7273,ĒĄý
ýĆ,1120,÷ù,7274,ýĆ÷
÷ù,214,Ö,7275,÷ùÖ
Ö,216,Ø,7276,ÖØ
Ø,268,Č,7277,ØČ
Č,353,š,7278,Čš
š,4261,ĐĀ,7279,šĐ
ĐĀ,736,āþþ,7280,ĐĀā
āþþ,4295,āþĀ,7281,āþþā
āþĀ,3369,ýĀý,7282,āþĀý
ýĀý,227,ã,7283,ýĀýã
ã,153,,7284,ã
,301,ĭ,7285,ĭ
ĭ,279,ė,7286,ĭė
ė,856,þþþÿ,7287,ėþ
þþþÿ,255,ÿ,7288,þþþÿÿ
ÿ,2058,Ďě,7289,ÿĎ
Ďě,5807,āÿÿþÿÿ,7290,Ďěā
āÿÿþÿÿ,1924,ÿÿþĀÿÿÿÿ,7291,āÿÿþÿÿÿ
ÿÿþĀÿÿÿÿ,4061,üÖ,7292,ÿÿþĀÿÿÿÿü
üÖ,208,Ð,7293,üÖÐ
Ð,290,Ģ,7294,ÐĢ
Ģ,304,İ,7295,Ģİ
İ,1697,ăĀ,7296,İă
ăĀ,6394,ćă,7297,ăĀć
ćă,6970,ĂĆĂ,7298,ćăĂ
ĂĆĂ,1151,þþþĀ,7299,ĂĆĂþ
þþþĀ,615,Āÿþ,7300,þþþĀĀ
Āÿþ,972,ýĂþ,7301,Āÿþý
ýĂþ,1051,ÿÿÿý,7302,ýĂþÿ
ÿÿÿý,242,ò,7303,ÿÿÿýò
ò,187,»,7304,ò»
»,1724,ċć,7305,»ċ
ċć,744,ýú,7306,ċćý
ýú,977,öë,7307,ýúö
öë,230,æ,7308,öëæ
æ,233,é,7309,æé
é,1681,üú,7310,éü
üú,175,¯,7311,üú¯
¯,293,ĥ,7312,¯ĥ
ĥ,449,ǁ,7313,ĥǁ
ǁ,857,ÿāý,7314,ǁÿ
ÿāý,5272,ùú,7315,ÿāýù
ùú,1121,ùþ,7316,ùúù
ùþ,861,ûü,7317,ùþû
ûü,180,´,7318,ûü´
´,257,ā,7319,´ā
ā,297,ĩ,7320,āĩ
ĩ,288,Ġ,7321,ĩĠ
Ġ,4195,ÿĀĀý,7322,Ġÿ
ÿĀĀý,5255,ÿāþÿ,7323,ÿĀĀýÿ
ÿāþÿ,4223,ÿÿþÿĀ,7324,ÿāþÿÿ
ÿÿþÿĀ,247,÷,7325,ÿÿþÿĀ÷
÷,177,±,7326,÷±
±,287,ğ,7327,±ğ
ğ,308,Ĵ,7328,ğĴ
Ĵ,1349,ÿą,7329,Ĵÿ
ÿą,6194,ĄăĄ,7330,ÿąĄ
ĄăĄ,4174,ăāÿ,7331,ĄăĄă
ăāÿ,515,ÿÿÿÿ,7332,ăāÿÿ
ÿÿÿÿ,215,×,7333,ÿÿÿÿ×
×,51,3,7334,×3
3,321,Ł,7335,3Ł
Ł,329,ŉ,7336,Łŉ
ŉ,310,Ķ,7337,ŉĶ
Ķ,268,Č,7338,ĶČ
Č,104,h,7339,Čh
h,189,½,7340,h½
½,576,þÿÿÿÿÿÿÿ,7341,½þ
þÿÿÿÿÿÿÿ,578,ĀþĀÿ,7342,þÿÿÿÿÿÿÿĀ
ĀþĀÿ,256,Ā,7343,ĀþĀÿĀ
Ā,406,Ɩ,7344,ĀƖ
Ɩ,327,Ň,7345,ƖŇ
Ň,223,ß,7346,Ňß
ß,192,À,7347,ßÀ
À,150,,7348,À
,304,İ,7349,İ
İ,434,Ʋ,7350,İƲ
Ʋ,745,úö,7351,Ʋú
úö,254,þ,7352,úöþ
þ,6349,÷ü,7353,þ÷
÷ü,254,þ,7354,÷üþ
þ,168,¨,7355,þ¨
¨,295,ħ,7356,¨ħ
ħ,6182,įþ,7357,ħį
įþ,3410,ÿþĀþÿ,7358,įþÿ
ÿþĀþÿ,4628,ÿĀþÿÿ,7359,ÿþĀþÿÿ
ÿĀþÿÿ,5479,ÿÿĀÿÿþÿ,7360,ÿĀþÿÿÿ
ÿÿĀÿÿþÿ,542,ÿý,7361,ÿÿĀÿÿþÿÿ
ÿý,1590,ăþ,7362,ÿýă
ăþ,192,À,7363,ăþÀ
À,1804,Ăă,7364,ÀĂ
Ăă,277,ĕ,7365,Ăăĕ
ĕ,5687,Ĩý,7366,ĕĨ
Ĩý,1950,øĂ,7367,Ĩýø
øĂ,1656,þûü,7368,øĂþ
þûü,3331,øą,7369,þûüø
øą,2838,þþþý,7370,øąþ
þþþý,5823,üýüü,7371,þþþýü
üýüü,6695,þüüü,7372,üýüüþ
þüüü,5899,ýÿþÿ,7373,þüüüý
ýÿþÿ,2355,āÿā,7374,ýÿþÿā
āÿā,582,ÿÿþĀ,7375,āÿāÿ
ÿÿþĀ,6446,ĀþÿÿĀþĀ,7376,ÿÿþĀĀ
ĀþÿÿĀþĀ,4884,ÿÿÿþþÿ,7377,ĀþÿÿĀþĀÿ
ÿÿÿþþÿ,912,ÿþþÿ,7378,ÿÿÿþþÿÿ
ÿþþÿ,1772,ÿþþÿĀÿ,7379,ÿþþÿÿ
ÿþþÿĀÿ,2467,þÿāþ,7380,ÿþþÿĀÿþ
þÿāþ,2427,ÿÿü,7381,þÿāþÿ
ÿÿü,3606,üāā,7382,ÿÿüü
üāā,5902,Đą,7383,üāāĐ
Đą,3216,Āÿý,7384,ĐąĀ
Āÿý,6847,êÛ,7385,Āÿýê
êÛ,216,Ø,7386,êÛØ
Ø,324,ń,7387,Øń
ń,316,ļ,7388,ńļ
ļ,5526,ĉÿ,7389,ļĉ
ĉÿ,5943,ÿĀĀþÿ,7390,ĉÿÿ
ÿĀĀþÿ,1289,ÿÿú,7391,ÿĀĀþÿÿ
ÿÿú,195,Ã,7392,ÿÿúÃ
Ã,189,½,7393,Ã½
½,3108,ĹĆ,7394,½Ĺ
ĹĆ,849,þāĀ,7395,ĹĆþ
þāĀ,699,ýþ,7396,þāĀý
ýþ,6495,ĘĖ,7397,ýþĘ
ĘĖ,982,ùĂ,7398,ĘĖù
ùĂ,2871,ÿþÿÿĀþ,7399,ùĂÿ
ÿþÿÿĀþ,1361,Āÿÿý,7400,ÿþÿÿĀþĀ
Āÿÿý,1866,Ăü,7401,ĀÿÿýĂ
Ăü,251,û,7402,Ăüû
û,215,×,7403,û×
×,201,É,7404,×É
É,312,ĸ,7405,Éĸ
ĸ,291,ģ,7406,ĸģ
ģ,2454,ąý,7407,ģą
ąý,5794,ĊĀ,7408,ąýĊ
ĊĀ,763,ąĄ,7409,ĊĀą
ąĄ,940,Ăþþ,7410,ąĄĂ
Ăþþ,1638,ÿÿĀÿÿÿ,7411,Ăþþÿ
ÿÿĀÿÿÿ,705,ýÿÿ,7412,ÿÿĀÿÿÿý
ýÿÿ,878,āÿÿ,7413,ýÿÿā
āÿÿ,250,ú,7414,āÿÿú
ú,217,Ù,7415,úÙ
Ù,262,Ć,7416,ÙĆ
Ć,2041,ĆĂ,7417,ĆĆ
ĆĂ,248,ø,7418,ĆĂø
ø,245,õ,7419,øõ
õ,240,ð,7420,õð
ð,228,ä,7421,ðä
ä,226,â,7422,äâ
â,222,Þ,7423,âÞ
Þ,254,þ,7424,Þþ
þ,228,ä,7425,þä
ä,179,³,7426,ä³
³,412,Ɯ,7427,³Ɯ
Ɯ,349,ŝ,7428,Ɯŝ
ŝ,1376,þüû,7429,ŝþ
þüû,1515,ý÷,7430,þüûý
ý÷,2428,üúû,7431,ý÷ü
üúû,196,Ä,7432,üúûÄ
Ä,236,ì,7433,Äì
ì,300,Ĭ,7434,ìĬ
Ĭ,292,Ĥ,7435,ĬĤ
Ĥ,5796,ýāĀþ,7436,Ĥý
ýāĀþ,4832,ÿĀþĀ,7437,ýāĀþÿ
ÿĀþĀ,1078,ÿþþÿĀ,7438,ÿĀþĀÿ
ÿþþÿĀ,251,û,7439,ÿþþÿĀû
û,180,´,7440,û´
´,274,Ē,7441,´Ē
Ē,315,Ļ,7442,ĒĻ
Ļ,3535,ýć,7443,Ļý
ýć,815,Ąā,7444,ýćĄ
Ąā,763,ąĄ,7445,Ąāą
ąĄ,2157,āÿþĀ,7446,ąĄā
āÿþĀ,525,þĀ,7447,āÿþĀþ
þĀ,233,é,7448,þĀé
é,40,(,7449,é(
(,298,Ī,7450,(Ī
Ī,334,Ŏ,7451,ĪŎ
Ŏ,318,ľ,7452,Ŏľ
ľ,281,ę,7453,ľę
ę,129,,7454,ę
,154,,7455,
,3023,þÿÿÿĀþÿ,7456,þ
þÿÿÿĀþÿ,2366,ĀþÿĀþ,7457,þÿÿÿĀþÿĀ
ĀþÿĀþ,256,Ā,7458,ĀþÿĀþĀ
Ā,434,Ʋ,7459,ĀƲ
Ʋ,299,ī,7460,Ʋī
ī,213,Õ,7461,īÕ
Õ,196,Ä,7462,ÕÄ
Ä,148,,7463,Ä
,333,ō,7464,ō
ō,414,ƞ,7465,ōƞ
ƞ,754,øø,7466,ƞø
øø,1853,úü,7467,øøú
úü,1853,úü,7468,úüú
úü,164,¤,7469,úü¤
¤,310,Ķ,7470,¤Ķ
Ķ,297,ĩ,7471,Ķĩ
ĩ,3977,ûÿĀ,7472,ĩû
ûÿĀ,1892,þÿÿÿĀþ,7473,ûÿĀþ
þÿÿÿĀþ,628,Āþþÿÿ,7474,þÿÿÿĀþĀ
Āþþÿÿ,7050,Āÿÿþÿÿÿ,7475,ĀþþÿÿĀ
Āÿÿþÿÿÿ,236,ì,7476,Āÿÿþÿÿÿì
ì,202,Ê,7477,ìÊ
Ê,3605,ĕü,7478,Êĕ
ĕü,290,Ģ,7479,ĕüĢ
Ģ,6574,ėü,7480,Ģė
ėü,2891,þüý,7481,ėüþ
þüý,2869,ýüĂ,7482,þüýý
ýüĂ,2472,üāþ,7483,ýüĂü
üāþ,2932,üûý,7484,üāþü
üûý,2828,üüþ,7485,üûýü
üüþ,2028,úýüü,7486,üüþú
úýüü,881,āĀĀ,7487,úýüüā
āĀĀ,1833,ĀÿÿĀÿÿ,7488,āĀĀĀ
ĀÿÿĀÿÿ,4744,ÿĀĀýĀ,7489,ĀÿÿĀÿÿÿ
ÿĀĀýĀ,2343,ÿÿÿþÿþ,7490,ÿĀĀýĀÿ
ÿÿÿþÿþ,683,ĀĀþþ,7491,ÿÿÿþÿþĀ
ĀĀþþ,3616,ýĀýĀ,7492,ĀĀþþý
ýĀýĀ,2065,þÿþþĀ,7493,ýĀýĀþ
þÿþþĀ,4884,ÿÿÿþþÿ,7494,þÿþþĀÿ
ÿÿÿþþÿ,5176,āþÿý,7495,ÿÿÿþþÿā
āþÿý,962,üă,7496,āþÿýü
üă,267,ċ,7497,üăċ
ċ,1479,ĆĀ,7498,ċĆ
ĆĀ,595,þþ,7499,ĆĀþ
þþ,1517,âØ,7500,þþâ
âØ,237,í,7501,âØí
í,361,ũ,7502,íũ
ũ,3738,ęĂ,7503,ũę
ęĂ,6288,ÿÿÿÿþĀÿ,7504,ęĂÿ
ÿÿÿÿþĀÿ,250,ú,7505,ÿÿÿÿþĀÿú
ú,147,,7506,ú
,256,Ā,7507,Ā
Ā,5240,İü,7508,Āİ
İü,3803,Ăúā,7509,İüĂ
Ăúā,953,þĄ,7510,Ăúāþ
þĄ,286,Ğ,7511,þĄĞ
Ğ,1725,ćĀ,7512,Ğć
ćĀ,1056,þþÿĀþ,7513,ćĀþ
þþÿĀþ,1081,Āÿþā,7514,þþÿĀþĀ
Āÿþā,2863,ýÿĀý,7515,Āÿþāý
ýÿĀý,4098,ûÖ,7516,ýÿĀýû
ûÖ,198,Æ,7517,ûÖÆ
Æ,335,ŏ,7518,Æŏ
ŏ,1113,ďć,7519,ŏď
ďć,6970,ĂĆĂ,7520,ďćĂ
ĂĆĂ,2196,ĂĆ,7521,ĂĆĂĂ
ĂĆ,5728,ÿýāþ,7522,ĂĆÿ
ÿýāþ,4988,ÿĀýĀ,7523,ÿýāþÿ
ÿĀýĀ,1220,Āýÿ,7524,ÿĀýĀĀ
Āýÿ,2147,þĂþ,7525,Āýÿþ
þĂþ,526,Āþ,7526,þĂþĀ
Āþ,3925,äÙ,7527,Āþä
äÙ,196,Ä,7528,äÙÄ
Ä,243,ó,7529,Äó
ó,282,Ě,7530,óĚ
Ě,319,Ŀ,7531,ĚĿ
Ŀ,270,Ď,7532,ĿĎ
Ď,238,î,7533,Ďî
î,6450,äÛ,7534,îä
äÛ,946,Üø,7535,äÛÜ
Üø,183,·,7536,Üø·
·,275,ē,7537,·ē
ē,454,ǆ,7538,ēǆ
ǆ,1482,Ąÿ,7539,ǆĄ
Ąÿ,2893,ùü,7540,Ąÿù
ùü,6674,öĀ,7541,ùüö
öĀ,755,øü,7542,öĀø
øü,213,Õ,7543,øüÕ
Õ,203,Ë,7544,ÕË
Ë,313,Ĺ,7545,ËĹ
Ĺ,2826,Ĥþ,7546,ĹĤ
Ĥþ,528,ĀþĀ,7547,ĤþĀ
ĀþĀ,2562,āýÿÿ,7548,ĀþĀā
āýÿÿ,696,Āþÿÿþ,7549,āýÿÿĀ
Āþÿÿþ,253,ý,7550,Āþÿÿþý
ý,201,É,7551,ýÉ
É,232,è,7552,Éè
è,335,ŏ,7553,èŏ
ŏ,7189,ĀăĄą,7554,ŏĀ
ĀăĄą,841,ĂĂ,7555,ĀăĄąĂ
ĂĂ,1482,Ąÿ,7556,ĂĂĄ
Ąÿ,537,þÿÿÿ,7557,Ąÿþ
þÿÿÿ,250,ú,7558,þÿÿÿú
ú,46,.,7559,ú.
.,259,ă,7560,.ă
ă,341,ŕ,7561,ăŕ
ŕ,314,ĺ,7562,ŕĺ
ĺ,293,ĥ,7563,ĺĥ
ĥ,179,³,7564,ĥ³
³,106,j,7565,³j
j,4054,þĂüÿ,7566,jþ
þĂüÿ,4045,ÿĂ,7567,þĂüÿÿ
ÿĂ,2847,üĀÿþ,7568,ÿĂü
üĀÿþ,295,ħ,7569,üĀÿþħ
ħ,297,ĩ,7570,ħĩ
ĩ,264,Ĉ,7571,ĩĈ
Ĉ,377,Ź,7572,ĈŹ
Ź,261,ą,7573,Źą
ą,205,Í,7574,ąÍ
Í,196,Ä,7575,ÍÄ
Ä,152,,7576,Ä
,379,Ż,7577,Ż
Ż,374,Ŷ,7578,ŻŶ
Ŷ,1290,úú,7579,Ŷú
úú,1007,õĀ,7580,úúõ
õĀ,754,øø,7581,õĀø
øø,163,£,7582,øø£
£,6998,Ŏĕ,7583,£Ŏ
Ŏĕ,1652,Āü,7584,ŎĕĀ
Āü,1889,ĀþÿÿÿÿĀ,7585,ĀüĀ
ĀþÿÿÿÿĀ,1772,ÿþþÿĀÿ,7586,ĀþÿÿÿÿĀÿ
ÿþþÿĀÿ,6334,Āÿþÿþ,7587,ÿþþÿĀÿĀ
Āÿþÿþ,259,ă,7588,Āÿþÿþă
ă,203,Ë,7589,ăË
Ë,238,î,7590,Ëî
î,274,Ē,7591,îĒ
Ē,249,ù,7592,Ēù
ù,3274,Ġė,7593,ùĠ
Ġė,5661,ûþüþ,7594,Ġėû
ûþüþ,1059,ýþÿþ,7595,ûþüþý
ýþÿþ,3249,þýû,7596,ýþÿþþ
þýû,3428,ýýü,7597,þýûý
ýýü,2836,üüûþ,7598,ýýüü
üüûþ,3816,ÿÿÿĀĀ,7599,üüûþÿ
ÿÿÿĀĀ,1888,ÿāĀ,7600,ÿÿÿĀĀÿ
ÿāĀ,4857,ĀþÿĀĀ,7601,ÿāĀĀ
ĀþÿĀĀ,2672,Āþÿÿÿÿÿÿÿ,7602,ĀþÿĀĀĀ
Āþÿÿÿÿÿÿÿ,2298,üĀÿ,7603,Āþÿÿÿÿÿÿÿü
üĀÿ,996,ýÿÿþ,7604,üĀÿý
ýÿÿþ,7041,þĀþý,7605,ýÿÿþþ
þĀþý,559,þÿĀÿ,7606,þĀþýþ
þÿĀÿ,5438,þÿÿÿÿÿþÿ,7607,þÿĀÿþ
þÿÿÿÿÿþÿ,701,þý,7608,þÿÿÿÿÿþÿþ
þý,259,ă,7609,þýă
ă,1197,ĊĄ,7610,ăĊ
ĊĄ,795,þā,7611,ĊĄþ
þā,244,ô,7612,þāô
ô,227,ã,7613,ôã
ã,4079,ÎĬ,7614,ãÎ
ÎĬ,341,ŕ,7615,ÎĬŕ
ŕ,2096,ąþ,7616,ŕą
ąþ,798,ÿĀÿÿÿþ,7617,ąþÿ
ÿĀÿÿÿþ,232,è,7618,ÿĀÿÿÿþè
è,151,,7619,è
,291,ģ,7620,ģ
ģ,282,Ě,7621,ģĚ
Ě,3525,ÿĀû,7622,Ěÿ
ÿĀû,892,Ăþ,7623,ÿĀûĂ
Ăþ,267,ċ,7624,Ăþċ
ċ,6831,ęĄ,7625,ċę
ęĄ,1982,þĀþÿÿÿ,7626,ęĄþ
þĀþÿÿÿ,666,ĀþÿĀ,7627,þĀþÿÿÿĀ
ĀþÿĀ,659,ýĀÿ,7628,ĀþÿĀý
ýĀÿ,1858,þú,7629,ýĀÿþ
þú,211,Ó,7630,þúÓ
Ó,202,Ê,7631,ÓÊ
Ê,342,Ŗ,7632,ÊŖ
Ŗ,1418,ĉĆ,7633,Ŗĉ
ĉĆ,4679,ăĄĄ,7634,ĉĆă
ăĄĄ,1240,ăĄ,7635,ăĄĄă
ăĄ,5665,þāþþ,7636,ăĄþ
þāþþ,800,ÿĀÿÿþ,7637,þāþþÿ
ÿĀÿÿþ,1578,ÿÿÿÿĀþ,7638,ÿĀÿÿþÿ
ÿÿÿÿĀþ,247,÷,7639,ÿÿÿÿĀþ÷
÷,113,q,7640,÷q
q,163,£,7641,q£
£,2589,÷ÿĀ,7642,£÷
÷ÿĀ,271,ď,7643,÷ÿĀď
ď,379,Ż,7644,ďŻ
Ż,336,Ő,7645,ŻŐ
Ő,240,ð,7646,Őð
ð,3253,ÞÓ,7647,ðÞ
ÞÓ,231,ç,7648,ÞÓç
ç,220,Ü,7649,çÜ
Ü,186,º,7650,Üº
º,438,ƶ,7651,ºƶ
ƶ,321,Ł,7652,ƶŁ
Ł,1850,ýûü,7653,Łý
ýûü,2971,÷ý,7654,ýûü÷
÷ý,5143,øý,7655,÷ýø
øý,220,Ü,7656,øýÜ
Ü,196,Ä,7657,ÜÄ
Ä,312,ĸ,7658,Äĸ
ĸ,4294,Ĥþā,7659,ĸĤ
Ĥþā,7381,þÿāþÿ,7660,Ĥþāþ
þÿāþÿ,1981,ÿÿĀÿþ,7661,þÿāþÿÿ
ÿÿĀÿþ,543,ýĀ,7662,ÿÿĀÿþý
ýĀ,212,Ô,7663,ýĀÔ
Ô,210,Ò,7664,ÔÒ
Ò,342,Ŗ,7665,ÒŖ
Ŗ,5370,āąă,7666,Ŗā
āąă,816,āĆ,7667,āąăā
āĆ,1804,Ăă,7668,āĆĂ
Ăă,622,Āþÿÿÿÿ,7669,ĂăĀ
Āþÿÿÿÿ,74,J,7670,ĀþÿÿÿÿJ
J,205,Í,7671,JÍ
Í,350,Ş,7672,ÍŞ
Ş,303,į,7673,Şį
į,311,ķ,7674,įķ
ķ,231,ç,7675,ķç
ç,75,K,7676,çK
K,238,î,7677,Kî
î,664,ÿÿĀĀ,7678,îÿ
ÿÿĀĀ,705,ýÿÿ,7679,ÿÿĀĀý
ýÿÿ,258,Ă,7680,ýÿÿĂ
Ă,383,ſ,7681,Ăſ
ſ,367,ů,7682,ſů
ů,3776,ąă,7683,ůą
ąă,247,÷,7684,ąă÷
÷,228,ä,7685,÷ä
ä,193,Á,7686,äÁ
Á,190,¾,7687,Á¾
¾,170,ª,7688,¾ª
ª,418,Ƣ,7689,ªƢ
Ƣ,339,œ,7690,Ƣœ
œ,245,õ,7691,œõ
õ,1460,ûÿ,7692,õû
ûÿ,3724,ôý,7693,ûÿô
ôý,235,ë,7694,ôýë
ë,174,®,7695,ë®
®,343,ŗ,7696,®ŗ
ŗ,5182,Ċÿ,7697,ŗĊ
Ċÿ,1889,ĀþÿÿÿÿĀ,7698,ĊÿĀ
ĀþÿÿÿÿĀ,2465,þþÿÿÿ,7699,ĀþÿÿÿÿĀþ
þþÿÿÿ,1578,ÿÿÿÿĀþ,7700,þþÿÿÿÿ
ÿÿÿÿĀþ,595,þþ,7701,ÿÿÿÿĀþþ
þþ,185,¹,7702,þþ¹
¹,269,č,7703,¹č
č,840,ćĂ,7704,čć
ćĂ,274,Ē,7705,ćĂĒ
Ē,282,Ě,7706,ĒĚ
Ě,1463,þýü,7707,Ěþ
þýü,3230,ýĀÿĀ,7708,þýüý
ýĀÿĀ,2332,þüü,7709,ýĀÿĀþ
þüü,4482,úûû,7710,þüüú
úûû,5825,üúý,7711,úûûü
üúý,3454,ĄÿÿĀ,7712,üúýĄ
ĄÿÿĀ,6600,ĀĀÿĀþ,7713,ĄÿÿĀĀ
ĀĀÿĀþ,3202,Āÿāÿÿ,7714,ĀĀÿĀþĀ
Āÿāÿÿ,2685,āĀý,7715,Āÿāÿÿā
āĀý,741,ÿÿÿÿþÿþ,7716,āĀýÿ
ÿÿÿÿþÿþ,1364,ÿÿÿþþ,7717,ÿÿÿÿþÿþÿ
ÿÿÿþþ,2161,þþĀþ,7718,ÿÿÿþþþ
þþĀþ,698,þÿý,7719,þþĀþþ
þÿý,2874,ÿþÿĀþÿ,7720,þÿýÿ
ÿþÿĀþÿ,558,ÿÿÿÿÿþ,7721,ÿþÿĀþÿÿ
ÿÿÿÿÿþ,703,üÿ,7722,ÿÿÿÿÿþü
üÿ,7410,ąĄĂ,7723,üÿą
ąĄĂ,260,Ą,7724,ąĄĂĄ
Ą,917,úð,7725,Ąú
úð,223,ß,7726,úðß
ß,3866,ßŢ,7727,ßß
ßŢ,289,ġ,7728,ßŢġ
ġ,1881,ýăþ,7729,ġý
ýăþ,2410,ÿĀý,7730,ýăþÿ
ÿĀý,254,þ,7731,ÿĀýþ
þ,201,É,7732,þÉ
É,177,±,7733,É±
±,7066,ľą,7734,±ľ
ľą,612,ÿÿÿĀÿ,7735,ľąÿ
ÿÿÿĀÿ,277,ĕ,7736,ÿÿÿĀÿĕ
ĕ,272,Đ,7737,ĕĐ
Đ,2384,Ăþÿ,7738,ĐĂ
Ăþÿ,5124,ÿþÿÿĀþÿ,7739,Ăþÿÿ
ÿþÿÿĀþÿ,5600,Āþþā,7740,ÿþÿÿĀþÿĀ
Āþþā,1037,ýø,7741,Āþþāý
ýø,207,Ï,7742,ýøÏ
Ï,212,Ô,7743,ÏÔ
Ô,4221,Śą,7744,ÔŚ
Śą,5461,ĄăĂ,7745,ŚąĄ
ĄăĂ,819,ąĄă,7746,ĄăĂą
ąĄă,2121,ÿþü,7747,ąĄăÿ
ÿþü,1590,ăþ,7748,ÿþüă
ăþ,7438,ÿĀþĀÿ,7749,ăþÿ
ÿĀþĀÿ,797,þÿÿþÿ,7750,ÿĀþĀÿþ
þÿÿþÿ,218,Ú,7751,þÿÿþÿÚ
Ú,40,(,7752,Ú(
(,1235,ĀĂý,7753,(Ā
ĀĂý,659,ýĀÿ,7754,ĀĂýý
ýĀÿ,371,ų,7755,ýĀÿų
ų,366,Ů,7756,ųŮ
Ů,234,ê,7757,Ůê
ê,215,×,7758,ê×
×,206,Î,7759,×Î
Î,239,ï,7760,Îï
ï,164,¤,7761,ï¤
¤,342,Ŗ,7762,¤Ŗ
Ŗ,410,ƚ,7763,Ŗƚ
ƚ,2332,þüü,7764,ƚþ
þüü,5782,øû,7765,þüüø
øû,3961,øÿ,7766,øûø
øÿ,229,å,7767,øÿå
å,182,¶,7768,å¶
¶,4582,Ĺĥ,7769,¶Ĺ
Ĺĥ,857,ÿāý,7770,Ĺĥÿ
ÿāý,796,āĀþ,7771,ÿāýā
āĀþ,5954,ÿÿÿþÿĀ,7772,āĀþÿ
ÿÿÿþÿĀ,543,ýĀ,7773,ÿÿÿþÿĀý
ýĀ,231,ç,7774,ýĀç
ç,181,µ,7775,çµ
µ,347,ś,7776,µś
ś,258,Ă,7777,śĂ
Ă,1034,ćĄ,7778,Ăć
ćĄ,4908,Ăąă,7779,ćĄĂ
Ăąă,3983,ăĀþ,7780,Ăąăă
ăĀþ,4084,ÿĀþÿ,7781,ăĀþÿ
ÿĀþÿ,122,z,7782,ÿĀþÿz
z,145,,7783,z
,347,ś,7784,ś
ś,308,Ĵ,7785,śĴ
Ĵ,303,į,7786,Ĵį
į,277,ĕ,7787,įĕ
ĕ,106,j,7788,ĕj
j,181,µ,7789,jµ
µ,3524,ýĀþÿÿ,7790,µý
ýĀþÿÿ,710,ÿā,7791,ýĀþÿÿÿ
ÿā,357,ť,7792,ÿāť
ť,406,Ɩ,7793,ťƖ
Ɩ,996,ýÿÿþ,7794,Ɩý
ýÿÿþ,247,÷,7795,ýÿÿþ÷
÷,161,¡,7796,÷¡
¡,180,´,7797,¡´
´,187,»,7798,´»
»,456,ǈ,7799,»ǈ
ǈ,298,Ī,7800,ǈĪ
Ī,754,øø,7801,Īø
øø,4075,üùþ,7802,øøü
üùþ,217,Ù,7803,üùþÙ
Ù,198,Æ,7804,ÙÆ
Æ,344,Ř,7805,ÆŘ
Ř,2613,āÿÿĀÿ,7806,Řā
āÿÿĀÿ,611,ÿÿÿÿþÿ,7807,āÿÿĀÿÿ
ÿÿÿÿþÿ,4745,Āþÿþ,7808,ÿÿÿÿþÿĀ
Āþÿþ,583,Āÿÿÿÿþ,7809,ĀþÿþĀ
Āÿÿÿÿþ,244,ô,7810,Āÿÿÿÿþô
ô,180,´,7811,ô´
´,293,ĥ,7812,´ĥ
ĥ,1734,Āă,7813,ĥĀ
Āă,259,ă,7814,Āăă
ă,1196,ēĊ,7815,ăē
ēĊ,1058,ÿÿÿþý,7816,ēĊÿ
ÿÿÿþý,861,ûü,7817,ÿÿÿþýû
ûü,244,ô,7818,ûüô
ô,3204,þýþ,7819,ôþ
þýþ,2162,þĀþĀ,7820,þýþþ
þĀþĀ,1422,ĀÿĀĀ,7821,þĀþĀĀ
ĀÿĀĀ,7488,āĀĀĀ,7822,ĀÿĀĀā
āĀĀĀ,5545,ÿÿāþý,7823,āĀĀĀÿ
ÿÿāþý,552,ÿĀÿ,7824,ÿÿāþýÿ
ÿĀÿ,2384,Ăþÿ,7825,ÿĀÿĂ
Ăþÿ,5324,þÿþÿĀÿ,7826,Ăþÿþ
þÿþÿĀÿ,1488,ÿýĀ,7827,þÿþÿĀÿÿ
ÿýĀ,941,þýÿ,7828,ÿýĀþ
þýÿ,704,ÿþÿý,7829,þýÿÿ
ÿþÿý,2065,þÿþþĀ,7830,ÿþÿýþ
þÿþþĀ,1643,þÿþĀĀ,7831,þÿþþĀþ
þÿþĀĀ,5228,ÿýþÿ,7832,þÿþĀĀÿ
ÿýþÿ,1904,úā,7833,ÿýþÿú
úā,7111,ăĆ,7834,úāă
ăĆ,760,Ăā,7835,ăĆĂ
Ăā,250,ú,7836,Ăāú
ú,237,í,7837,úí
í,201,É,7838,íÉ
É,1766,Ğŝ,7839,ÉĞ
Ğŝ,2178,Ăăü,7840,ĞŝĂ
Ăăü,2556,Ăÿý,7841,ĂăüĂ
Ăÿý,249,ù,7842,Ăÿýù
ù,172,¬,7843,ù¬
¬,225,á,7844,¬á
á,309,ĵ,7845,áĵ
ĵ,1538,āýĀ,7846,ĵā
āýĀ,653,Āý,7847,āýĀĀ
Āý,259,ă,7848,Āýă
ă,285,ĝ,7849,ăĝ
ĝ,6978,Ĉÿ,7850,ĝĈ
Ĉÿ,533,ÿÿÿÿÿÿÿþ,7851,Ĉÿÿ
ÿÿÿÿÿÿÿþ,3188,ĀýĀÿ,7852,ÿÿÿÿÿÿÿþĀ
ĀýĀÿ,4949,Āý÷,7853,ĀýĀÿĀ
Āý÷,201,É,7854,Āý÷É
É,224,à,7855,Éà
à,346,Ś,7856,àŚ
Ś,1349,ÿą,7857,Śÿ
ÿą,2642,ąā,7858,ÿąą
ąā,7410,ąĄĂ,7859,ąāą
ąĄĂ,4112,ÿþþā,7860,ąĄĂÿ
ÿþþā,5081,þþāÿÿ,7861,ÿþþāþ
þþāÿÿ,2997,ÿÿÿÿþþ,7862,þþāÿÿÿ
ÿÿÿÿþþ,189,½,7863,ÿÿÿÿþþ½
½,72,H,7864,½H
H,999,ýþÿ,7865,Hý
ýþÿ,526,Āþ,7866,ýþÿĀ
Āþ,2094,ąû,7867,Āþą
ąû,401,Ƒ,7868,ąûƑ
Ƒ,332,Ō,7869,ƑŌ
Ō,228,ä,7870,Ōä
ä,200,È,7871,äÈ
È,216,Ø,7872,ÈØ
Ø,205,Í,7873,ØÍ
Í,226,â,7874,Íâ
â,468,ǔ,7875,âǔ
ǔ,270,Ď,7876,ǔĎ
Ď,1385,úý,7877,Ďú
úý,5272,ùú,7878,úýù
ùú,3961,øÿ,7879,ùúø
øÿ,237,í,7880,øÿí
í,172,¬,7881,í¬
¬,312,ĸ,7882,¬ĸ
ĸ,1749,ħā,7883,ĸħ
ħā,5600,Āþþā,7884,ħāĀ
Āþþā,681,ÿÿÿþĀ,7885,Āþþāÿ
ÿÿÿþĀ,692,þþÿÿ,7886,ÿÿÿþĀþ
þþÿÿ,246,ö,7887,þþÿÿö
ö,164,¤,7888,ö¤
¤,339,œ,7889,¤œ
œ,926,čĄ,7890,œč
čĄ,763,ąĄ,7891,čĄą
ąĄ,7113,ĄĂĄā,7892,ąĄĄ
ĄĂĄā,1365,þÿĀþÿ,7893,ĄĂĄāþ
þÿĀþÿ,174,®,7894,þÿĀþÿ®
®,88,X,7895,®X
X,331,ŋ,7896,Xŋ
ŋ,308,Ĵ,7897,ŋĴ
Ĵ,304,İ,7898,Ĵİ
İ,295,ħ,7899,İħ
ħ,202,Ê,7900,ħÊ
Ê,89,Y,7901,ÊY
Y,2121,ÿþü,7902,Yÿ
ÿþü,990,Ăþý,7903,ÿþüĂ
Ăþý,257,ā,7904,Ăþýā
ā,462,ǎ,7905,āǎ
ǎ,300,Ĭ,7906,ǎĬ
Ĭ,1098,ýÿā,7907,Ĭý
ýÿā,1591,þû,7908,ýÿāþ
þû,187,»,7909,þû»
»,112,p,7910,»p
p,248,ø,7911,pø
ø,467,Ǔ,7912,øǓ
Ǔ,3218,Ăú,7913,ǓĂ
Ăú,1037,ýø,7914,Ăúý
ýø,756,üþ,7915,ýøü
üþ,197,Å,7916,üþÅ
Å,234,ê,7917,Åê
ê,326,ņ,7918,êņ
ņ,3366,ĂÿÿÿĀ,7919,ņĂ
ĂÿÿÿĀ,2367,þÿÿÿÿþÿ,7920,ĂÿÿÿĀþ
þÿÿÿÿþÿ,1641,ÿÿĀþÿÿĀ,7921,þÿÿÿÿþÿÿ
ÿÿĀþÿÿĀ,525,þĀ,7922,ÿÿĀþÿÿĀþ
þĀ,227,ã,7923,þĀã
ã,195,Ã,7924,ãÃ
Ã,3589,ĦĂ,7925,ÃĦ
ĦĂ,3781,Āāā,7926,ĦĂĀ
Āāā,1270,ĈĀ,7927,ĀāāĈ
ĈĀ,4650,āāþ,7928,ĈĀā
āāþ,1464,üýý,7929,āāþü
üýý,7826,Ăþÿþ,7930,üýýĂ
Ăþÿþ,3498,ÿÿĂ,7931,Ăþÿþÿ
ÿÿĂ,666,ĀþÿĀ,7932,ÿÿĂĀ
ĀþÿĀ,3425,āĀĀÿÿ,7933,ĀþÿĀā
āĀĀÿÿ,1977,ÿĀÿĀ,7934,āĀĀÿÿÿ
ÿĀÿĀ,1699,ĀÿĀþÿ,7935,ÿĀÿĀĀ
ĀÿĀþÿ,639,Āþÿÿÿÿÿ,7936,ĀÿĀþÿĀ
Āþÿÿÿÿÿ,2243,þþĀý,7937,Āþÿÿÿÿÿþ
þþĀý,2872,þĀþþ,7938,þþĀýþ
þĀþþ,2872,þĀþþ,7939,þĀþþþ
þĀþþ,3015,ýÿþý,7940,þĀþþý
ýÿþý,1540,ĀþÿÿĀÿ,7941,ýÿþýĀ
ĀþÿÿĀÿ,1691,þþĀü,7942,ĀþÿÿĀÿþ
þþĀü,1524,ûĂ,7943,þþĀüû
ûĂ,2993,ĄĂÿ,7944,ûĂĄ
ĄĂÿ,258,Ă,7945,ĄĂÿĂ
Ă,241,ñ,7946,Ăñ
ñ,233,é,7947,ñé
é,212,Ô,7948,éÔ
Ô,4736,Ŧğ,7949,ÔŦ
Ŧğ,2384,Ăþÿ,7950,ŦğĂ
Ăþÿ,1652,Āü,7951,ĂþÿĀ
Āü,242,ò,7952,Āüò
ò,150,,7953,ò
,277,ĕ,7954,ĕ
ĕ,289,ġ,7955,ĕġ
ġ,4451,ÿüĀĂ,7956,ġÿ
ÿüĀĂ,251,û,7957,ÿüĀĂû
û,264,Ĉ,7958,ûĈ
Ĉ,285,ĝ,7959,Ĉĝ
ĝ,3067,Ąýā,7960,ĝĄ
Ąýā,2546,ýĀÿÿþ,7961,Ąýāý
ýĀÿÿþ,6816,ÿĀþĀĀ,7962,ýĀÿÿþÿ
ÿĀþĀĀ,885,ýĀþ,7963,ÿĀþĀĀý
ýĀþ,1801,õÆ,7964,ýĀþõ
õÆ,235,ë,7965,õÆë
ë,342,Ŗ,7966,ëŖ
Ŗ,1936,üą,7967,Ŗü
üą,6853,ćāĄ,7968,üąć
ćāĄ,2642,ąā,7969,ćāĄą
ąā,6043,ûăþ,7970,ąāû
ûăþ,6381,āüĀ,7971,ûăþā
āüĀ,1567,āü,7972,āüĀā
āü,3125,āÿÿÿÿÿ,7973,āüā
āÿÿÿÿÿ,251,û,7974,āÿÿÿÿÿû
û,141,,7975,û
,120,x,7976,x
x,4266,ÿÿþĀþĀ,7977,xÿ
ÿÿþĀþĀ,6804,Āĝ,7978,ÿÿþĀþĀĀ
Āĝ,428,Ƭ,7979,ĀĝƬ
Ƭ,265,ĉ,7980,Ƭĉ
ĉ,7404,×É,7981,ĉ×
×É,6087,Ó¶,7982,×ÉÓ
Ó¶,445,ƽ,7983,Ó¶ƽ
ƽ,314,ĺ,7984,ƽĺ
ĺ,825,ûú,7985,ĺû
ûú,6755,úüø,7986,ûúú
úüø,894,ýò,7987,úüøý
ýò,168,¨,7988,ýò¨
¨,7471,Ķĩ,7989,¨Ķ
Ķĩ,7716,āĀýÿ,7990,Ķĩā
āĀýÿ,798,ÿĀÿÿÿþ,7991,āĀýÿÿ
ÿĀÿÿÿþ,544,Āþÿÿ,7992,ÿĀÿÿÿþĀ
Āþÿÿ,253,ý,7993,Āþÿÿý
ý,165,¥,7994,ý¥
¥,313,Ĺ,7995,¥Ĺ
Ĺ,290,Ģ,7996,ĹĢ
Ģ,760,Ăā,7997,ĢĂ
Ăā,7298,ćăĂ,7998,Ăāć
ćăĂ,1553,ĄĂ,7999,ćăĂĄ
ĄĂ,1365,þÿĀþÿ,8000,ĄĂþ
þÿĀþÿ,227,ã,8001,þÿĀþÿã
ã,46,.,8002,ã.
.,296,Ĩ,8003,.Ĩ
Ĩ,307,ĳ,8004,Ĩĳ
ĳ,310,Ķ,8005,ĳĶ
Ķ,299,ī,8006,Ķī
ī,270,Ď,8007,īĎ
Ď,106,j,8008,Ďj
j,184,¸,8009,j¸
¸,846,ýā,8010,¸ý
ýā,1323,üÿÿ,8011,ýāü
üÿÿ,271,ď,8012,üÿÿď
ď,467,Ǔ,8013,ďǓ
Ǔ,5410,ĕĂ,8014,Ǔĕ
ĕĂ,5573,þüă,8015,ĕĂþ
þüă,253,ý,8016,þüăý
ý,198,Æ,8017,ýÆ
Æ,76,L,8018,ÆL
L,325,Ņ,8019,LŅ
Ņ,422,Ʀ,8020,ŅƦ
Ʀ,5391,ùù,8021,Ʀù
ùù,7209,úüü,8022,ùùú
úüü,255,ÿ,8023,úüüÿ
ÿ,171,«,8024,ÿ«
«,283,ě,8025,«ě
ě,303,į,8026,ěį
į,7847,āýĀĀ,8027,įā
āýĀĀ,7248,ÿÿþÿĀþ,8028,āýĀĀÿ
ÿÿþÿĀþ,6644,ĀþĀþĀÿ,8029,ÿÿþÿĀþĀ
ĀþĀþĀÿ,5097,ÿÿþÿā,8030,ĀþĀþĀÿÿ
ÿÿþÿā,213,Õ,8031,ÿÿþÿāÕ
Õ,206,Î,8032,ÕÎ
Î,7169,Ħă,8033,ÎĦ
Ħă,4945,āăÿ,8034,Ħăā
āăÿ,3930,ÿāĂ,8035,āăÿÿ
ÿāĂ,3242,āýþ,8036,ÿāĂā
āýþ,2806,Āāü,8037,āýþĀ
Āāü,4213,āĀÿĀĀ,8038,Āāüā
āĀÿĀĀ,759,ĀÿĂ,8039,āĀÿĀĀĀ
ĀÿĂ,1977,ÿĀÿĀ,8040,ĀÿĂÿ
ÿĀÿĀ,6014,þÿÿĂ,8041,ÿĀÿĀþ
þÿÿĂ,1077,ĀÿĀÿÿÿ,8042,þÿÿĂĀ
ĀÿĀÿÿÿ,3242,āýþ,8043,ĀÿĀÿÿÿā
āýþ,4379,ÿÿÿÿÿÿþĀþ,8044,āýþÿ
ÿÿÿÿÿÿþĀþ,7720,þÿýÿ,8045,ÿÿÿÿÿÿþĀþþ
þÿýÿ,2456,ĀýĀ,8046,þÿýÿĀ
ĀýĀ,3998,ýþþ,8047,ĀýĀý
ýþþ,661,þÿþÿ,8048,ýþþþ
þÿþÿ,4380,þþÿĀÿþ,8049,þÿþÿþ
þþÿĀÿþ,855,ÿĀþ,8050,þþÿĀÿþÿ
ÿĀþ,1238,üþĀ,8051,ÿĀþü
üþĀ,881,āĀĀ,8052,üþĀā
āĀĀ,1203,ûñ,8053,āĀĀû
ûñ,215,×,8054,ûñ×
×,282,Ě,8055,×Ě
Ě,346,Ś,8056,ĚŚ
Ś,1094,Ăāþ,8057,ŚĂ
Ăāþ,1652,Āü,8058,ĂāþĀ
Āü,227,ã,8059,Āüã
ã,147,,8060,ã
,311,ķ,8061,ķ
ķ,275,ē,8062,ķē
ē,4782,ýþĀÿ,8063,ēý
ýþĀÿ,2079,üď,8064,ýþĀÿü
üď,280,Ę,8065,üďĘ
Ę,1166,āýā,8066,Ęā
āýā,2105,þÿÿĀþÿÿ,8067,āýāþ
þÿÿĀþÿÿ,7323,ÿĀĀýÿ,8068,þÿÿĀþÿÿÿ
ÿĀĀýÿ,256,Ā,8069,ÿĀĀýÿĀ
Ā,243,ó,8070,Āó
ó,196,Ä,8071,óÄ
Ä,245,õ,8072,Äõ
õ,335,ŏ,8073,õŏ
ŏ,1936,üą,8074,ŏü
üą,6193,ĆăĄ,8075,üąĆ
ĆăĄ,4403,ĄĀĀ,8076,ĆăĄĄ
ĄĀĀ,1272,þÿā,8077,ĄĀĀþ
þÿā,1992,ûāÿ,8078,þÿāû
ûāÿ,5834,ĀÿýĀÿ,8079,ûāÿĀ
ĀÿýĀÿ,1053,ýĂÿ,8080,ĀÿýĀÿý
ýĂÿ,55,7,8081,ýĂÿ7
7,203,Ë,8082,7Ë
Ë,4083,ýāýÿ,8083,Ëý
ýāýÿ,666,ĀþÿĀ,8084,ýāýÿĀ
ĀþÿĀ,377,Ź,8085,ĀþÿĀŹ
Ź,360,Ũ,8086,ŹŨ
Ũ,222,Þ,8087,ŨÞ
Þ,205,Í,8088,ÞÍ
Í,203,Ë,8089,ÍË
Ë,170,ª,8090,Ëª
ª,377,Ź,8091,ªŹ
Ź,378,ź,8092,Źź
ź,7986,ûúú,8093,źû
ûúú,5983,üùú,8094,ûúúü
üùú,247,÷,8095,üùú÷
÷,166,¦,8096,÷¦
¦,5674,ĳĪ,8097,¦ĳ
ĳĪ,2685,āĀý,8098,ĳĪā
āĀý,5374,ĀÿĀÿý,8099,āĀýĀ
ĀÿĀÿý,7073,ÿĀÿþÿā,8100,ĀÿĀÿýÿ
ÿĀÿþÿā,253,ý,8101,ÿĀÿþÿāý
ý,185,¹,8102,ý¹
¹,264,Ĉ,8103,¹Ĉ
Ĉ,319,Ŀ,8104,ĈĿ
Ŀ,1096,ĂĀ,8105,ĿĂ
ĂĀ,5134,Ąăă,8106,ĂĀĄ
Ąăă,3776,ąă,8107,Ąăăą
ąă,737,þÿÿÿÿĀ,8108,ąăþ
þÿÿÿÿĀ,67,C,8109,þÿÿÿÿĀC
C,212,Ô,8110,CÔ
Ô,338,Œ,8111,ÔŒ
Œ,284,Ĝ,8112,ŒĜ
Ĝ,303,į,8113,Ĝį
į,292,Ĥ,8114,įĤ
Ĥ,235,ë,8115,Ĥë
ë,83,S,8116,ëS
S,1439,èú,8117,Sè
èú,546,ĀĀ,8118,èúĀ
ĀĀ,948,ăú,8119,ĀĀă
ăú,454,ǆ,8120,ăúǆ
ǆ,309,ĵ,8121,ǆĵ
ĵ,701,þý,8122,ĵþ
þý,7402,Ăüû,8123,þýĂ
Ăüû,161,¡,8124,Ăüû¡
¡,104,h,8125,¡h
h,417,ơ,8126,hơ
ơ,342,Ŗ,8127,ơŖ
Ŗ,4037,öÿ,8128,Ŗö
öÿ,5493,ôü,8129,öÿô
ôü,802,ýý,8130,ôüý
ýý,159,,8131,ýý
,321,Ł,8132,Ł
Ł,285,ĝ,8133,Łĝ
ĝ,1968,ýýĂ,8134,ĝý
ýýĂ,1276,þÿÿþÿÿ,8135,ýýĂþ
þÿÿþÿÿ,4740,ĀÿÿÿĀÿÿ,8136,þÿÿþÿÿĀ
ĀÿÿÿĀÿÿ,3124,ÿÿÿþā,8137,ĀÿÿÿĀÿÿÿ
ÿÿÿþā,209,Ñ,8138,ÿÿÿþāÑ
Ñ,201,É,8139,ÑÉ
É,307,ĳ,8140,Éĳ
ĳ,2764,ĀĂÿ,8141,ĳĀ
ĀĂÿ,1785,Ąü,8142,ĀĂÿĄ
Ąü,814,ĂĄ,8143,ĄüĂ
ĂĄ,1158,ÿþý,8144,ĂĄÿ
ÿþý,5319,ÿĂþ,8145,ÿþýÿ
ÿĂþ,7548,ĀþĀā,8146,ÿĂþĀ
ĀþĀā,534,þÿÿ,8147,ĀþĀāþ
þÿÿ,7749,ăþÿ,8148,þÿÿă
ăþÿ,3311,ĀĀĀĀ,8149,ăþÿĀ
ĀĀĀĀ,1506,ÿÿĀā,8150,ĀĀĀĀÿ
ÿÿĀā,6613,þĀÿÿĀ,8151,ÿÿĀāþ
þĀÿÿĀ,4190,ÿÿÿÿĀÿþ,8152,þĀÿÿĀÿ
ÿÿÿÿĀÿþ,4818,ÿýÿ,8153,ÿÿÿÿĀÿþÿ
ÿýÿ,6949,ÿÿýĀ,8154,ÿýÿÿ
ÿÿýĀ,1151,þþþĀ,8155,ÿÿýĀþ
þþþĀ,7820,þýþþ,8156,þþþĀþ
þýþþ,912,ÿþþÿ,8157,þýþþÿ
ÿþþÿ,6145,ýÿĀĀ,8158,ÿþþÿý
ýÿĀĀ,6145,ýÿĀĀ,8159,ýÿĀĀý
ýÿĀĀ,1662,ûû,8160,ýÿĀĀû
ûû,4045,ÿĂ,8161,ûûÿ
ÿĂ,959,ĂÿĀ,8162,ÿĂĂ
ĂÿĀ,747,ñî,8163,ĂÿĀñ
ñî,217,Ù,8164,ñîÙ
Ù,366,Ů,8165,ÙŮ
Ů,276,Ĕ,8166,ŮĔ
Ĕ,7414,āÿÿú,8167,Ĕā
āÿÿú,200,È,8168,āÿÿúÈ
È,180,´,8169,È´
´,319,Ŀ,8170,´Ŀ
Ŀ,4562,Ćþÿ,8171,ĿĆ
Ćþÿ,4009,þĀü,8172,Ćþÿþ
þĀü,281,ę,8173,þĀüę
ę,3034,ďþ,8174,ęď
ďþ,5284,āþþÿĀ,8175,ďþā
āþþÿĀ,737,þÿÿÿÿĀ,8176,āþþÿĀþ
þÿÿÿÿĀ,7585,ĀüĀ,8177,þÿÿÿÿĀĀ
ĀüĀ,8070,Āó,8178,ĀüĀĀ
Āó,194,Â,8179,ĀóÂ
Â,255,ÿ,8180,Âÿ
ÿ,328,ň,8181,ÿň
ň,2012,ÿă,8182,ňÿ
ÿă,6887,ĄĄą,8183,ÿăĄ
ĄĄą,3983,ăĀþ,8184,ĄĄąă
ăĀþ,7396,þāĀý,8185,ăĀþþ
þāĀý,256,Ā,8186,þāĀýĀ
Ā,237,í,8187,Āí
í,251,û,8188,íû
û,278,Ė,8189,ûĖ
Ė,1400,ýāÿ,8190,Ėý
ýāÿ,513,ÿÿ,8191,ýāÿÿ
ÿÿ,195,Ã,8192,ÿÿÃ
Ã,68,D,8193,ÃD
D,3961,øÿ,8194,Dø
øÿ,7568,ÿĂü,8195,øÿÿ
ÿĂü,574,ÿÿÿĀ,8196,ÿĂüÿ
ÿÿÿĀ,293,ĥ,8197,ÿÿÿĀĥ
ĥ,431,Ư,8198,ĥƯ
Ư,253,ý,8199,Ưý
ý,203,Ë,8200,ýË
Ë,202,Ê,8201,ËÊ
Ê,169,©,8202,Ê©
©,313,Ĺ,8203,©Ĺ
Ĺ,427,ƫ,8204,Ĺƫ
ƫ,3543,ýûú,8205,ƫý
ýûú,6092,øüù,8206,ýûúø
øüù,249,ù,8207,øüùù
ù,165,¥,8208,ù¥
¥,306,Ĳ,8209,¥Ĳ
Ĳ,297,ĩ,8210,Ĳĩ
ĩ,1096,ĂĀ,8211,ĩĂ
ĂĀ,4780,üāþÿ,8212,ĂĀü
üāþÿ,5717,Āÿÿÿÿý,8213,üāþÿĀ
Āÿÿÿÿý,1000,ÿāÿ,8214,Āÿÿÿÿýÿ
ÿāÿ,213,Õ,8215,ÿāÿÕ
Õ,211,Ó,8216,ÕÓ
Ó,339,œ,8217,Óœ
œ,815,Ąā,8218,œĄ
Ąā,7746,ĄăĂą,8219,ĄāĄ
ĄăĂą,4006,ĄÿĀ,8220,ĄăĂąĄ
ĄÿĀ,613,ÿþÿĀ,8221,ĄÿĀÿ
ÿþÿĀ,152,,8222,ÿþÿĀ
,110,n,8223,n
n,336,Ő,8224,nŐ
Ő,279,ė,8225,Őė
ė,295,ħ,8226,ėħ
ħ,2294,ĮĔ,8227,ħĮ
ĮĔ,217,Ù,8228,ĮĔÙ
Ù,97,a,8229,Ùa
a,233,é,8230,aé
é,582,ÿÿþĀ,8231,éÿ
ÿÿþĀ,336,Ő,8232,ÿÿþĀŐ
Ő,425,Ʃ,8233,ŐƩ
Ʃ,787,Āÿā,8234,ƩĀ
Āÿā,4192,ûï,8235,Āÿāû
ûï,87,W,8236,ûïW
W,205,Í,8237,WÍ
Í,466,ǒ,8238,Íǒ
ǒ,280,Ę,8239,ǒĘ
Ę,242,ò,8240,Ęò
ò,1858,þú,8241,òþ
þú,1290,úú,8242,þúú
úú,237,í,8243,úúí
í,177,±,8244,í±
±,337,ő,8245,±ő
ő,1374,čü,8246,őč
čü,962,üă,8247,čüü
üă,5514,ÿþĀþĀ,8248,üăÿ
ÿþĀþĀ,2164,þÿþĀÿ,8249,ÿþĀþĀþ
þÿþĀÿ,3630,ÿÿÿÿÿÿþĀ,8250,þÿþĀÿÿ
ÿÿÿÿÿÿþĀ,219,Û,8251,ÿÿÿÿÿÿþĀÛ
Û,187,»,8252,Û»
»,3060,ĶĈ,8253,»Ķ
ĶĈ,513,ÿÿ,8254,ĶĈÿ
ÿÿ,2205,ăāā,8255,ÿÿă
ăāā,777,ÿþÿÿĀĀ,8256,ăāāÿ
ÿþÿÿĀĀ,5440,āþþĀ,8257,ÿþÿÿĀĀā
āþþĀ,3880,ĀāĀ,8258,āþþĀĀ
ĀāĀ,566,ÿĀÿÿ,8259,ĀāĀÿ
ÿĀÿÿ,4882,Āāāā,8260,ÿĀÿÿĀ
Āāāā,4971,ĀþĀĀÿ,8261,ĀāāāĀ
ĀþĀĀÿ,2309,ÿÿýÿ,8262,ĀþĀĀÿÿ
ÿÿýÿ,7411,Ăþþÿ,8263,ÿÿýÿĂ
Ăþþÿ,4176,ÿÿþÿÿþ,8264,Ăþþÿÿ
ÿÿþÿÿþ,2140,þÿÿý,8265,ÿÿþÿÿþþ
þÿÿý,5351,ÿÿþþÿý,8266,þÿÿýÿ
ÿÿþþÿý,5228,ÿýþÿ,8267,ÿÿþþÿýÿ
ÿýþÿ,1036,ýÿý,8268,ÿýþÿý
ýÿý,626,ÿÿÿĀÿÿ,8269,ýÿýÿ
ÿÿÿĀÿÿ,1072,ýÿþ,8270,ÿÿÿĀÿÿý
ýÿþ,1076,ûĀ,8271,ýÿþû
ûĀ,1735,ăĀÿ,8272,ûĀă
ăĀÿ,1002,úò,8273,ăĀÿú
úò,213,Õ,8274,úòÕ
Õ,312,ĸ,8275,Õĸ
ĸ,2949,ŀā,8276,ĸŀ
ŀā,1257,Āþü,8277,ŀāĀ
Āþü,170,ª,8278,Āþüª
ª,223,ß,8279,ªß
ß,314,ĺ,8280,ßĺ
ĺ,3660,úĂþ,8281,ĺú
úĂþ,514,ÿÿÿ,8282,úĂþÿ
ÿÿÿ,286,Ğ,8283,ÿÿÿĞ
Ğ,1497,Ĉþ,8284,ĞĈ
Ĉþ,7266,āþÿÿÿþ,8285,Ĉþā
āþÿÿÿþ,727,ĀþĀÿþ,8286,āþÿÿÿþĀ
ĀþĀÿþ,4163,āüÿ,8287,ĀþĀÿþā
āüÿ,8070,Āó,8288,āüÿĀ
Āó,193,Á,8289,ĀóÁ
Á,259,ă,8290,Áă
ă,326,ņ,8291,ăņ
ņ,4615,āāă,8292,ņā
āāă,1115,ąą,8293,āāăą
ąą,3051,ăĀĀ,8294,ąąă
ăĀĀ,843,ÿþĀÿ,8295,ăĀĀÿ
ÿþĀÿ,252,ü,8296,ÿþĀÿü
ü,177,±,8297,ü±
±,193,Á,8298,±Á
Á,396,ƌ,8299,Áƌ
ƌ,822,ĀĀÿ,8300,ƌĀ
ĀĀÿ,891,üĂ,8301,ĀĀÿü
üĂ,73,I,8302,üĂI
I,184,¸,8303,I¸
¸,718,ÿÿþÿ,8304,¸ÿ
ÿÿþÿ,3040,Ăüÿ,8305,ÿÿþÿĂ
Ăüÿ,4154,ÿÿą,8306,Ăüÿÿ
ÿÿą,416,Ơ,8307,ÿÿąƠ
Ơ,313,Ĺ,8308,ƠĹ
Ĺ,208,Ð,8309,ĹÐ
Ð,204,Ì,8310,ÐÌ
Ì,169,©,8311,Ì©
©,258,Ă,8312,©Ă
Ă,461,Ǎ,8313,ĂǍ
Ǎ,5427,ÿüú,8314,Ǎÿ
ÿüú,755,øü,8315,ÿüúø
øü,755,øü,8316,øüø
øü,162,¢,8317,øü¢
¢,307,ĳ,8318,¢ĳ
ĳ,8211,ĩĂ,8319,ĳĩ
ĩĂ,879,ÿü,8320,ĩĂÿ
ÿü,4975,āþÿÿÿÿ,8321,ÿüā
āþÿÿÿÿ,1365,þÿĀþÿ,8322,āþÿÿÿÿþ
þÿĀþÿ,259,ă,8323,þÿĀþÿă
ă,235,ë,8324,ăë
ë,173,­,8325,ë­
­,348,Ŝ,8326,­Ŝ
Ŝ,3776,ąă,8327,Ŝą
ąă,817,Ćă,8328,ąăĆ
Ćă,5487,ĂĄĄ,8329,ĆăĂ
ĂĄĄ,788,āÿĀ,8330,ĂĄĄā
āÿĀ,1072,ýÿþ,8331,āÿĀý
ýÿþ,237,í,8332,ýÿþí
í,40,(,8333,í(
(,287,ğ,8334,(ğ
ğ,310,Ķ,8335,ğĶ
Ķ,266,Ċ,8336,ĶĊ
Ċ,300,Ĭ,8337,ĊĬ
Ĭ,293,ĥ,8338,Ĭĥ
ĥ,281,ę,8339,ĥę
ę,221,Ý,8340,ęÝ
Ý,146,,8341,Ý
,189,½,8342,½
½,2288,ïā,8343,½ï
ïā,286,Ğ,8344,ïāĞ
Ğ,348,Ŝ,8345,ĞŜ
Ŝ,362,Ū,8346,ŜŪ
Ū,267,ċ,8347,Ūċ
ċ,760,Ăā,8348,ċĂ
Ăā,224,à,8349,Ăāà
à,159,,8350,à
,138,,8351,
,350,Ş,8352,Ş
Ş,404,Ɣ,8353,ŞƔ
Ɣ,4037,öÿ,8354,Ɣö
öÿ,1250,ùû,8355,öÿù
ùû,1385,úý,8356,ùûú
úý,214,Ö,8357,úýÖ
Ö,211,Ó,8358,ÖÓ
Ó,334,Ŏ,8359,ÓŎ
Ŏ,1099,āþÿÿ,8360,Ŏā
āþÿÿ,7026,āþÿĀÿ,8361,āþÿÿā
āþÿĀÿ,1335,þÿþĀ,8362,āþÿĀÿþ
þÿþĀ,7607,þÿĀÿþ,8363,þÿþĀþ
þÿĀÿþ,666,ĀþÿĀ,8364,þÿĀÿþĀ
ĀþÿĀ,228,ä,8365,ĀþÿĀä
ä,175,¯,8366,ä¯
¯,299,ī,8367,¯ī
ī,2218,Ęü,8368,īĘ
Ęü,3878,Ćý,8369,ĘüĆ
Ćý,4574,āāĀÿ,8370,Ćýā
āāĀÿ,1591,þû,8371,āāĀÿþ
þû,828,øú,8372,þûø
øú,6439,øûú,8373,øúø
øûú,3542,ûüý,8374,øûúû
ûüý,2627,ûþþ,8375,ûüýû
ûþþ,887,ÿþā,8376,ûþþÿ
ÿþā,4377,ĂĂĂ,8377,ÿþāĂ
ĂĂĂ,256,Ā,8378,ĂĂĂĀ
Ā,1070,ċĄ,8379,Āċ
ċĄ,1419,Ćć,8380,ċĄĆ
Ćć,1114,ćą,8381,Ććć
ćą,7332,ăāÿÿ,8382,ćąă
ăāÿÿ,7721,ÿþÿĀþÿÿ,8383,ăāÿÿÿ
ÿþÿĀþÿÿ,697,þÿþþ,8384,ÿþÿĀþÿÿþ
þÿþþ,874,ÿÿÿû,8385,þÿþþÿ
ÿÿÿû,6246,ÿþÿþÿ,8386,ÿÿÿûÿ
ÿþÿþÿ,1072,ýÿþ,8387,ÿþÿþÿý
ýÿþ,3100,þþý,8388,ýÿþþ
þþý,5439,ÿĀÿþā,8389,þþýÿ
ÿĀÿþā,1867,üāĀ,8390,ÿĀÿþāü
üāĀ,2893,ùü,8391,üāĀù
ùü,3533,ĂĂā,8392,ùüĂ
ĂĂā,1007,õĀ,8393,ĂĂāõ
õĀ,221,Ý,8394,õĀÝ
Ý,253,ý,8395,Ýý
ý,355,ţ,8396,ýţ
ţ,6978,Ĉÿ,8397,ţĈ
Ĉÿ,1858,þú,8398,Ĉÿþ
þú,145,,8399,þú
,270,Ď,8400,Ď
Ď,7436,Ĥý,8401,ĎĤ
Ĥý,1231,ăü,8402,Ĥýă
ăü,4154,ÿÿą,8403,ăüÿ
ÿÿą,1589,Ĝă,8404,ÿÿąĜ
Ĝă,2937,ÿÿþĀÿþ,8405,Ĝăÿ
ÿÿþĀÿþ,4855,ĀþÿÿÿĀý,8406,ÿÿþĀÿþĀ
ĀþÿÿÿĀý,2012,ÿă,8407,ĀþÿÿÿĀýÿ
ÿă,1562,ü÷,8408,ÿăü
ü÷,7305,»ċ,8409,ü÷»
»ċ,321,Ł,8410,»ċŁ
Ł,2012,ÿă,8411,Łÿ
ÿă,6534,ąăĄ,8412,ÿăą
ąăĄ,2409,Ąāÿÿ,8413,ąăĄĄ
Ąāÿÿ,658,þĀý,8414,Ąāÿÿþ
þĀý,257,ā,8415,þĀýā
ā,140,,8416,ā
,120,x,8417,x
x,450,ǂ,8418,xǂ
ǂ,5711,ıĂ,8419,ǂı
ıĂ,513,ÿÿ,8420,ıĂÿ
ÿÿ,130,,8421,ÿÿ
,128,,8422,
,4491,ÿÿÿÿÿÿÿÿÿĀ,8423,ÿ
ÿÿÿÿÿÿÿÿÿĀ,255,ÿ,8424,ÿÿÿÿÿÿÿÿÿĀÿ
ÿ,368,Ű,8425,ÿŰ
Ű,371,ų,8426,Űų
ų,7015,ÝÄ,8427,ųÝ
ÝÄ,177,±,8428,ÝÄ±
±,217,Ù,8429,±Ù
Ù,464,ǐ,8430,Ùǐ
ǐ,4020,Ėù,8431,ǐĖ
Ėù,6349,÷ü,8432,Ėù÷
÷ü,7208,úùú,8433,÷üú
úùú,166,¦,8434,úùú¦
¦,1043,ıĩ,8435,¦ı
ıĩ,857,ÿāý,8436,ıĩÿ
ÿāý,7361,ÿÿĀÿÿþÿÿ,8437,ÿāýÿ
ÿÿĀÿÿþÿÿ,2470,þÿĀĀü,8438,ÿÿĀÿÿþÿÿþ
þÿĀĀü,166,¦,8439,þÿĀĀü¦
¦,315,Ļ,8440,¦Ļ
Ļ,2660,ğă,8441,Ļğ
ğă,2867,ĂĄă,8442,ğăĂ
ĂĄă,4573,Ąąā,8443,ĂĄăĄ
Ąąā,7082,Āÿÿþÿþ,8444,ĄąāĀ
Āÿÿþÿþ,119,w,8445,Āÿÿþÿþw
w,146,,8446,w
,8057,ŚĂ,8447,Ś
ŚĂ,282,Ě,8448,ŚĂĚ
Ě,292,Ĥ,8449,ĚĤ
Ĥ,282,Ě,8450,ĤĚ
Ě,285,ĝ,8451,Ěĝ
ĝ,6227,ăã,8452,ĝă
ăã,227,ã,8453,ăãã
ã,261,ą,8454,ãą
ą,290,Ģ,8455,ąĢ
Ģ,270,Ď,8456,ĢĎ
Ď,245,õ,8457,Ďõ
õ,807,ìí,8458,õì
ìí,4059,ÜÚ,8459,ìíÜ
ÜÚ,209,Ñ,8460,ÜÚÑ
Ñ,199,Ç,8461,ÑÇ
Ç,450,ǂ,8462,Çǂ
ǂ,308,Ĵ,8463,ǂĴ
Ĵ,916,õú,8464,Ĵõ
õú,255,ÿ,8465,õúÿ
ÿ,246,ö,8466,ÿö
ö,962,üă,8467,öü
üă,178,²,8468,üă²
²,267,ċ,8469,²ċ
ċ,311,ķ,8470,ċķ
ķ,5490,þÿÿĀĀþÿ,8471,ķþ
þÿÿĀĀþÿ,6102,þĀþĀÿþ,8472,þÿÿĀĀþÿþ
þĀþĀÿþ,6933,þÿĀÿÿĀ,8473,þĀþĀÿþþ
þÿĀÿÿĀ,527,þÿĀ,8474,þÿĀÿÿĀþ
þÿĀ,247,÷,8475,þÿĀ÷
÷,165,¥,8476,÷¥
¥,7145,ĊĮ,8477,¥Ċ
ĊĮ,1866,Ăü,8478,ĊĮĂ
Ăü,2322,Ĉý,8479,ĂüĈ
Ĉý,6512,öï,8480,Ĉýö
öï,237,í,8481,öïí
í,245,õ,8482,íõ
õ,8022,ùùú,8483,õù
ùùú,3594,üāÿ,8484,ùùúü
üāÿ,1272,þÿā,8485,üāÿþ
þÿā,4767,āāÿā,8486,þÿāā
āāÿā,1880,āÿþý,8487,āāÿāā
āÿþý,4111,þþüÿ,8488,āÿþýþ
þþüÿ,654,ýÿ,8489,þþüÿý
ýÿ,814,ĂĄ,8490,ýÿĂ
ĂĄ,266,Ċ,8491,ĂĄĊ
Ċ,265,ĉ,8492,Ċĉ
ĉ,270,Ď,8493,ĉĎ
Ď,1031,ČĎ,8494,ĎČ
ČĎ,987,ĉĄ,8495,ČĎĉ
ĉĄ,4851,ăÿþþ,8496,ĉĄă
ăÿþþ,678,þÿÿþ,8497,ăÿþþþ
þÿÿþ,7820,þýþþ,8498,þÿÿþþ
þýþþ,860,Ăû,8499,þýþþĂ
Ăû,6337,ýÿÿý,8500,Ăûý
ýÿÿý,1336,Āþý,8501,ýÿÿýĀ
Āþý,7379,ÿþþÿÿ,8502,Āþýÿ
ÿþþÿÿ,4280,þĀþÿþ,8503,ÿþþÿÿþ
þĀþÿþ,4111,þþüÿ,8504,þĀþÿþþ
þþüÿ,1346,āû,8505,þþüÿā
āû,1202,úû,8506,āûú
úû,206,Î,8507,úûÎ
Î,356,Ť,8508,ÎŤ
Ť,6153,ěĂ,8509,Ťě
ěĂ,254,þ,8510,ěĂþ
þ,236,ì,8511,þì
ì,6954,ĥ,8512,ì
ĥ,284,Ĝ,8513,ĥĜ
Ĝ,4755,ûĀÿ,8514,Ĝû
ûĀÿ,523,þÿ,8515,ûĀÿþ
þÿ,264,Ĉ,8516,þÿĈ
Ĉ,958,ĚĂ,8517,ĈĚ
ĚĂ,5362,þĀþÿĀÿ,8518,ĚĂþ
þĀþÿĀÿ,3807,ÿþĀÿþ,8519,þĀþÿĀÿÿ
ÿþĀÿþ,7182,ÿþÿĂ,8520,ÿþĀÿþÿ
ÿþÿĂ,7353,þ÷,8521,ÿþÿĂþ
þ÷,186,º,8522,þ÷º
º,266,Ċ,8523,ºĊ
Ċ,323,Ń,8524,ĊŃ
Ń,1672,þă,8525,Ńþ
þă,7892,ąĄĄ,8526,þăą
ąĄĄ,2995,ăāþ,8527,ąĄĄă
ăāþ,859,ĀýĂ,8528,ăāþĀ
ĀýĂ,542,ÿý,8529,ĀýĂÿ
ÿý,114,r,8530,ÿýr
r,152,,8531,r
,359,ŧ,8532,ŧ
ŧ,355,ţ,8533,ŧţ
ţ,288,Ġ,8534,ţĠ
Ġ,236,ì,8535,Ġì
ì,122,z,8536,ìz
z,162,¢,8537,z¢
¢,1424,þÿÿÿÿÿÿÿÿÿÿ,8538,¢þ
þÿÿÿÿÿÿÿÿÿÿ,257,ā,8539,þÿÿÿÿÿÿÿÿÿÿā
ā,329,ŉ,8540,āŉ
ŉ,404,Ɣ,8541,ŉƔ
Ɣ,234,ê,8542,Ɣê
ê,199,Ç,8543,êÇ
Ç,178,²,8544,Ç²
²,195,Ã,8545,²Ã
Ã,460,ǌ,8546,Ãǌ
ǌ,292,Ĥ,8547,ǌĤ
Ĥ,5508,ù÷,8548,Ĥù
ù÷,1662,ûû,8549,ù÷û
ûû,1290,úú,8550,ûûú
úú,165,¥,8551,úú¥
¥,307,ĳ,8552,¥ĳ
ĳ,296,Ĩ,8553,ĳĨ
Ĩ,5755,þÿÿÿĀþÿÿ,8554,Ĩþ
þÿÿÿĀþÿÿ,1581,Āýÿÿ,8555,þÿÿÿĀþÿÿĀ
Āýÿÿ,548,ÿÿĀþ,8556,Āýÿÿÿ
ÿÿĀþ,192,À,8557,ÿÿĀþÀ
À,255,ÿ,8558,Àÿ
ÿ,4472,ŃĀ,8559,ÿŃ
ŃĀ,2530,āĄă,8560,ŃĀā
āĄă,5134,Ąăă,8561,āĄăĄ
Ąăă,5585,āÿÿÿþÿ,8562,Ąăăā
āÿÿÿþÿ,226,â,8563,āÿÿÿþÿâ
â,50,2,8564,â2
2,278,Ė,8565,2Ė
Ė,5318,Ľÿ,8566,ĖĽ
Ľÿ,275,ē,8567,Ľÿē
ē,288,Ġ,8568,ēĠ
Ġ,277,ĕ,8569,Ġĕ
ĕ,985,ēč,8570,ĕē
ēč,1129,ăā,8571,ēčă
ăā,7419,øõ,8572,ăāø
øõ,233,é,8573,øõé
é,229,å,8574,éå
å,1729,Üï,8575,åÜ
Üï,247,÷,8576,Üï÷
÷,169,©,8577,÷©
©,329,ŉ,8578,©ŉ
ŉ,423,Ƨ,8579,ŉƧ
Ƨ,5143,øý,8580,Ƨø
øý,2335,ýøú,8581,øýý
ýøú,3400,üù,8582,ýøúü
üù,167,§,8583,üù§
§,318,ľ,8584,§ľ
ľ,283,ě,8585,ľě
ě,1159,ýĀþĀ,8586,ěý
ýĀþĀ,5281,ýāþÿ,8587,ýĀþĀý
ýāþÿ,2486,ÿÿĀý,8588,ýāþÿÿ
ÿÿĀý,2366,ĀþÿĀþ,8589,ÿÿĀýĀ
ĀþÿĀþ,1304,āþÿĀ,8590,ĀþÿĀþā
āþÿĀ,654,ýÿ,8591,āþÿĀý
ýÿ,192,À,8592,ýÿÀ
À,214,Ö,8593,ÀÖ
Ö,3437,Ķď,8594,ÖĶ
Ķď,255,ÿ,8595,Ķďÿ
ÿ,228,ä,8596,ÿä
ä,233,é,8597,äé
é,243,ó,8598,éó
ó,1689,÷ā,8599,ó÷
÷ā,1960,ÿû,8600,÷āÿ
ÿû,2196,ĂĆ,8601,ÿûĂ
ĂĆ,1912,Ĉć,8602,ĂĆĈ
Ĉć,266,Ċ,8603,ĈćĊ
Ċ,5300,ċĈ,8604,Ċċ
ċĈ,5251,ĄĄ,8605,ċĈĄ
ĄĄ,4687,Ăą,8606,ĄĄĂ
Ăą,5943,ÿĀĀþÿ,8607,Ăąÿ
ÿĀĀþÿ,6044,þĀù,8608,ÿĀĀþÿþ
þĀù,5627,ûûø,8609,þĀùû
ûûø,1039,öò,8610,ûûøö
öò,242,ò,8611,öòò
ò,245,õ,8612,òõ
õ,4044,óÿ,8613,õó
óÿ,816,āĆ,8614,óÿā
āĆ,6940,ċĒ,8615,āĆċ
ċĒ,277,ĕ,8616,ċĒĕ
ĕ,271,ď,8617,ĕď
ď,3922,ċĀ,8618,ďċ
ċĀ,1140,ýüý,8619,ċĀý
ýüý,2556,Ăÿý,8620,ýüýĂ
Ăÿý,1858,þú,8621,Ăÿýþ
þú,4945,āăÿ,8622,þúā
āăÿ,2634,ûÿü,8623,āăÿû
ûÿü,3863,ýĀü,8624,ûÿüý
ýĀü,4853,ÿýĀÿ,8625,ýĀüÿ
ÿýĀÿ,7061,þĀÿþþ,8626,ÿýĀÿþ
þĀÿþþ,893,þýý,8627,þĀÿþþþ
þýý,3313,þþÿü,8628,þýýþ
þþÿü,250,ú,8629,þþÿüú
ú,216,Ø,8630,úØ
Ø,313,Ĺ,8631,ØĹ
Ĺ,313,Ĺ,8632,ĹĹ
Ĺ,1590,ăþ,8633,Ĺă
ăþ,217,Ù,8634,ăþÙ
Ù,159,,8635,Ù
,313,Ĺ,8636,Ĺ
Ĺ,1149,Ďý,8637,ĹĎ
Ďý,5609,þāý,8638,Ďýþ
þāý,2254,ýď,8639,þāýý
ýď,5832,ĖĀÿ,8640,ýďĖ
ĖĀÿ,1677,ĀýÿÿĀ,8641,ĖĀÿĀ
ĀýÿÿĀ,5990,þĀþÿÿĀ,8642,ĀýÿÿĀþ
þĀþÿÿĀ,7302,ýĂþÿ,8643,þĀþÿÿĀý
ýĂþÿ,249,ù,8644,ýĂþÿù
ù,185,¹,8645,ù¹
¹,265,ĉ,8646,¹ĉ
ĉ,324,ń,8647,ĉń
ń,8412,ÿăą,8648,ńÿ
ÿăą,5250,ăăĄ,8649,ÿăąă
ăăĄ,6546,āþĀþ,8650,ăăĄā
āþĀþ,965,āÿü,8651,āþĀþā
āÿü,89,Y,8652,āÿüY
Y,187,»,8653,Y»
»,370,Ų,8654,»Ų
Ų,8210,Ĳĩ,8655,ŲĲ
Ĳĩ,184,¸,8656,Ĳĩ¸
¸,101,e,8657,¸e
e,1381,ÿāü,8658,eÿ
ÿāü,520,ÿÿÿÿÿÿÿÿÿ,8659,ÿāüÿ
ÿÿÿÿÿÿÿÿÿ,4018,Ăģ,8660,ÿÿÿÿÿÿÿÿÿĂ
Ăģ,435,Ƴ,8661,ĂģƳ
Ƴ,247,÷,8662,Ƴ÷
÷,202,Ê,8663,÷Ê
Ê,180,´,8664,Ê´
´,176,°,8665,´°
°,448,ǀ,8666,°ǀ
ǀ,312,ĸ,8667,ǀĸ
ĸ,3072,õü,8668,ĸõ
õü,1250,ùû,8669,õüù
ùû,2893,ùü,8670,ùûù
ùü,162,¢,8671,ùü¢
¢,312,ĸ,8672,¢ĸ
ĸ,293,ĥ,8673,ĸĥ
ĥ,3616,ýĀýĀ,8674,ĥý
ýĀýĀ,7050,Āÿÿþÿÿÿ,8675,ýĀýĀĀ
Āÿÿþÿÿÿ,3216,Āÿý,8676,ĀÿÿþÿÿÿĀ
Āÿý,892,Ăþ,8677,ĀÿýĂ
Ăþ,226,â,8678,Ăþâ
â,188,¼,8679,â¼
¼,355,ţ,8680,¼ţ
ţ,962,üă,8681,ţü
üă,4572,ĄĂĄ,8682,üăĄ
ĄĂĄ,4375,Ąăā,8683,ĄĂĄĄ
Ąăā,3565,āÿþā,8684,Ąăāā
āÿþā,1260,üā,8685,āÿþāü
üā,127,,8686,üā
,135,,8687,
,334,Ŏ,8688,Ŏ
Ŏ,4409,đý,8689,Ŏđ
đý,275,ē,8690,đýē
ē,276,Ĕ,8691,ēĔ
Ĕ,271,ď,8692,Ĕď
ď,265,ĉ,8693,ďĉ
ĉ,1270,ĈĀ,8694,ĉĈ
ĈĀ,8613,õó,8695,ĈĀõ
õó,1614,ìì,8696,õóì
ìì,242,ò,8697,ììò
ò,250,ú,8698,òú
ú,198,Æ,8699,úÆ
Æ,226,â,8700,Æâ
â,456,ǈ,8701,âǈ
ǈ,293,ĥ,8702,ǈĥ
ĥ,1809,òĀ,8703,ĥò
òĀ,5272,ùú,8704,òĀù
ùú,699,ýþ,8705,ùúý
ýþ,227,ã,8706,ýþã
ã,182,¶,8707,ã¶
¶,4519,ŚĄ,8708,¶Ś
ŚĄ,3856,ûĀĀý,8709,ŚĄû
ûĀĀý,788,āÿĀ,8710,ûĀĀýā
āÿĀ,938,þÿÿÿÿÿÿþ,8711,āÿĀþ
þÿÿÿÿÿÿþ,1540,ĀþÿÿĀÿ,8712,þÿÿÿÿÿÿþĀ
ĀþÿÿĀÿ,758,üĀ,8713,ĀþÿÿĀÿü
üĀ,7100,ö¦,8714,üĀö
ö¦,4487,ąĴ,8715,ö¦ą
ąĴ,3174,Õë,8716,ąĴÕ
Õë,2935,ýāĂ,8717,Õëý
ýāĂ,261,ą,8718,ýāĂą
ą,266,Ċ,8719,ąĊ
Ċ,273,đ,8720,Ċđ
đ,275,ē,8721,đē
ē,1230,ĉă,8722,ēĉ
ĉă,3138,āĀĂ,8723,ĉăā
āĀĂ,3802,ĀĀĂ,8724,āĀĂĀ
ĀĀĂ,822,ĀĀÿ,8725,ĀĀĂĀ
ĀĀÿ,847,āÿþÿ,8726,ĀĀÿā
āÿþÿ,759,ĀÿĂ,8727,āÿþÿĀ
ĀÿĂ,849,þāĀ,8728,ĀÿĂþ
þāĀ,2223,þÿÿû,8729,þāĀþ
þÿÿû,2944,üñ,8730,þÿÿûü
üñ,235,ë,8731,üñë
ë,237,í,8732,ëí
í,239,ï,8733,íï
ï,5904,óû,8734,ïó
óû,5495,āĎ,8735,óûā
āĎ,278,Ė,8736,āĎĖ
Ė,284,Ĝ,8737,ĖĜ
Ĝ,4015,ĎĄ,8738,ĜĎ
ĎĄ,8389,þþýÿ,8739,ĎĄþ
þþýÿ,1960,ÿû,8740,þþýÿÿ
ÿû,8011,ýāü,8741,ÿûý
ýāü,3704,ûą,8742,ýāüû
ûą,4656,ûÿý,8743,ûąû
ûÿý,8503,ÿþþÿÿþ,8744,ûÿýÿ
ÿþþÿÿþ,2385,ÿÿþþÿ,8745,ÿþþÿÿþÿ
ÿÿþþÿ,3206,üþû,8746,ÿÿþþÿü
üþû,546,ĀĀ,8747,üþûĀ
ĀĀ,3159,ùè,8748,ĀĀù
ùè,256,Ā,8749,ùèĀ
Ā,6968,şĄ,8750,Āş
şĄ,253,ý,8751,şĄý
ý,196,Ä,8752,ýÄ
Ä,185,¹,8753,Ä¹
¹,317,Ľ,8754,¹Ľ
Ľ,2308,ĂĀÿ,8755,ĽĂ
ĂĀÿ,3216,Āÿý,8756,ĂĀÿĀ
Āÿý,838,ĕđ,8757,Āÿýĕ
ĕđ,4410,ýþĂ,8758,ĕđý
ýþĂ,6012,üĀÿÿ,8759,ýþĂü
üĀÿÿ,7360,ÿĀþÿÿÿ,8760,üĀÿÿÿ
ÿĀþÿÿÿ,1522,ýăü,8761,ÿĀþÿÿÿý
ýăü,1763,āù,8762,ýăüā
āù,188,¼,8763,āù¼
¼,261,ą,8764,¼ą
ą,8648,ńÿ,8765,ąń
ńÿ,818,ăą,8766,ńÿă
ăą,6969,ĄăĄĂ,8767,ăąĄ
ĄăĄĂ,2546,ýĀÿÿþ,8768,ĄăĄĂý
ýĀÿÿþ,256,Ā,8769,ýĀÿÿþĀ
Ā,73,I,8770,ĀI
I,208,Ð,8771,IÐ
Ð,361,ũ,8772,Ðũ
ũ,317,Ľ,8773,ũĽ
Ľ,290,Ģ,8774,ĽĢ
Ģ,164,¤,8775,Ģ¤
¤,119,w,8776,¤w
w,709,Ăÿ,8777,wĂ
Ăÿ,2126,ûÿÿÿ,8778,Ăÿû
ûÿÿÿ,1578,ÿÿÿÿĀþ,8779,ûÿÿÿÿ
ÿÿÿÿĀþ,258,Ă,8780,ÿÿÿÿĀþĂ
Ă,278,Ė,8781,ĂĖ
Ė,442,ƺ,8782,Ėƺ
ƺ,255,ÿ,8783,ƺÿ
ÿ,207,Ï,8784,ÿÏ
Ï,179,³,8785,Ï³
³,171,«,8786,³«
«,432,ư,8787,«ư
ư,327,Ň,8788,ưŇ
Ň,8467,öü,8789,Ňö
öü,6349,÷ü,8790,öü÷
÷ü,5391,ùù,8791,÷üù
ùù,162,¢,8792,ùù¢
¢,319,Ŀ,8793,¢Ŀ
Ŀ,1999,ġþ,8794,Ŀġ
ġþ,969,þýā,8795,ġþþ
þýā,2163,ĀþĀþ,8796,þýāĀ
ĀþĀþ,2264,þĀþÿĀ,8797,ĀþĀþþ
þĀþÿĀ,1823,üĄ,8798,þĀþÿĀü
üĄ,1662,ûû,8799,üĄû
ûû,165,¥,8800,ûû¥
¥,334,Ŏ,8801,¥Ŏ
Ŏ,2103,ĐĄ,8802,ŎĐ
ĐĄ,841,ĂĂ,8803,ĐĄĂ
ĂĂ,7410,ąĄĂ,8804,ĂĂą
ąĄĂ,1768,ăĂĀ,8805,ąĄĂă
ăĂĀ,537,þÿÿÿ,8806,ăĂĀþ
þÿÿÿ,243,ó,8807,þÿÿÿó
ó,65,A,8808,óA
A,217,Ù,8809,AÙ
Ù,4944,Œā,8810,ÙŒ
Œā,927,ĄĀ,8811,ŒāĄ
ĄĀ,265,ĉ,8812,ĄĀĉ
ĉ,1696,Ċă,8813,ĉĊ
Ċă,1467,Āû,8814,ĊăĀ
Āû,244,ô,8815,Āûô
ô,7692,õû,8816,ôõ
õû,259,ă,8817,õûă
ă,220,Ü,8818,ăÜ
Ü,189,½,8819,Ü½
½,385,Ɓ,8820,½Ɓ
Ɓ,370,Ų,8821,ƁŲ
Ų,245,õ,8822,Ųõ
õ,2503,Ąù,8823,õĄ
Ąù,247,÷,8824,Ąù÷
÷,3964,ûüā,8825,÷û
ûüā,190,¾,8826,ûüā¾
¾,251,û,8827,¾û
û,318,ľ,8828,ûľ
ľ,1161,Āýþ,8829,ľĀ
Āýþ,6300,Ăüāÿ,8830,ĀýþĂ
Ăüāÿ,6812,ÿÿÿÿý,8831,Ăüāÿÿ
ÿÿÿÿý,614,ĀÿÿÿĀ,8832,ÿÿÿÿýĀ
ĀÿÿÿĀ,4466,ýÿÿÿÿ,8833,ĀÿÿÿĀý
ýÿÿÿÿ,620,āÿ,8834,ýÿÿÿÿā
āÿ,251,û,8835,āÿû
û,6903,âÁ,8836,ûâ
âÁ,804,ûù,8837,âÁû
ûù,2196,ĂĆ,8838,ûùĂ
ĂĆ,275,ē,8839,ĂĆē
ē,280,Ę,8840,ēĘ
Ę,4015,ĎĄ,8841,ĘĎ
ĎĄ,7159,ĀûĀ,8842,ĎĄĀ
ĀûĀ,4104,ąĆ,8843,ĀûĀą
ąĆ,833,ćĆ,8844,ąĆć
ćĆ,5126,āþþÿ,8845,ćĆā
āþþÿ,7605,ýÿÿþþ,8846,āþþÿý
ýÿÿþþ,2838,þþþý,8847,ýÿÿþþþ
þþþý,1080,ýāĀ,8848,þþþýý
ýāĀ,813,ýĂ,8849,ýāĀý
ýĂ,3171,Ăûā,8850,ýĂĂ
Ăûā,575,ĀĀþ,8851,ĂûāĀ
ĀĀþ,1038,øö,8852,ĀĀþø
øö,237,í,8853,øöí
í,240,ð,8854,íð
ð,230,æ,8855,ðæ
æ,1172,ïù,8856,æï
ïù,269,č,8857,ïùč
č,284,Ĝ,8858,čĜ
Ĝ,282,Ě,8859,ĜĚ
Ě,271,ď,8860,Ěď
ď,2094,ąû,8861,ďą
ąû,3036,üþÿþ,8862,ąûü
üþÿþ,3075,āÿú,8863,üþÿþā
āÿú,4818,ÿýÿ,8864,āÿúÿ
ÿýÿ,703,üÿ,8865,ÿýÿü
üÿ,7791,ýĀþÿÿÿ,8866,üÿý
ýĀþÿÿÿ,890,ÿþÿü,8867,ýĀþÿÿÿÿ
ÿþÿü,3886,þþüþ,8868,ÿþÿüþ
þþüþ,1664,üø,8869,þþüþü
üø,220,Ü,8870,üøÜ
Ü,363,ū,8871,Üū
ū,2856,ĉü,8872,ūĉ
ĉü,180,´,8873,ĉü´
´,211,Ó,8874,´Ó
Ó,315,Ļ,8875,ÓĻ
Ļ,1049,ùą,8876,Ļù
ùą,974,ÿþĀþ,8877,ùąÿ
ÿþĀþ,281,ę,8878,ÿþĀþę
ę,5512,Čý,8879,ęČ
Čý,4988,ÿĀýĀ,8880,Čýÿ
ÿĀýĀ,1542,ÿÿÿþÿÿÿ,8881,ÿĀýĀÿ
ÿÿÿþÿÿÿ,4653,ĀüĄ,8882,ÿÿÿþÿÿÿĀ
ĀüĄ,1822,ûāü,8883,ĀüĄû
ûāü,193,Á,8884,ûāüÁ
Á,248,ø,8885,Áø
ø,330,Ŋ,8886,øŊ
Ŋ,8412,ÿăą,8887,Ŋÿ
ÿăą,6969,ĄăĄĂ,8888,ÿăąĄ
ĄăĄĂ,973,þþĀÿ,8889,ĄăĄĂþ
þþĀÿ,846,ýā,8890,þþĀÿý
ýā,63,?,8891,ýā?
?,226,â,8892,?â
â,358,Ŧ,8893,âŦ
Ŧ,8673,ĸĥ,8894,Ŧĸ
ĸĥ,140,,8895,ĸĥ
,140,,8896,
,887,ÿþā,8897,ÿ
ÿþā,6662,ýÿÿÿÿÿÿ,8898,ÿþāý
ýÿÿÿÿÿÿ,528,ĀþĀ,8899,ýÿÿÿÿÿÿĀ
ĀþĀ,277,ĕ,8900,ĀþĀĕ
ĕ,438,ƶ,8901,ĕƶ
ƶ,265,ĉ,8902,ƶĉ
ĉ,205,Í,8903,ĉÍ
Í,182,¶,8904,Í¶
¶,168,¨,8905,¶¨
¨,426,ƪ,8906,¨ƪ
ƪ,332,Ō,8907,ƪŌ
Ō,5746,õý,8908,Ōõ
õý,828,øú,8909,õýø
øú,3973,üô,8910,øúü
üô,163,£,8911,üô£
£,326,ņ,8912,£ņ
ņ,7622,Ěÿ,8913,ņĚ
Ěÿ,696,Āþÿÿþ,8914,ĚÿĀ
Āþÿÿþ,636,ÿÿÿĀþÿ,8915,Āþÿÿþÿ
ÿÿÿĀþÿ,525,þĀ,8916,ÿÿÿĀþÿþ
þĀ,7973,āüā,8917,þĀā
āüā,191,¿,8918,āüā¿
¿,257,ā,8919,¿ā
ā,8411,Łÿ,8920,āŁ
Łÿ,8804,ĂĂą,8921,ŁÿĂ
ĂĂą,6052,ăăā,8922,ĂĂąă
ăăā,820,ăĂ,8923,ăăāă
ăĂ,3441,üāü,8924,ăĂü
üāü,620,āÿ,8925,üāüā
āÿ,207,Ï,8926,āÿÏ
Ï,69,E,8927,ÏE
E,264,Ĉ,8928,EĈ
Ĉ,329,ŉ,8929,Ĉŉ
ŉ,1161,Āýþ,8930,ŉĀ
Āýþ,1482,Ąÿ,8931,ĀýþĄ
Ąÿ,3977,ûÿĀ,8932,Ąÿû
ûÿĀ,2686,ýĄ,8933,ûÿĀý
ýĄ,232,è,8934,ýĄè
è,179,³,8935,è³
³,329,ŉ,8936,³ŉ
ŉ,6672,ƫú,8937,ŉƫ
ƫú,1232,üü,8938,ƫúü
üü,1310,øĀ,8939,üüø
øĀ,8433,÷üú,8940,øĀ÷
÷üú,165,¥,8941,÷üú¥
¥,320,ŀ,8942,¥ŀ
ŀ,279,ė,8943,ŀė
ė,526,Āþ,8944,ėĀ
Āþ,7281,āþþā,8945,Āþā
āþþā,6445,þÿÿÿÿþĀ,8946,āþþāþ
þÿÿÿÿþĀ,2313,þÿĀþÿÿ,8947,þÿÿÿÿþĀþ
þÿĀþÿÿ,797,þÿÿþÿ,8948,þÿĀþÿÿþ
þÿÿþÿ,1346,āû,8949,þÿÿþÿā
āû,206,Î,8950,āûÎ
Î,202,Ê,8951,ÎÊ
Ê,276,Ĕ,8952,ÊĔ
Ĕ,284,Ĝ,8953,ĔĜ
Ĝ,274,Ē,8954,ĜĒ
Ē,3109,ĆĂý,8955,ĒĆ
ĆĂý,1823,üĄ,8956,ĆĂýü
üĄ,271,ď,8957,üĄď
ď,266,Ċ,8958,ďĊ
Ċ,1725,ćĀ,8959,Ċć
ćĀ,5893,ýþü,8960,ćĀý
ýþü,3998,ýþþ,8961,ýþüý
ýþþ,4730,ÿþÿþý,8962,ýþþÿ
ÿþÿþý,2532,üüý,8963,ÿþÿþýü
üüý,2445,ÿüĀ,8964,üüýÿ
ÿüĀ,4314,Ąāă,8965,ÿüĀĄ
Ąāă,6926,þûĀ,8966,Ąāăþ
þûĀ,682,ĀÿþĀ,8967,þûĀĀ
ĀÿþĀ,6119,āýû,8968,ĀÿþĀā
āýû,976,ýö,8969,āýûý
ýö,235,ë,8970,ýöë
ë,226,â,8971,ëâ
â,229,å,8972,âå
å,249,ù,8973,åù
ù,274,Ē,8974,ùĒ
Ē,280,Ę,8975,ĒĘ
Ę,7407,ģą,8976,Ęģ
ģą,1652,Āü,8977,ģąĀ
Āü,8962,ýþþÿ,8978,Āüý
ýþþÿ,2692,ÿþþþ,8979,ýþþÿÿ
ÿþþþ,3204,þýþ,8980,ÿþþþþ
þýþ,3884,ÿĀÿý,8981,þýþÿ
ÿĀÿý,6973,ĀĀþü,8982,ÿĀÿýĀ
ĀĀþü,1413,ýÿû,8983,ĀĀþüý
ýÿû,1380,þüÿ,8984,ýÿûþ
þüÿ,212,Ô,8985,þüÿÔ
Ô,345,ř,8986,Ôř
ř,283,ě,8987,řě
ě,252,ü,8988,ěü
ü,160, ,8989,ü 
 ,241,ñ,8990, ñ
ñ,307,ĳ,8991,ñĳ
ĳ,5209,ûĄü,8992,ĳû
ûĄü,552,ÿĀÿ,8993,ûĄüÿ
ÿĀÿ,283,ě,8994,ÿĀÿě
ě,6112,Ĉü,8995,ěĈ
Ĉü,847,āÿþÿ,8996,Ĉüā
āÿþÿ,519,ÿÿÿÿÿÿÿÿ,8997,āÿþÿÿ
ÿÿÿÿÿÿÿÿ,845,ýĂý,8998,ÿÿÿÿÿÿÿÿý
ýĂý,529,Āÿ,8999,ýĂýĀ
Āÿ,198,Æ,9000,ĀÿÆ
Æ,234,ê,9001,Æê
ê,336,Ő,9002,êŐ
Ő,4038,ÿĄ,9003,Őÿ
ÿĄ,8413,ąăĄĄ,9004,ÿĄą
ąăĄĄ,7931,Ăþÿþÿ,9005,ąăĄĄĂ
Ăþÿþÿ,653,Āý,9006,ĂþÿþÿĀ
Āý,58,:,9007,Āý:
:,235,ë,9008,:ë
ë,360,Ũ,9009,ëŨ
Ũ,310,Ķ,9010,ŨĶ
Ķ,286,Ğ,9011,ĶĞ
Ğ,143,,9012,Ğ
,146,,9013,
,3929,úÿÿ,9014,ú
úÿÿ,7360,ÿĀþÿÿÿ,9015,úÿÿÿ
ÿĀþÿÿÿ,3909,ÿÿāþ,9016,ÿĀþÿÿÿÿ
ÿÿāþ,276,Ĕ,9017,ÿÿāþĔ
Ĕ,437,Ƶ,9018,ĔƵ
Ƶ,270,Ď,9019,ƵĎ
Ď,202,Ê,9020,ĎÊ
Ê,184,¸,9021,Ê¸
¸,166,¦,9022,¸¦
¦,429,ƭ,9023,¦ƭ
ƭ,328,ň,9024,ƭň
ň,5746,õý,9025,ňõ
õý,1250,ùû,9026,õýù
ùû,253,ý,9027,ùûý
ý,236,ì,9028,ýì
ì,169,©,9029,ì©
©,331,ŋ,9030,©ŋ
ŋ,277,ĕ,9031,ŋĕ
ĕ,691,þĀþ,9032,ĕþ
þĀþ,5126,āþþÿ,9033,þĀþā
āþþÿ,3408,ÿÿþÿÿĀ,9034,āþþÿÿ
ÿÿþÿÿĀ,8945,Āþā,9035,ÿÿþÿÿĀĀ
Āþā,4871,ûè,9036,Āþāû
ûè,184,¸,9037,ûè¸
¸,4246,şă,9038,¸ş
şă,989,āĂ,9039,şăā
āĂ,6284,ąĂă,9040,āĂą
ąĂă,5581,Ăăā,9041,ąĂăĂ
Ăăā,8711,āÿĀþ,9042,Ăăāā
āÿĀþ,523,þÿ,9043,āÿĀþþ
þÿ,182,¶,9044,þÿ¶
¶,86,V,9045,¶V
V,268,Č,9046,VČ
Č,324,ń,9047,Čń
ń,268,Č,9048,ńČ
Č,2504,ùāú,9049,Čù
ùāú,3031,ćý,9050,ùāúć
ćý,1349,ÿą,9051,ćýÿ
ÿą,217,Ù,9052,ÿąÙ
Ù,190,¾,9053,Ù¾
¾,313,Ĺ,9054,¾Ĺ
Ĺ,429,ƭ,9055,Ĺƭ
ƭ,6795,Čû,9056,ƭČ
Čû,3749,ûø,9057,Čûû
ûø,703,üÿ,9058,ûøü
üÿ,1345,ùā,9059,üÿù
ùā,218,Ú,9060,ùāÚ
Ú,195,Ã,9061,ÚÃ
Ã,338,Œ,9062,ÃŒ
Œ,4178,Ąýý,9063,ŒĄ
Ąýý,6693,ąö,9064,Ąýýą
ąö,2815,Ąÿÿ,9065,ąöĄ
Ąÿÿ,4575,ÿþÿÿÿÿÿĀ,9066,Ąÿÿÿ
ÿþÿÿÿÿÿĀ,737,þÿÿÿÿĀ,9067,ÿþÿÿÿÿÿĀþ
þÿÿÿÿĀ,633,þþÿ,9068,þÿÿÿÿĀþ
þþÿ,249,ù,9069,þþÿù
ù,200,È,9070,ùÈ
È,234,ê,9071,Èê
ê,8737,ĖĜ,9072,êĖ
ĖĜ,2556,Ăÿý,9073,ĖĜĂ
Ăÿý,253,ý,9074,Ăÿýý
ý,5595,ĉď,9075,ýĉ
ĉď,269,č,9076,ĉďč
č,1521,ăý,9077,čă
ăý,2838,þþþý,9078,ăýþ
þþþý,2326,þýýÿ,9079,þþþýþ
þýýÿ,4730,ÿþÿþý,9080,þýýÿÿ
ÿþÿþý,1944,ûûý,9081,ÿþÿþýû
ûûý,2635,üüûÿ,9082,ûûýü
üüûÿ,4687,Ăą,9083,üüûÿĂ
Ăą,1115,ąą,9084,Ăąą
ąą,676,þþÿĀ,9085,ąąþ
þþÿĀ,1968,ýýĂ,9086,þþÿĀý
ýýĂ,3218,Ăú,9087,ýýĂĂ
Ăú,522,ÿÿþ,9088,Ăúÿ
ÿÿþ,248,ø,9089,ÿÿþø
ø,236,ì,9090,øì
ì,223,ß,9091,ìß
ß,231,ç,9092,ßç
ç,250,ú,9093,çú
ú,293,ĥ,9094,úĥ
ĥ,290,Ģ,9095,ĥĢ
Ģ,2454,ąý,9096,Ģą
ąý,534,þÿÿ,9097,ąýþ
þÿÿ,8866,üÿý,9098,þÿÿü
üÿý,2838,þþþý,9099,üÿýþ
þþþý,8589,ÿÿĀýĀ,9100,þþþýÿ
ÿÿĀýĀ,1336,Āþý,9101,ÿÿĀýĀĀ
Āþý,2533,ýýû,9102,Āþýý
ýýû,526,Āþ,9103,ýýûĀ
Āþ,251,û,9104,Āþû
û,221,Ý,9105,ûÝ
Ý,308,Ĵ,9106,ÝĴ
Ĵ,310,Ķ,9107,ĴĶ
Ķ,247,÷,9108,Ķ÷
÷,151,,9109,÷
,269,č,9110,č
č,295,ħ,9111,čħ
ħ,3486,þĀýĀ,9112,ħþ
þĀýĀ,538,ÿĀ,9113,þĀýĀÿ
ÿĀ,284,Ĝ,9114,ÿĀĜ
Ĝ,1198,Ąþ,9115,ĜĄ
Ąþ,1969,ĂûĀ,9116,ĄþĂ
ĂûĀ,673,Āÿÿÿÿÿÿÿÿ,9117,ĂûĀĀ
Āÿÿÿÿÿÿÿÿ,650,þÿÿÿĀ,9118,Āÿÿÿÿÿÿÿÿþ
þÿÿÿĀ,205,Í,9119,þÿÿÿĀÍ
Í,221,Ý,9120,ÍÝ
Ý,341,ŕ,9121,Ýŕ
ŕ,5840,Āăą,9122,ŕĀ
Āăą,1240,ăĄ,9123,Āăąă
ăĄ,5073,ąāÿ,9124,ăĄą
ąāÿ,1512,þþāÿ,9125,ąāÿþ
þþāÿ,253,ý,9126,þþāÿý
ý,65,A,9127,ýA
A,224,à,9128,Aà
à,357,ť,9129,àť
ť,314,ĺ,9130,ťĺ
ĺ,289,ġ,9131,ĺġ
ġ,152,,9132,ġ
,133,,9133,
,1272,þÿā,9134,þ
þÿā,8867,ýĀþÿÿÿÿ,9135,þÿāý
ýĀþÿÿÿÿ,539,Āÿÿ,9136,ýĀþÿÿÿÿĀ
Āÿÿ,285,ĝ,9137,Āÿÿĝ
ĝ,434,Ʋ,9138,ĝƲ
Ʋ,261,ą,9139,Ʋą
ą,203,Ë,9140,ąË
Ë,181,µ,9141,Ëµ
µ,170,ª,9142,µª
ª,440,Ƹ,9143,ªƸ
Ƹ,317,Ľ,9144,ƸĽ
Ľ,8825,÷û,9145,Ľ÷
÷û,6093,ùúþ,9146,÷ûù
ùúþ,228,ä,9147,ùúþä
ä,182,¶,9148,ä¶
¶,333,ō,9149,¶ō
ō,1782,Ďÿ,9150,ōĎ
Ďÿ,7072,Āþÿþÿ,9151,ĎÿĀ
Āþÿþÿ,562,ÿÿÿÿÿþÿ,9152,Āþÿþÿÿ
ÿÿÿÿÿþÿ,2802,āüă,9153,ÿÿÿÿÿþÿā
āüă,702,ýü,9154,āüăý
ýü,176,°,9155,ýü°
°,302,Į,9156,°Į
Į,295,ħ,9157,Įħ
ħ,1178,ĀĂ,9158,ħĀ
ĀĂ,3269,ăă,9159,ĀĂă
ăă,820,ăĂ,9160,ăăă
ăĂ,8378,ĂĂĂĀ,9161,ăĂĂ
ĂĂĂĀ,3410,ÿþĀþÿ,9162,ĂĂĂĀÿ
ÿþĀþÿ,190,¾,9163,ÿþĀþÿ¾
¾,102,f,9164,¾f
f,227,ã,9165,fã
ã,311,ķ,9166,ãķ
ķ,290,Ģ,9167,ķĢ
Ģ,2187,ĀČ,9168,ĢĀ
ĀČ,244,ô,9169,ĀČô
ô,6162,ÿô,9170,ôÿ
ÿô,200,È,9171,ÿôÈ
È,224,à,9172,Èà
à,336,Ő,9173,àŐ
Ő,405,ƕ,9174,Őƕ
ƕ,270,Ď,9175,ƕĎ
Ď,1751,øþüý,9176,Ďø
øþüý,254,þ,9177,øþüýþ
þ,8467,öü,9178,þö
öü,254,þ,9179,öüþ
þ,180,´,9180,þ´
´,273,đ,9181,´đ
đ,308,Ĵ,9182,đĴ
Ĵ,1161,Āýþ,9183,ĴĀ
Āýþ,1848,āú,9184,Āýþā
āú,7749,ăþÿ,9185,āúă
ăþÿ,1640,ÿÿÿÿÿþÿÿÿ,9186,ăþÿÿ
ÿÿÿÿÿþÿÿÿ,1019,ÿÿĀĀÿ,9187,ÿÿÿÿÿþÿÿÿÿ
ÿÿĀĀÿ,1199,þü,9188,ÿÿĀĀÿþ
þü,236,ì,9189,þüì
ì,189,½,9190,ì½
½,1455,āī,9191,½ā
āī,3518,čÿ,9192,āīč
čÿ,525,þĀ,9193,čÿþ
þĀ,7272,ĈĒ,9194,þĀĈ
ĈĒ,9077,čă,9195,ĈĒč
čă,1385,úý,9196,čăú
úý,1346,āû,9197,úýā
āû,3356,ýüýý,9198,āûý
ýüýý,7830,ÿþÿýþ,9199,ýüýýÿ
ÿþÿýþ,1248,ýýý,9200,ÿþÿýþý
ýýý,1945,ýúý,9201,ýýýý
ýúý,846,ýā,9202,ýúýý
ýā,1944,ûûý,9203,ýāû
ûûý,3641,ýĆ,9204,ûûýý
ýĆ,270,Ď,9205,ýĆĎ
Ď,4222,ąĀÿ,9206,Ďą
ąĀÿ,1346,āû,9207,ąĀÿā
āû,3073,üþă,9208,āûü
üþă,2242,üĂþ,9209,üþăü
üĂþ,1296,ýýÿ,9210,üĂþý
ýýÿ,744,ýú,9211,ýýÿý
ýú,214,Ö,9212,ýúÖ
Ö,7416,ÙĆ,9213,ÖÙ
ÙĆ,305,ı,9214,ÙĆı
ı,8190,Ėý,9215,ıĖ
Ėý,2905,þÿýþ,9216,Ėýþ
þÿýþ,3998,ýþþ,9217,þÿýþý
ýþþ,1296,ýýÿ,9218,ýþþý
ýýÿ,7376,ÿÿþĀĀ,9219,ýýÿÿ
ÿÿþĀĀ,3204,þýþ,9220,ÿÿþĀĀþ
þýþ,1851,üþý,9221,þýþü
üþý,1591,þû,9222,üþýþ
þû,233,é,9223,þûé
é,268,Č,9224,éČ
Č,336,Ő,9225,ČŐ
Ő,241,ñ,9226,Őñ
ñ,151,,9227,ñ
,290,Ģ,9228,Ģ
Ģ,6633,ęÿ,9229,Ģę
ęÿ,2486,ÿÿĀý,9230,ęÿÿ
ÿÿĀý,259,ă,9231,ÿÿĀýă
ă,282,Ě,9232,ăĚ
Ě,1974,ăĀā,9233,Ěă
ăĀā,5634,ûāþ,9234,ăĀāû
ûāþ,6584,ÿÿÿÿÿĀþþ,9235,ûāþÿ
ÿÿÿÿÿĀþþ,664,ÿÿĀĀ,9236,ÿÿÿÿÿĀþþÿ
ÿÿĀĀ,256,Ā,9237,ÿÿĀĀĀ
Ā,209,Ñ,9238,ĀÑ
Ñ,211,Ó,9239,ÑÓ
Ó,346,Ś,9240,ÓŚ
Ś,1178,ĀĂ,9241,ŚĀ
ĀĂ,6193,ĆăĄ,9242,ĀĂĆ
ĆăĄ,5073,ąāÿ,9243,ĆăĄą
ąāÿ,1400,ýāÿ,9244,ąāÿý
ýāÿ,523,þÿ,9245,ýāÿþ
þÿ,77,M,9246,þÿM
M,204,Ì,9247,MÌ
Ì,358,Ŧ,9248,ÌŦ
Ŧ,315,Ļ,9249,ŦĻ
Ļ,295,ħ,9250,Ļħ
ħ,172,¬,9251,ħ¬
¬,112,p,9252,¬p
p,8556,Āýÿÿÿ,9253,pĀ
Āýÿÿÿ,1639,ÿÿÿÿÿĀÿ,9254,Āýÿÿÿÿ
ÿÿÿÿÿĀÿ,256,Ā,9255,ÿÿÿÿÿĀÿĀ
Ā,299,ī,9256,Āī
ī,429,ƭ,9257,īƭ
ƭ,245,õ,9258,ƭõ
õ,206,Î,9259,õÎ
Î,175,¯,9260,Î¯
¯,179,³,9261,¯³
³,449,ǁ,9262,³ǁ
ǁ,308,Ĵ,9263,ǁĴ
Ĵ,7802,øøü,9264,Ĵø
øøü,1462,øþ,9265,øøüø
øþ,222,Þ,9266,øþÞ
Þ,192,À,9267,ÞÀ
À,335,ŏ,9268,Àŏ
ŏ,265,ĉ,9269,ŏĉ
ĉ,5639,ýĀþĂ,9270,ĉý
ýĀþĂ,2569,ýĀþÿ,9271,ýĀþĂý
ýĀþÿ,1449,þĀÿÿÿÿ,9272,ýĀþÿþ
þĀÿÿÿÿ,723,þĀĀ,9273,þĀÿÿÿÿþ
þĀĀ,256,Ā,9274,þĀĀĀ
Ā,3501,Ìâ,9275,ĀÌ
Ìâ,340,Ŕ,9276,ÌâŔ
Ŕ,795,þā,9277,Ŕþ
þā,4172,ăăĂ,9278,þāă
ăăĂ,4377,ĂĂĂ,9279,ăăĂĂ
ĂĂĂ,876,ăÿ,9280,ĂĂĂă
ăÿ,7281,āþþā,9281,ăÿā
āþþā,542,ÿý,9282,āþþāÿ
ÿý,225,á,9283,ÿýá
á,130,,9284,á
,165,¥,9285,¥
¥,255,ÿ,9286,¥ÿ
ÿ,274,Ē,9287,ÿĒ
Ē,4082,ċý,9288,Ēċ
ċý,1294,íñ,9289,ċýí
íñ,285,ĝ,9290,íñĝ
ĝ,365,ŭ,9291,ĝŭ
ŭ,364,Ŭ,9292,ŭŬ
Ŭ,2940,ÿú,9293,Ŭÿ
ÿú,1753,üûü,9294,ÿúü
üûü,2221,ùý,9295,üûüù
ùý,1385,úý,9296,ùýú
úý,5622,ô¨,9297,úýô
ô¨,7519,ŏď,9298,ô¨ŏ
ŏď,3906,øĄþ,9299,ŏďø
øĄþ,2003,üĄü,9300,øĄþü
üĄü,547,Āþÿÿÿ,9301,üĄüĀ
Āþÿÿÿ,686,þÿÿÿĀÿþ,9302,Āþÿÿÿþ
þÿÿÿĀÿþ,606,ĀÿĀÿ,9303,þÿÿÿĀÿþĀ
ĀÿĀÿ,252,ü,9304,ĀÿĀÿü
ü,224,à,9305,üà
à,194,Â,9306,àÂ
Â,277,ĕ,9307,Âĕ
ĕ,299,ī,9308,ĕī
ī,5573,þüă,9309,īþ
þüă,265,ĉ,9310,þüăĉ
ĉ,280,Ę,9311,ĉĘ
Ę,5249,Ĉă,9312,ĘĈ
Ĉă,1681,üú,9313,Ĉăü
üú,1083,ÿþû,9314,üúÿ
ÿþû,6810,ÿüü,9315,ÿþûÿ
ÿüü,1072,ýÿþ,9316,ÿüüý
ýÿþ,4214,Āÿýþ,9317,ýÿþĀ
Āÿýþ,1557,üýû,9318,Āÿýþü
üýû,2025,þûþ,9319,üýûþ
þûþ,1076,ûĀ,9320,þûþû
ûĀ,1385,úý,9321,ûĀú
úý,3792,Āüă,9322,úýĀ
Āüă,1695,čĊ,9323,Āüăč
čĊ,5125,ÿÿÿā,9324,čĊÿ
ÿÿÿā,1567,āü,9325,ÿÿÿāā
āü,2909,úāý,9326,āüú
úāý,5638,þþāý,9327,úāýþ
þþāý,4818,ÿýÿ,9328,þþāýÿ
ÿýÿ,239,ï,9329,ÿýÿï
ï,1896,Ëï,9330,ïË
Ëï,2599,įĞ,9331,Ëïį
įĞ,4865,ûĀý,9332,įĞû
ûĀý,7820,þýþþ,9333,ûĀýþ
þýþþ,1380,þüÿ,9334,þýþþþ
þüÿ,1832,ĀýÿĀ,9335,þüÿĀ
ĀýÿĀ,2062,ĀĀý,9336,ĀýÿĀĀ
ĀĀý,3314,üÿü,9337,ĀĀýü
üÿü,2110,üĀü,9338,üÿüü
üĀü,236,ì,9339,üĀüì
ì,249,ù,9340,ìù
ù,347,ś,9341,ùś
ś,235,ë,9342,śë
ë,149,,9343,ë
,309,ĵ,9344,ĵ
ĵ,3806,Đÿ,9345,ĵĐ
Đÿ,2411,ýāÿü,9346,Đÿý
ýāÿü,6588,ċė,9347,ýāÿüċ
ċė,3827,ĀþĀýĀ,9348,ċėĀ
ĀþĀýĀ,8997,āÿþÿÿ,9349,ĀþĀýĀā
āÿþÿÿ,3523,ÿþĀý,9350,āÿþÿÿÿ
ÿþĀý,860,Ăû,9351,ÿþĀýĂ
Ăû,1177,ĂþĀ,9352,ĂûĂ
ĂþĀ,224,à,9353,ĂþĀà
à,190,¾,9354,à¾
¾,348,Ŝ,9355,¾Ŝ
Ŝ,1725,ćĀ,9356,Ŝć
ćĀ,840,ćĂ,9357,ćĀć
ćĂ,5251,ĄĄ,9358,ćĂĄ
ĄĄ,5668,ĄýĀ,9359,ĄĄĄ
ĄýĀ,660,ÿÿÿþ,9360,ĄýĀÿ
ÿÿÿþ,94,^,9361,ÿÿÿþ^
^,178,²,9362,^²
²,360,Ũ,9363,²Ũ
Ũ,317,Ľ,9364,ŨĽ
Ľ,292,Ĥ,9365,ĽĤ
Ĥ,207,Ï,9366,ĤÏ
Ï,86,V,9367,ÏV
V,8154,ÿýÿÿ,9368,Vÿ
ÿýÿÿ,1726,ĀþĂ,9369,ÿýÿÿĀ
ĀþĂ,1594,üăû,9370,ĀþĂü
üăû,3498,ÿÿĂ,9371,üăûÿ
ÿÿĂ,323,Ń,9372,ÿÿĂŃ
Ń,413,Ɲ,9373,ŃƝ
Ɲ,232,è,9374,Ɲè
è,204,Ì,9375,èÌ
Ì,168,¨,9376,Ì¨
¨,198,Æ,9377,¨Æ
Æ,8547,ǌĤ,9378,Æǌ
ǌĤ,3724,ôý,9379,ǌĤô
ôý,1859,ú÷,9380,ôýú
ú÷,3978,ĀÎ,9381,ú÷Ā
ĀÎ,218,Ú,9382,ĀÎÚ
Ú,328,ň,9383,Úň
ň,1673,ăÿÿĀ,9384,ňă
ăÿÿĀ,9254,Āýÿÿÿÿ,9385,ăÿÿĀĀ
Āýÿÿÿÿ,535,ÿÿÿÿĀÿ,9386,Āýÿÿÿÿÿ
ÿÿÿÿĀÿ,4410,ýþĂ,9387,ÿÿÿÿĀÿý
ýþĂ,246,ö,9388,ýþĂö
ö,168,¨,9389,ö¨
¨,333,ō,9390,¨ō
ō,2717,ĔĂ,9391,ōĔ
ĔĂ,7669,ĂăĀ,9392,ĔĂĂ
ĂăĀ,4375,Ąăā,9393,ĂăĀĄ
Ąăā,8256,ăāāÿ,9394,Ąăāă
ăāāÿ,2207,ÿÿĀÿþÿ,9395,ăāāÿÿ
ÿÿĀÿþÿ,209,Ñ,9396,ÿÿĀÿþÿÑ
Ñ,178,²,9397,Ñ²
²,200,È,9398,²È
È,226,â,9399,Èâ
â,264,Ĉ,9400,âĈ
Ĉ,289,ġ,9401,Ĉġ
ġ,327,Ň,9402,ġŇ
Ň,327,Ň,9403,ŇŇ
Ň,276,Ĕ,9404,ŇĔ
Ĕ,4449,÷Ā,9405,Ĕ÷
÷Ā,3249,þýû,9406,÷Āþ
þýû,8550,ûûú,9407,þýûû
ûûú,1652,Āü,9408,ûûúĀ
Āü,190,¾,9409,Āü¾
¾,244,ô,9410,¾ô
ô,323,Ń,9411,ôŃ
Ń,3083,ÿþÿÿÿÿÿÿ,9412,Ńÿ
ÿþÿÿÿÿÿÿ,601,ÿÿÿÿÿÿÿÿþ,9413,ÿþÿÿÿÿÿÿÿ
ÿÿÿÿÿÿÿÿþ,1152,Āā,9414,ÿÿÿÿÿÿÿÿþĀ
Āā,2690,úĂ,9415,Āāú
úĂ,526,Āþ,9416,úĂĀ
Āþ,222,Þ,9417,ĀþÞ
Þ,190,¾,9418,Þ¾
¾,285,ĝ,9419,¾ĝ
ĝ,289,ġ,9420,ĝġ
ġ,860,Ăû,9421,ġĂ
Ăû,1227,ĒĖ,9422,ĂûĒ
ĒĖ,6004,Ďþ,9423,ĒĖĎ
Ďþ,6869,þûý,9424,Ďþþ
þûý,6704,ýÿü,9425,þûýý
ýÿü,1754,üýýþ,9426,ýÿüü
üýýþ,797,þÿÿþÿ,9427,üýýþþ
þÿÿþÿ,1288,ùÿ,9428,þÿÿþÿù
ùÿ,3206,üþû,9429,ùÿü
üþû,1254,ýûý,9430,üþûý
ýûý,702,ýü,9431,ýûýý
ýü,3519,ÿăû,9432,ýüÿ
ÿăû,5299,ûċ,9433,ÿăûû
ûċ,2307,ďĂ,9434,ûċď
ďĂ,1978,ĀÿÿÿÿÿĀ,9435,ďĂĀ
ĀÿÿÿÿÿĀ,9218,ýþþý,9436,ĀÿÿÿÿÿĀý
ýþþý,7720,þÿýÿ,9437,ýþþýþ
þÿýÿ,1238,üþĀ,9438,þÿýÿü
üþĀ,212,Ô,9439,üþĀÔ
Ô,222,Þ,9440,ÔÞ
Þ,315,Ļ,9441,ÞĻ
Ļ,5714,ċþ,9442,Ļċ
ċþ,1380,þüÿ,9443,ċþþ
þüÿ,3355,ýþý,9444,þüÿý
ýþý,5086,ÿüĀÿ,9445,ýþýÿ
ÿüĀÿ,3246,þĀÿþÿþ,9446,ÿüĀÿþ
þĀÿþÿþ,1473,üüÿ,9447,þĀÿþÿþü
üüÿ,1292,üý,9448,üüÿü
üý,249,ù,9449,üýù
ù,221,Ý,9450,ùÝ
Ý,356,Ť,9451,ÝŤ
Ť,234,ê,9452,Ťê
ê,157,,9453,ê
,313,Ĺ,9454,Ĺ
Ĺ,268,Č,9455,ĹČ
Č,602,þþĀ,9456,Čþ
þþĀ,653,Āý,9457,þþĀĀ
Āý,267,ċ,9458,Āýċ
ċ,1830,ĕā,9459,ċĕ
ĕā,9113,þĀýĀÿ,9460,ĕāþ
þĀýĀÿ,4190,ÿÿÿÿĀÿþ,9461,þĀýĀÿÿ
ÿÿÿÿĀÿþ,6388,þĂû,9462,ÿÿÿÿĀÿþþ
þĂû,3564,āþā,9463,þĂûā
āþā,231,ç,9464,āþāç
ç,184,¸,9465,ç¸
¸,342,Ŗ,9466,¸Ŗ
Ŗ,2705,Čÿ,9467,ŖČ
Čÿ,8076,ĆăĄĄ,9468,ČÿĆ
ĆăĄĄ,3135,ĄĀü,9469,ĆăĄĄĄ
ĄĀü,7772,āĀþÿ,9470,ĄĀüā
āĀþÿ,118,v,9471,āĀþÿv
v,148,,9472,v
,353,š,9473,š
š,316,ļ,9474,šļ
ļ,303,į,9475,ļį
į,237,í,9476,įí
í,73,I,9477,íI
I,238,î,9478,Iî
î,8306,Ăüÿÿ,9479,îĂ
Ăüÿÿ,1538,āýĀ,9480,Ăüÿÿā
āýĀ,7381,þÿāþÿ,9481,āýĀþ
þÿāþÿ,373,ŵ,9482,þÿāþÿŵ
ŵ,361,ũ,9483,ŵũ
ũ,228,ä,9484,ũä
ä,3987,Ç«,9485,äÇ
Ç«,219,Û,9486,Ç«Û
Û,468,ǔ,9487,Ûǔ
ǔ,9049,Čù,9488,ǔČ
Čù,1202,úû,9489,Čùú
úû,949,úĀ,9490,úûú
úĀ,190,¾,9491,úĀ¾
¾,242,ò,9492,¾ò
ò,321,Ł,9493,òŁ
Ł,1507,āÿÿÿĀ,9494,Łā
āÿÿÿĀ,7157,þÿþÿÿĀÿ,9495,āÿÿÿĀþ
þÿþÿÿĀÿ,7182,ÿþÿĂ,9496,þÿþÿÿĀÿÿ
ÿþÿĂ,4816,ûĀĀÿ,9497,ÿþÿĂû
ûĀĀÿ,199,Ç,9498,ûĀĀÿÇ
Ç,239,ï,9499,Çï
ï,336,Ő,9500,ïŐ
Ő,5223,øĆ,9501,Őø
øĆ,2590,ĀĆ,9502,øĆĀ
ĀĆ,3573,Āą,9503,ĀĆĀ
Āą,4045,ÿĂ,9504,Āąÿ
ÿĂ,2950,āĂĀÿ,9505,ÿĂā
āĂĀÿ,2310,ÿāþ,9506,āĂĀÿÿ
ÿāþ,966,üĂĀÿ,9507,ÿāþü
üĂĀÿ,5612,ÿÿÿÿü,9508,üĂĀÿÿ
ÿÿÿÿü,6458,ăúý,9509,ÿÿÿÿüă
ăúý,827,þø,9510,ăúýþ
þø,4384,Āö,9511,þøĀ
Āö,1048,Āù,9512,ĀöĀ
Āù,257,ā,9513,Āùā
ā,9170,ôÿ,9514,āô
ôÿ,162,¢,9515,ôÿ¢
¢,328,ň,9516,¢ň
ň,273,đ,9517,ňđ
đ,1797,ÿÿÿÿÿÿÿÿþÿ,9518,đÿ
ÿÿÿÿÿÿÿÿþÿ,517,ÿÿÿÿÿÿ,9519,ÿÿÿÿÿÿÿÿþÿÿ
ÿÿÿÿÿÿ,2807,üć,9520,ÿÿÿÿÿÿü
üć,246,ö,9521,üćö
ö,265,ĉ,9522,öĉ
ĉ,5154,÷ă,9523,ĉ÷
÷ă,6521,æ¸,9524,÷ăæ
æ¸,272,Đ,9525,æ¸Đ
Đ,300,Ĭ,9526,ĐĬ
Ĭ,1672,þă,9527,Ĭþ
þă,6640,Ğď,9528,þăĞ
Ğď,6159,Ąüÿ,9529,ĞďĄ
Ąüÿ,4731,ýüýþ,9530,Ąüÿý
ýüýþ,2532,üüý,9531,ýüýþü
üüý,9272,ýĀþÿþ,9532,üüýý
ýĀþÿþ,5890,ýýþý,9533,ýĀþÿþý
ýýþý,5825,üúý,9534,ýýþýü
üúý,2547,þþú,9535,üúýþ
þþú,3009,ýüĂÿ,9536,þþúý
ýüĂÿ,4240,ùă,9537,ýüĂÿù
ùă,1417,ċĉ,9538,ùăċ
ċĉ,4520,ĄĀÿ,9539,ċĉĄ
ĄĀÿ,518,ÿÿÿÿÿÿÿ,9540,ĄĀÿÿ
ÿÿÿÿÿÿÿ,3015,ýÿþý,9541,ÿÿÿÿÿÿÿý
ýÿþý,794,þþÿþ,9542,ýÿþýþ
þþÿþ,5049,ûÿă,9543,þþÿþû
ûÿă,236,ì,9544,ûÿăì
ì,6978,Ĉÿ,9545,ìĈ
Ĉÿ,1866,Ăü,9546,ĈÿĂ
Ăü,8848,þþþýý,9547,Ăüþ
þþþýý,912,ÿþþÿ,9548,þþþýýÿ
ÿþþÿ,1982,þĀþÿÿÿ,9549,ÿþþÿþ
þĀþÿÿÿ,2828,üüþ,9550,þĀþÿÿÿü
üüþ,1560,ýýú,9551,üüþý
ýýú,215,×,9552,ýýú×
×,351,ş,9553,×ş
ş,231,ç,9554,şç
ç,170,ª,9555,çª
ª,315,Ļ,9556,ªĻ
Ļ,2024,ĉþ,9557,Ļĉ
ĉþ,2163,ĀþĀþ,9558,ĉþĀ
ĀþĀþ,9459,ċĕ,9559,ĀþĀþċ
ċĕ,716,ÿÿÿþÿ,9560,ċĕÿ
ÿÿÿþÿ,847,āÿþÿ,9561,ÿÿÿþÿā
āÿþÿ,9068,þÿÿÿÿĀþ,9562,āÿþÿþ
þÿÿÿÿĀþ,545,ÿÿĀ,9563,þÿÿÿÿĀþÿ
ÿÿĀ,243,ó,9564,ÿÿĀó
ó,174,®,9565,ó®
®,330,Ŋ,9566,®Ŋ
Ŋ,1878,ėÿ,9567,Ŋė
ėÿ,7000,ĄąĄ,9568,ėÿĄ
ĄąĄ,5725,ąăĀ,9569,ĄąĄą
ąăĀ,6880,ýĀÿÿÿ,9570,ąăĀý
ýĀÿÿÿ,153,,9571,ýĀÿÿÿ
,106,j,9572,j
j,351,ş,9573,jş
ş,308,Ĵ,9574,şĴ
Ĵ,311,ķ,9575,Ĵķ
ķ,272,Đ,9576,ķĐ
Đ,84,T,9577,ĐT
T,203,Ë,9578,TË
Ë,9088,Ăúÿ,9579,ËĂ
Ăúÿ,3498,ÿÿĂ,9580,Ăúÿÿ
ÿÿĂ,1411,üÿă,9581,ÿÿĂü
üÿă,352,Š,9582,üÿăŠ
Š,9269,ŏĉ,9583,Šŏ
ŏĉ,1148,ėĎ,9584,ŏĉė
ėĎ,210,Ò,9585,ėĎÒ
Ò,199,Ç,9586,ÒÇ
Ç,164,¤,9587,Ç¤
¤,264,Ĉ,9588,¤Ĉ
Ĉ,458,Ǌ,9589,ĈǊ
Ǌ,825,ûú,9590,Ǌû
ûú,1462,øþ,9591,ûúø
øþ,1310,øĀ,9592,øþø
øĀ,176,°,9593,øĀ°
°,274,Ē,9594,°Ē
Ē,307,ĳ,9595,Ēĳ
ĳ,2156,þĀÿýā,9596,ĳþ
þĀÿýā,6246,ÿþÿþÿ,9597,þĀÿýāÿ
ÿþÿþÿ,587,ÿÿÿĀþ,9598,ÿþÿþÿÿ
ÿÿÿĀþ,2685,āĀý,9599,ÿÿÿĀþā
āĀý,2391,þą,9600,āĀýþ
þą,4811,í­,9601,þąí
í­,332,Ō,9602,í­Ō
Ō,6574,ėü,9603,Ōė
ėü,4082,ċý,9604,ėüċ
ċý,1325,āą,9605,ċýā
āą,4411,ĂÿĂ,9606,āąĂ
ĂÿĂ,4306,Ăāāÿ,9607,ĂÿĂĂ
Ăāāÿ,6275,Āāþ,9608,ĂāāÿĀ
Āāþ,5930,þĀÿüā,9609,Āāþþ
þĀÿüā,7585,ĀüĀ,9610,þĀÿüāĀ
ĀüĀ,1290,úú,9611,ĀüĀú
úú,948,ăú,9612,úúă
ăú,831,ûā,9613,ăúû
ûā,1121,ùþ,9614,ûāù
ùþ,5143,øý,9615,ùþø
øý,258,Ă,9616,øýĂ
Ă,192,À,9617,ĂÀ
À,2507,ïň,9618,Àï
ïň,5875,úĀÿ,9619,ïňú
úĀÿ,648,ÿÿÿÿÿÿÿÿÿÿÿÿÿþ,9620,úĀÿÿ
ÿÿÿÿÿÿÿÿÿÿÿÿÿþ,2252,ĀüĂ,9621,ÿÿÿÿÿÿÿÿÿÿÿÿÿþĀ
ĀüĂ,538,ÿĀ,9622,ĀüĂÿ
ÿĀ,245,õ,9623,ÿĀõ
õ,181,µ,9624,õµ
µ,242,ò,9625,µò
ò,309,ĵ,9626,òĵ
ĵ,261,ą,9627,ĵą
ą,268,Č,9628,ąČ
Č,292,Ĥ,9629,ČĤ
Ĥ,265,ĉ,9630,Ĥĉ
ĉ,3331,øą,9631,ĉø
øą,1662,ûû,9632,øąû
ûû,3100,þþý,9633,ûûþ
þþý,9532,üüýý,9634,þþýü
üüýý,8296,ÿþĀÿü,9635,üüýýÿ
ÿþĀÿü,2891,þüý,9636,ÿþĀÿüþ
þüý,826,úþ,9637,þüýú
úþ,8741,ÿûý,9638,úþÿ
ÿûý,2425,ûýü,9639,ÿûýû
ûýü,1947,āüþ,9640,ûýüā
āüþ,260,Ą,9641,āüþĄ
Ą,1329,ĊĊ,9642,ĄĊ
ĊĊ,9066,Ąÿÿÿ,9643,ĊĊĄ
Ąÿÿÿ,4176,ÿÿþÿÿþ,9644,Ąÿÿÿÿ
ÿÿþÿÿþ,618,Āþþÿ,9645,ÿÿþÿÿþĀ
Āþþÿ,9445,ýþýÿ,9646,Āþþÿý
ýþýÿ,3251,ûăù,9647,ýþýÿû
ûăù,8862,ąûü,9648,ûăùą
ąûü,1117,Āú,9649,ąûüĀ
Āú,844,ÿÿý,9650,Āúÿ
ÿÿý,9334,þýþþþ,9651,ÿÿýþ
þýþþþ,1980,þÿþÿÿ,9652,þýþþþþ
þÿþÿÿ,1582,ÿĀþý,9653,þÿþÿÿÿ
ÿĀþý,5659,ûþÿ,9654,ÿĀþýû
ûþÿ,1655,ûþ,9655,ûþÿû
ûþ,3766,ÓŔ,9656,ûþÓ
ÓŔ,227,ã,9657,ÓŔã
ã,187,»,9658,ã»
»,316,ļ,9659,»ļ
ļ,1050,ąÿ,9660,ļą
ąÿ,9622,ĀüĂÿ,9661,ąÿĀ
ĀüĂÿ,269,č,9662,ĀüĂÿč
č,274,Ē,9663,čĒ
Ē,4575,ÿþÿÿÿÿÿĀ,9664,Ēÿ
ÿþÿÿÿÿÿĀ,5363,ÿþÿÿþ,9665,ÿþÿÿÿÿÿĀÿ
ÿþÿÿþ,4327,ĀÿÿþÿĀ,9666,ÿþÿÿþĀ
ĀÿÿþÿĀ,251,û,9667,ĀÿÿþÿĀû
û,173,­,9668,û­
­,309,ĵ,9669,­ĵ
ĵ,3551,Ħþ,9670,ĵĦ
Ħþ,9569,ĄąĄą,9671,ĦþĄ
ĄąĄą,3245,ĂĀĀþ,9672,ĄąĄąĂ
ĂĀĀþ,2663,ĀĀü,9673,ĂĀĀþĀ
ĀĀü,194,Â,9674,ĀĀüÂ
Â,68,D,9675,ÂD
D,328,ň,9676,Dň
ň,317,Ľ,9677,ňĽ
Ľ,309,ĵ,9678,Ľĵ
ĵ,292,Ĥ,9679,ĵĤ
Ĥ,147,,9680,Ĥ
,140,,9681,
,1345,ùā,9682,ù
ùā,654,ýÿ,9683,ùāý
ýÿ,3286,ăýü,9684,ýÿă
ăýü,264,Ĉ,9685,ăýüĈ
Ĉ,405,ƕ,9686,Ĉƕ
ƕ,349,ŝ,9687,ƕŝ
ŝ,3525,ÿĀû,9688,ŝÿ
ÿĀû,254,þ,9689,ÿĀûþ
þ,183,·,9690,þ·
·,191,¿,9691,·¿
¿,155,,9692,¿
,333,ō,9693,ō
ō,416,Ơ,9694,ōƠ
Ơ,5272,ùú,9695,Ơù
ùú,1846,õĂ,9696,ùúõ
õĂ,6349,÷ü,9697,õĂ÷
÷ü,169,©,9698,÷ü©
©,302,Į,9699,©Į
Į,6132,Ģþ,9700,ĮĢ
Ģþ,4899,ĀÿýĀĀ,9701,ĢþĀ
ĀÿýĀĀ,2569,ýĀþÿ,9702,ĀÿýĀĀý
ýĀþÿ,3617,Āÿþÿā,9703,ýĀþÿĀ
Āÿþÿā,3704,ûą,9704,Āÿþÿāû
ûą,1345,ùā,9705,ûąù
ùā,1152,Āā,9706,ùāĀ
Āā,199,Ç,9707,ĀāÇ
Ç,233,é,9708,Çé
é,336,Ő,9709,éŐ
Ő,3641,ýĆ,9710,Őý
ýĆ,710,ÿā,9711,ýĆÿ
ÿā,8684,Ąăāā,9712,ÿāĄ
Ąăāā,1096,ĂĀ,9713,ĄăāāĂ
ĂĀ,7823,āĀĀĀÿ,9714,ĂĀā
āĀĀĀÿ,8041,ÿĀÿĀþ,9715,āĀĀĀÿÿ
ÿĀÿĀþ,3355,ýþý,9716,ÿĀÿĀþý
ýþý,258,Ă,9717,ýþýĂ
Ă,5468,ùþý,9718,Ăù
ùþý,861,ûü,9719,ùþýû
ûü,826,úþ,9720,ûüú
úþ,1558,ûý,9721,úþû
ûý,241,ñ,9722,ûýñ
ñ,173,­,9723,ñ­
­,322,ł,9724,­ł
ł,281,ę,9725,łę
ę,4724,øĂÿ,9726,ęø
øĂÿ,4741,ÿÿÿÿÿÿþÿ,9727,øĂÿÿ
ÿÿÿÿÿÿþÿ,4119,ÿÿÿÿÿÿĀÿ,9728,ÿÿÿÿÿÿþÿÿ
ÿÿÿÿÿÿĀÿ,1232,üü,9729,ÿÿÿÿÿÿĀÿü
üü,262,Ć,9730,üüĆ
Ć,5769,ÆÏ,9731,ĆÆ
ÆÏ,302,Į,9732,ÆÏĮ
Į,275,ē,9733,Įē
ē,271,ď,9734,ēď
ď,296,Ĩ,9735,ďĨ
Ĩ,3218,Ăú,9736,ĨĂ
Ăú,259,ă,9737,Ăúă
ă,1564,öā,9738,ăö
öā,1375,üþþ,9739,öāü
üþþ,9551,üüþý,9740,üþþü
üüþý,6245,þÿĀýÿ,9741,üüþýþ
þÿĀýÿ,5823,üýüü,9742,þÿĀýÿü
üýüü,3428,ýýü,9743,üýüüý
ýýü,861,ûü,9744,ýýüû
ûü,1213,þÿĀý,9745,ûüþ
þÿĀý,3535,ýć,9746,þÿĀýý
ýć,6305,ċćĂ,9747,ýćċ
ċćĂ,5715,þāþÿÿ,9748,ċćĂþ
þāþÿÿ,4393,ÿÿþÿþÿ,9749,þāþÿÿÿ
ÿÿþÿþÿ,604,Āþþ,9750,ÿÿþÿþÿĀ
Āþþ,8269,ýÿýÿ,9751,Āþþý
ýÿýÿ,1323,üÿÿ,9752,ýÿýÿü
üÿÿ,1118,úÿ,9753,üÿÿú
úÿ,2345,Āþÿû,9754,úÿĀ
Āþÿû,6126,ÿþüÿ,9755,Āþÿûÿ
ÿþüÿ,1380,þüÿ,9756,ÿþüÿþ
þüÿ,7379,ÿþþÿÿ,9757,þüÿÿ
ÿþþÿÿ,2636,ÿÿÿü,9758,ÿþþÿÿÿ
ÿÿÿü,1232,üü,9759,ÿÿÿüü
üü,9718,Ăù,9760,üüĂ
Ăù,258,Ă,9761,ĂùĂ
Ă,210,Ò,9762,ĂÒ
Ò,327,Ň,9763,ÒŇ
Ň,217,Ù,9764,ŇÙ
Ù,212,Ô,9765,ÙÔ
Ô,2727,ļĂ,9766,Ôļ
ļĂ,4888,þāü,9767,ļĂþ
þāü,644,āþ,9768,þāüā
āþ,270,Ď,9769,āþĎ
Ď,9518,đÿ,9770,Ďđ
đÿ,7886,ÿÿÿþĀþ,9771,đÿÿ
ÿÿÿþĀþ,7361,ÿÿĀÿÿþÿÿ,9772,ÿÿÿþĀþÿ
ÿÿĀÿÿþÿÿ,3807,ÿþĀÿþ,9773,ÿÿĀÿÿþÿÿÿ
ÿþĀÿþ,183,·,9774,ÿþĀÿþ·
·,280,Ę,9775,·Ę
Ę,311,ķ,9776,Ęķ
ķ,2012,ÿă,9777,ķÿ
ÿă,7835,ăĆĂ,9778,ÿăă
ăĆĂ,2993,ĄĂÿ,9779,ăĆĂĄ
ĄĂÿ,5796,ýāĀþ,9780,ĄĂÿý
ýāĀþ,7449,é(,9781,ýāĀþé
é(,298,Ī,9782,é(Ī
Ī,322,ł,9783,Īł
ł,307,ĳ,9784,łĳ
ĳ,295,ħ,9785,ĳħ
ħ,229,å,9786,ħå
å,75,K,9787,åK
K,3072,õü,9788,Kõ
õü,993,Āÿþÿ,9789,õüĀ
Āÿþÿ,258,Ă,9790,ĀÿþÿĂ
Ă,328,ň,9791,Ăň
ň,434,Ʋ,9792,ňƲ
Ʋ,537,þÿÿÿ,9793,Ʋþ
þÿÿÿ,252,ü,9794,þÿÿÿü
ü,209,Ñ,9795,üÑ
Ñ,145,,9796,Ñ
,162,¢,9797,¢
¢,403,Ɠ,9798,¢Ɠ
Ɠ,357,ť,9799,Ɠť
ť,1252,÷ú,9800,ť÷
÷ú,9615,ùþø,9801,÷úù
ùþø,7100,ö¦,9802,ùþøö
ö¦,327,Ň,9803,ö¦Ň
Ň,8063,ēý,9804,Ňē
ēý,6400,ĀÿþĀĀ,9805,ēýĀ
ĀÿþĀĀ,8899,ýÿÿÿÿÿÿĀ,9806,ĀÿþĀĀý
ýÿÿÿÿÿÿĀ,4613,Āûā,9807,ýÿÿÿÿÿÿĀĀ
Āûā,6276,þĀýĂ,9808,Āûāþ
þĀýĂ,249,ù,9809,þĀýĂù
ù,167,§,9810,ù§
§,323,Ń,9811,§Ń
Ń,284,Ĝ,9812,ŃĜ
Ĝ,4222,ąĀÿ,9813,Ĝą
ąĀÿ,3878,Ćý,9814,ąĀÿĆ
Ćý,3350,ăāāĂ,9815,Ćýă
ăāāĂ,7488,āĀĀĀ,9816,ăāāĂā
āĀĀĀ,9600,āĀýþ,9817,āĀĀĀā
āĀýþ,6238,Ăûü,9818,āĀýþĂ
Ăûü,1016,āþÿ,9819,Ăûüā
āþÿ,4287,öþ,9820,āþÿö
öþ,1848,āú,9821,öþā
āú,1579,þÿù,9822,āúþ
þÿù,3359,úă,9823,þÿùú
úă,4589,¶Ā,9824,úă¶
¶Ā,322,ł,9825,¶Āł
ł,4253,øăý,9826,łø
øăý,7474,þÿÿÿĀþĀ,9827,øăýþ
þÿÿÿĀþĀ,3942,þĀþĀþ,9828,þÿÿÿĀþĀþ
þĀþĀþ,7301,Āÿþý,9829,þĀþĀþĀ
Āÿþý,7725,Ąú,9830,ĀÿþýĄ
Ąú,259,ă,9831,Ąúă
ă,236,ì,9832,ăì
ì,177,±,9833,ì±
±,266,Ċ,9834,±Ċ
Ċ,296,Ĩ,9835,ĊĨ
Ĩ,278,Ė,9836,ĨĖ
Ė,2453,Ħą,9837,ĖĦ
Ħą,701,þý,9838,Ħąþ
þý,1759,øĄ,9839,þýø
øĄ,1944,ûûý,9840,øĄû
ûûý,8741,ÿûý,9841,ûûýÿ
ÿûý,8363,þÿþĀþ,9842,ÿûýþ
þÿþĀþ,6464,ýüüþü,9843,þÿþĀþý
ýüüþü,9743,üýüüý,9844,ýüüþüü
üýüüý,564,ÿþþ,9845,üýüüýÿ
ÿþþ,891,üĂ,9846,ÿþþü
üĂ,268,Č,9847,üĂČ
Č,1230,ĉă,9848,Čĉ
ĉă,1362,ýāĀÿÿ,9849,ĉăý
ýāĀÿÿ,9273,þĀÿÿÿÿþ,9850,ýāĀÿÿþ
þĀÿÿÿÿþ,6929,Āÿþþý,9851,þĀÿÿÿÿþĀ
Āÿþþý,5228,ÿýþÿ,9852,Āÿþþýÿ
ÿýþÿ,2605,øćú,9853,ÿýþÿø
øćú,1413,ýÿû,9854,øćúý
ýÿû,1775,Ăûÿ,9855,ýÿûĂ
Ăûÿ,6566,ýýÿü,9856,Ăûÿý
ýýÿü,4818,ÿýÿ,9857,ýýÿüÿ
ÿýÿ,7700,þþÿÿÿÿ,9858,ÿýÿþ
þþÿÿÿÿ,9221,þýþü,9859,þþÿÿÿÿþ
þýþü,2940,ÿú,9860,þýþüÿ
ÿú,258,Ă,9861,ÿúĂ
Ă,216,Ø,9862,ĂØ
Ø,305,ı,9863,Øı
ı,213,Õ,9864,ıÕ
Õ,236,ì,9865,Õì
ì,314,ĺ,9866,ìĺ
ĺ,8945,Āþā,9867,ĺĀ
Āþā,649,þÿþ,9868,Āþāþ
þÿþ,272,Đ,9869,þÿþĐ
Đ,3034,ďþ,9870,Đď
ďþ,3629,ĀþĀþÿ,9871,ďþĀ
ĀþĀþÿ,5833,ÿĀþþĀ,9872,ĀþĀþÿÿ
ÿĀþþĀ,594,þÿÿĀþ,9873,ÿĀþþĀþ
þÿÿĀþ,666,ĀþÿĀ,9874,þÿÿĀþĀ
ĀþÿĀ,3191,Êï,9875,ĀþÿĀÊ
Êï,3228,ŉĂ,9876,Êïŉ
ŉĂ,5487,ĂĄĄ,9877,ŉĂĂ
ĂĄĄ,5250,ăăĄ,9878,ĂĄĄă
ăăĄ,527,þÿĀ,9879,ăăĄþ
þÿĀ,6845,ûăý,9880,þÿĀû
ûăý,58,:,9881,ûăý:
:,226,â,9882,:â
â,336,Ő,9883,âŐ
Ő,297,ĩ,9884,Őĩ
ĩ,308,Ĵ,9885,ĩĴ
Ĵ,281,ę,9886,Ĵę
ę,123,{,9887,ę{
{,6661,¡ý,9888,{¡
¡ý,2062,ĀĀý,9889,¡ýĀ
ĀĀý,546,ĀĀ,9890,ĀĀýĀ
ĀĀ,407,Ɨ,9891,ĀĀƗ
Ɨ,353,š,9892,Ɨš
š,5048,ÿāû,9893,šÿ
ÿāû,2687,Ąû,9894,ÿāûĄ
Ąû,235,ë,9895,Ąûë
ë,103,g,9896,ëg
g,185,¹,9897,g¹
¹,444,Ƽ,9898,¹Ƽ
Ƽ,309,ĵ,9899,Ƽĵ
ĵ,812,óý,9900,ĵó
óý,7240,ý÷ý,9901,óýý
ý÷ý,230,æ,9902,ý÷ýæ
æ,182,¶,9903,æ¶
¶,335,ŏ,9904,¶ŏ
ŏ,7851,Ĉÿÿ,9905,ŏĈ
Ĉÿÿ,1537,Āýā,9906,ĈÿÿĀ
Āýā,7457,þÿÿÿĀþÿĀ,9907,Āýāþ
þÿÿÿĀþÿĀ,1879,ÿýā,9908,þÿÿÿĀþÿĀÿ
ÿýā,1524,ûĂ,9909,ÿýāû
ûĂ,941,þýÿ,9910,ûĂþ
þýÿ,261,ą,9911,þýÿą
ą,217,Ù,9912,ąÙ
Ù,192,À,9913,ÙÀ
À,356,Ť,9914,ÀŤ
Ť,253,ý,9915,Ťý
ý,3420,ĈĂ,9916,ýĈ
ĈĂ,3641,ýĆ,9917,ĈĂý
ýĆ,5068,ĀĀāā,9918,ýĆĀ
ĀĀāā,712,ĀĀĀ,9919,ĀĀāāĀ
ĀĀĀ,4392,āĀÿĀÿ,9920,ĀĀĀā
āĀÿĀÿ,2077,üþÿĀ,9921,āĀÿĀÿü
üþÿĀ,5783,ûþÿÿ,9922,üþÿĀû
ûþÿÿ,2893,ùü,9923,ûþÿÿù
ùü,3887,þüþú,9924,ùüþ
þüþú,9267,ÞÀ,9925,þüþúÞ
ÞÀ,340,Ŕ,9926,ÞÀŔ
Ŕ,1734,Āă,9927,ŔĀ
Āă,2108,þÿÿÿĀÿÿÿÿ,9928,Āăþ
þÿÿÿĀÿÿÿÿ,5867,þþĀþĀ,9929,þÿÿÿĀÿÿÿÿþ
þþĀþĀ,2148,þÿÿā,9930,þþĀþĀþ
þÿÿā,3991,úą,9931,þÿÿāú
úą,255,ÿ,9932,úąÿ
ÿ,197,Å,9933,ÿÅ
Å,212,Ô,9934,ÅÔ
Ô,1010,ĝģ,9935,Ôĝ
ĝģ,298,Ī,9936,ĝģĪ
Ī,3034,ďþ,9937,Īď
ďþ,1623,÷Ă,9938,ďþ÷
÷Ă,2792,ýþú,9939,÷Ăý
ýþú,1248,ýýý,9940,ýþúý
ýýý,4127,þüĀÿ,9941,ýýýþ
þüĀÿ,1410,þÿü,9942,þüĀÿþ
þÿü,2323,ýüüü,9943,þÿüý
ýüüü,654,ýÿ,9944,ýüüüý
ýÿ,6809,øþÿ,9945,ýÿø
øþÿ,2529,ûýā,9946,øþÿû
ûýā,820,ăĂ,9947,ûýāă
ăĂ,5301,Ĉĉ,9948,ăĂĈ
Ĉĉ,9078,ăýþ,9949,Ĉĉă
ăýþ,5559,āÿýĀ,9950,ăýþā
āÿýĀ,630,Āÿÿÿÿÿÿÿ,9951,āÿýĀĀ
Āÿÿÿÿÿÿÿ,7606,þĀþýþ,9952,Āÿÿÿÿÿÿÿþ
þĀþýþ,602,þþĀ,9953,þĀþýþþ
þþĀ,3615,ùĀý,9954,þþĀù
ùĀý,659,ýĀÿ,9955,ùĀýý
ýĀÿ,4656,ûÿý,9956,ýĀÿû
ûÿý,975,þýÿý,9957,ûÿýþ
þýÿý,9100,þþþýÿ,9958,þýÿýþ
þþþýÿ,7722,ÿÿÿÿÿþü,9959,þþþýÿÿ
ÿÿÿÿÿþü,6177,þýú,9960,ÿÿÿÿÿþüþ
þýú,257,ā,9961,þýúā
ā,222,Þ,9962,āÞ
Þ,277,ĕ,9963,Þĕ
ĕ,220,Ü,9964,ĕÜ
Ü,256,Ā,9965,ÜĀ
Ā,312,ĸ,9966,Āĸ
ĸ,1162,þþÿā,9967,ĸþ
þþÿā,699,ýþ,9968,þþÿāý
ýþ,273,đ,9969,ýþđ
đ,271,ď,9970,đď
ď,885,ýĀþ,9971,ďý
ýĀþ,8322,āþÿÿÿÿþ,9972,ýĀþā
āþÿÿÿÿþ,2921,ĀþĀÿÿ,9973,āþÿÿÿÿþĀ
ĀþĀÿÿ,5209,ûĄü,9974,ĀþĀÿÿû
ûĄü,529,Āÿ,9975,ûĄüĀ
Āÿ,225,á,9976,Āÿá
á,200,È,9977,áÈ
È,342,Ŗ,9978,ÈŖ
Ŗ,5134,Ąăă,9979,ŖĄ
Ąăă,1128,Ąă,9980,ĄăăĄ
Ąă,763,ąĄ,9981,Ąăą
ąĄ,2628,þĀÿü,9982,ąĄþ
þĀÿü,709,Ăÿ,9983,þĀÿüĂ
Ăÿ,128,,9984,Ăÿ
,137,,9985,
,344,Ř,9986,Ř
Ř,286,Ğ,9987,ŘĞ
Ğ,7899,İħ,9988,Ğİ
İħ,242,ò,9989,İħò
ò,78,N,9990,òN
N,228,ä,9991,Nä
ä,515,ÿÿÿÿ,9992,äÿ
ÿÿÿÿ,257,ā,9993,ÿÿÿÿā
ā,399,Ə,9994,āƏ
Ə,362,Ū,9995,ƏŪ
Ū,3807,ÿþĀÿþ,9996,Ūÿ
ÿþĀÿþ,234,ê,9997,ÿþĀÿþê
ê,71,G,9998,êG
G,242,ò,9999,Gò
ò,467,Ǔ,10000,òǓ
Ǔ,257,ā,10001,Ǔā
ā,7692,õû,10002,āõ
õû,4285,ýøā,10003,õûý
ýøā,203,Ë,10004,ýøāË
Ë,224,à,10005,Ëà
à,325,Ņ,10006,àŅ
Ņ,7447,āÿþĀþ,10007,Ņā
āÿþĀþ,7942,ĀþÿÿĀÿþ,10008,āÿþĀþĀ
ĀþÿÿĀÿþ,2155,ÿĀþþ,10009,ĀþÿÿĀÿþÿ
ÿĀþþ,9718,Ăù,10010,ÿĀþþĂ
Ăù,1322,Ćü,10011,ĂùĆ
Ćü,573,ÿþÿÿ,10012,Ćüÿ
ÿþÿÿ,190,¾,10013,ÿþÿÿ¾
¾,8540,āŉ,10014,¾ā
āŉ,244,ô,10015,āŉô
ô,5676,ČÿĂ,10016,ôČ
ČÿĂ,8119,ĀĀă,10017,ČÿĂĀ
ĀĀă,4338,ÿāā,10018,ĀĀăÿ
ÿāā,3802,ĀĀĂ,10019,ÿāāĀ
ĀĀĂ,2077,üþÿĀ,10020,ĀĀĂü
üþÿĀ,644,āþ,10021,üþÿĀā
āþ,3615,ùĀý,10022,āþù
ùĀý,3430,þüú,10023,ùĀýþ
þüú,1130,āý,10024,þüúā
āý,2085,õā,10025,āýõ
õā,248,ø,10026,õāø
ø,171,«,10027,ø«
«,308,Ĵ,10028,«Ĵ
Ĵ,287,ğ,10029,Ĵğ
ğ,1257,Āþü,10030,ğĀ
Āþü,1167,āĀÿ,10031,Āþüā
āĀÿ,4368,þÿÿÿÿÿÿÿÿÿÿÿÿ,10032,āĀÿþ
þÿÿÿÿÿÿÿÿÿÿÿÿ,2774,þāþ,10033,þÿÿÿÿÿÿÿÿÿÿÿÿþ
þāþ,250,ú,10034,þāþú
ú,178,²,10035,ú²
²,241,ñ,10036,²ñ
ñ,301,ĭ,10037,ñĭ
ĭ,294,Ħ,10038,ĭĦ
Ħ,290,Ģ,10039,ĦĢ
Ģ,259,ă,10040,Ģă
ă,243,ó,10041,ăó
ó,820,ăĂ,10042,óă
ăĂ,5142,õø,10043,ăĂõ
õø,3272,Ćú,10044,õøĆ
Ćú,5753,ýþÿÿ,10045,Ćúý
ýþÿÿ,757,þþü,10046,ýþÿÿþ
þþü,3428,ýýü,10047,þþüý
ýýü,2999,ýýýü,10048,ýýüý
ýýýü,1236,ýýþ,10049,ýýýüý
ýýþ,2857,üýþ,10050,ýýþü
üýþ,4676,ćĉ,10051,üýþć
ćĉ,264,Ĉ,10052,ćĉĈ
Ĉ,5031,Ąýþ,10053,ĈĄ
Ąýþ,5914,ĀĀĀý,10054,ĄýþĀ
ĀĀĀý,3340,ÿÿĀÿÿÿÿÿ,10055,ĀĀĀýÿ
ÿÿĀÿÿÿÿÿ,625,ÿþÿĀÿ,10056,ÿÿĀÿÿÿÿÿÿ
ÿþÿĀÿ,9218,ýþþý,10057,ÿþÿĀÿý
ýþþý,1763,āù,10058,ýþþýā
āù,1936,üą,10059,āùü
üą,3582,ýûýþ,10060,üąý
ýûýþ,941,þýÿ,10061,ýûýþþ
þýÿ,8866,üÿý,10062,þýÿü
üÿý,8388,ýÿþþ,10063,üÿýý
ýÿþþ,572,þÿÿÿÿÿÿ,10064,ýÿþþþ
þÿÿÿÿÿÿ,3207,ûþý,10065,þÿÿÿÿÿÿû
ûþý,1232,üü,10066,ûþýü
üü,229,å,10067,üüå
å,250,ú,10068,åú
ú,9545,ìĈ,10069,úì
ìĈ,310,Ķ,10070,ìĈĶ
Ķ,844,ÿÿý,10071,Ķÿ
ÿÿý,5093,Ąûþ,10072,ÿÿýĄ
Ąûþ,9870,Đď,10073,ĄûþĐ
Đď,1150,ýāþ,10074,Đďý
ýāþ,1538,āýĀ,10075,ýāþā
āýĀ,2874,ÿþÿĀþÿ,10076,āýĀÿ
ÿþÿĀþÿ,849,þāĀ,10077,ÿþÿĀþÿþ
þāĀ,1049,ùą,10078,þāĀù
ùą,858,ýÿĀ,10079,ùąý
ýÿĀ,240,ð,10080,ýÿĀð
ð,172,¬,10081,ð¬
¬,351,ş,10082,¬ş
ş,7112,ĆĄ,10083,şĆ
ĆĄ,5023,ăĄă,10084,ĆĄă
ăĄă,815,Ąā,10085,ăĄăĄ
Ąā,4650,āāþ,10086,Ąāā
āāþ,539,Āÿÿ,10087,āāþĀ
Āÿÿ,199,Ç,10088,ĀÿÿÇ
Ç,63,?,10089,Ç?
?,321,Ł,10090,?Ł
Ł,292,Ĥ,10091,ŁĤ
Ĥ,292,Ĥ,10092,ĤĤ
Ĥ,308,Ĵ,10093,ĤĴ
Ĵ,277,ĕ,10094,Ĵĕ
ĕ,202,Ê,10095,ĕÊ
Ê,102,f,10096,Êf
f,240,ð,10097,fð
ð,5000,ÿÿāÿ,10098,ðÿ
ÿÿāÿ,331,ŋ,10099,ÿÿāÿŋ
ŋ,424,ƨ,10100,ŋƨ
ƨ,2911,Ćÿ,10101,ƨĆ
Ćÿ,941,þýÿ,10102,Ćÿþ
þýÿ,196,Ä,10103,þýÿÄ
Ä,67,C,10104,ÄC
C,366,Ů,10105,CŮ
Ů,393,Ɖ,10106,ŮƉ
Ɖ,7021,õþù,10107,Ɖõ
õþù,2971,÷ý,10108,õþù÷
÷ý,256,Ā,10109,÷ýĀ
Ā,183,·,10110,Ā·
·,264,Ĉ,10111,·Ĉ
Ĉ,310,Ķ,10112,ĈĶ
Ķ,7605,ýÿÿþþ,10113,Ķý
ýÿÿþþ,9481,āýĀþ,10114,ýÿÿþþā
āýĀþ,5323,ĀþÿÿÿĀþ,10115,āýĀþĀ
ĀþÿÿÿĀþ,1467,Āû,10116,ĀþÿÿÿĀþĀ
Āû,2454,ąý,10117,Āûą
ąý,887,ÿþā,10118,ąýÿ
ÿþā,3973,üô,10119,ÿþāü
üô,175,¯,10120,üô¯
¯,317,Ľ,10121,¯Ľ
Ľ,2250,ħÿ,10122,Ľħ
ħÿ,9278,þāă,10123,ħÿþ
þāă,8724,āĀĂĀ,10124,þāăā
āĀĂĀ,881,āĀĀ,10125,āĀĂĀā
āĀĀ,1501,ýă,10126,āĀĀý
ýă,1968,ýýĂ,10127,ýăý
ýýĂ,5804,ÿûĀ,10128,ýýĂÿ
ÿûĀ,702,ýü,10129,ÿûĀý
ýü,2737,Āýû,10130,ýüĀ
Āýû,826,úþ,10131,Āýûú
úþ,526,Āþ,10132,úþĀ
Āþ,181,µ,10133,Āþµ
µ,254,þ,10134,µþ
þ,318,ľ,10135,þľ
ľ,2503,Ąù,10136,ľĄ
Ąù,963,ăÿþ,10137,Ąùă
ăÿþ,1838,ÿÿÿÿÿÿÿþÿÿ,10138,ăÿþÿ
ÿÿÿÿÿÿÿþÿÿ,4704,ĀþĀÿÿþ,10139,ÿÿÿÿÿÿÿþÿÿĀ
ĀþĀÿÿþ,1346,āû,10140,ĀþĀÿÿþā
āû,236,ì,10141,āûì
ì,183,·,10142,ì·
·,263,ć,10143,·ć
ć,302,Į,10144,ćĮ
Į,294,Ħ,10145,ĮĦ
Ħ,5132,ĕĀ,10146,Ħĕ
ĕĀ,3250,ûüû,10147,ĕĀû
ûüû,620,āÿ,10148,ûüûā
āÿ,3961,øÿ,10149,āÿø
øÿ,1762,üþā,10150,øÿü
üþā,1783,ÿÿû,10151,üþāÿ
ÿÿû,6930,ýüþüü,10152,ÿÿûý
ýüþüü,6124,üýýý,10153,ýüþüüü
üýýý,1659,üû,10154,üýýýü
üû,6169,ÿć,10155,üûÿ
ÿć,902,ĉć,10156,ÿćĉ
ĉć,1014,āÿĂ,10157,ĉćā
āÿĂ,2512,ÿÿÿýÿ,10158,āÿĂÿ
ÿÿÿýÿ,1638,ÿÿĀÿÿÿ,10159,ÿÿÿýÿÿ
ÿÿĀÿÿÿ,3956,ĀÿþÿÿÿĀ,10160,ÿÿĀÿÿÿĀ
ĀÿþÿÿÿĀ,2789,ÿýþþ,10161,ĀÿþÿÿÿĀÿ
ÿýþþ,9444,þüÿý,10162,ÿýþþþ
þüÿý,1591,þû,10163,þüÿýþ
þû,9718,Ăù,10164,þûĂ
Ăù,1231,ăü,10165,Ăùă
ăü,9437,ýþþýþ,10166,ăüý
ýþþýþ,2998,þþÿþý,10167,ýþþýþþ
þþÿþý,7662,ÿÿĀÿþý,10168,þþÿþýÿ
ÿÿĀÿþý,8744,ûÿýÿ,10169,ÿÿĀÿþýû
ûÿýÿ,3449,ûé,10170,ûÿýÿû
ûé,231,ç,10171,ûéç
ç,244,ô,10172,çô
ô,275,ē,10173,ôē
ē,8992,ĳû,10174,ēĳ
ĳû,1672,þă,10175,ĳûþ
þă,8011,ýāü,10176,þăý
ýāü,272,Đ,10177,ýāüĐ
Đ,2146,čþ,10178,Đč
čþ,1130,āý,10179,čþā
āý,5450,ĂýĀ,10180,āýĂ
ĂýĀ,3807,ÿþĀÿþ,10181,ĂýĀÿ
ÿþĀÿþ,1540,ĀþÿÿĀÿ,10182,ÿþĀÿþĀ
ĀþÿÿĀÿ,4970,ÿýÿĀ,10183,ĀþÿÿĀÿÿ
ÿýÿĀ,167,§,10184,ÿýÿĀ§
§,321,Ł,10185,§Ł
Ł,282,Ě,10186,ŁĚ
Ě,3031,ćý,10187,Ěć
ćý,1242,Ĉā,10188,ćýĈ
Ĉā,4907,ĆĂĂ,10189,ĈāĆ
ĆĂĂ,530,ÿÿÿÿĀ,10190,ĆĂĂÿ
ÿÿÿÿĀ,250,ú,10191,ÿÿÿÿĀú
ú,56,8,10192,ú8
8,238,î,10193,8î
î,323,Ń,10194,îŃ
Ń,270,Ď,10195,ŃĎ
Ď,10145,ĮĦ,10196,ĎĮ
ĮĦ,281,ę,10197,ĮĦę
ę,197,Å,10198,ęÅ
Å,122,z,10199,Åz
z,220,Ü,10200,zÜ
Ü,643,ÿÿā,10201,Üÿ
ÿÿā,267,ċ,10202,ÿÿāċ
ċ,441,ƹ,10203,ċƹ
ƹ,306,Ĳ,10204,ƹĲ
Ĳ,1158,ÿþý,10205,Ĳÿ
ÿþý,233,é,10206,ÿþýé
é,108,l,10207,él
l,9262,³ǁ,10208,l³
³ǁ,310,Ķ,10209,³ǁĶ
Ķ,246,ö,10210,Ķö
ö,10042,óă,10211,öó
óă,1252,÷ú,10212,óă÷
÷ú,254,þ,10213,÷úþ
þ,163,£,10214,þ£
£,314,ĺ,10215,£ĺ
ĺ,281,ę,10216,ĺę
ę,628,Āþþÿÿ,10217,ęĀ
Āþþÿÿ,9874,þÿÿĀþĀ,10218,Āþþÿÿþ
þÿÿĀþĀ,7808,ÿÿÿÿþÿĀ,10219,þÿÿĀþĀÿ
ÿÿÿÿþÿĀ,10057,ÿþÿĀÿý,10220,ÿÿÿÿþÿĀÿ
ÿþÿĀÿý,257,ā,10221,ÿþÿĀÿýā
ā,229,å,10222,āå
å,181,µ,10223,åµ
µ,345,ř,10224,µř
ř,3034,ďþ,10225,řď
ďþ,2096,ąþ,10226,ďþą
ąþ,2911,Ćÿ,10227,ąþĆ
Ćÿ,2686,ýĄ,10228,Ćÿý
ýĄ,3081,ĂüĀ,10229,ýĄĂ
ĂüĀ,4045,ÿĂ,10230,ĂüĀÿ
ÿĂ,7828,ÿýĀþ,10231,ÿĂÿ
ÿýĀþ,9634,þþýü,10232,ÿýĀþþ
þþýü,860,Ăû,10233,þþýüĂ
Ăû,1460,ûÿ,10234,Ăûû
ûÿ,1784,ûĄ,10235,ûÿû
ûĄ,197,Å,10236,ûĄÅ
Å,219,Û,10237,ÅÛ
Û,328,ň,10238,Ûň
ň,2041,ĆĂ,10239,ňĆ
ĆĂ,3991,úą,10240,ĆĂú
úą,7399,ùĂÿ,10241,úąù
ùĂÿ,6288,ÿÿÿÿþĀÿ,10242,ùĂÿÿ
ÿÿÿÿþĀÿ,6739,ÿÿþÿþĀ,10243,ÿÿÿÿþĀÿÿ
ÿÿþÿþĀ,1879,ÿýā,10244,ÿÿþÿþĀÿ
ÿýā,256,Ā,10245,ÿýāĀ
Ā,214,Ö,10246,ĀÖ
Ö,200,È,10247,ÖÈ
È,6379,ėĤ,10248,Èė
ėĤ,296,Ĩ,10249,ėĤĨ
Ĩ,3482,ČĀ,10250,ĨČ
ČĀ,2532,üüý,10251,ČĀü
üüý,6869,þûý,10252,üüýþ
þûý,4668,üÿĀ,10253,þûýü
üÿĀ,1138,āþü,10254,üÿĀā
āþü,2534,ûýû,10255,āþüû
ûýû,6468,ÿþýü,10256,ûýûÿ
ÿþýü,4771,ûüýþ,10257,ÿþýüû
ûüýþ,1419,Ćć,10258,ûüýþĆ
Ćć,4998,ĆāĀ,10259,ĆćĆ
ĆāĀ,8150,ĀĀĀĀÿ,10260,ĆāĀĀ
ĀĀĀĀÿ,3730,þĀÿþÿÿÿ,10261,ĀĀĀĀÿþ
þĀÿþÿÿÿ,8916,ÿÿÿĀþÿþ,10262,þĀÿþÿÿÿÿ
ÿÿÿĀþÿþ,822,ĀĀÿ,10263,ÿÿÿĀþÿþĀ
ĀĀÿ,6704,ýÿü,10264,ĀĀÿý
ýÿü,1158,ÿþý,10265,ýÿüÿ
ÿþý,700,þþþ,10266,ÿþýþ
þþþ,1375,üþþ,10267,þþþü
üþþ,4769,þþþþü,10268,üþþþ
þþþþü,1410,þÿü,10269,þþþþüþ
þÿü,7380,ÿþþÿĀÿþ,10270,þÿüÿ
ÿþþÿĀÿþ,8321,ÿüā,10271,ÿþþÿĀÿþÿ
ÿüā,1310,øĀ,10272,ÿüāø
øĀ,3030,ùć,10273,øĀù
ùć,227,ã,10274,ùćã
ã,223,ß,10275,ãß
ß,250,ú,10276,ßú
ú,9182,đĴ,10277,úđ
đĴ,5785,þÿĀü,10278,đĴþ
þÿĀü,1231,ăü,10279,þÿĀüă
ăü,10178,Đč,10280,ăüĐ
Đč,5048,ÿāû,10281,Đčÿ
ÿāû,7991,āĀýÿÿ,10282,ÿāûā
āĀýÿÿ,550,ÿÿÿÿÿÿÿÿÿÿĀÿ,10283,āĀýÿÿÿ
ÿÿÿÿÿÿÿÿÿÿĀÿ,255,ÿ,10284,ÿÿÿÿÿÿÿÿÿÿĀÿÿ
ÿ,193,Á,10285,ÿÁ
Á,265,ĉ,10286,Áĉ
ĉ,7443,Ļý,10287,ĉĻ
Ļý,2024,ĉþ,10288,Ļýĉ
ĉþ,1270,ĈĀ,10289,ĉþĈ
ĈĀ,1128,Ąă,10290,ĈĀĄ
Ąă,8833,ĀÿÿÿĀý,10291,ĄăĀ
ĀÿÿÿĀý,148,,10292,ĀÿÿÿĀý
,114,r,10293,r
r,341,ŕ,10294,rŕ
ŕ,271,ď,10295,ŕď
ď,274,Ē,10296,ďĒ
Ē,301,ĭ,10297,Ēĭ
ĭ,6039,ĝĖ,10298,ĭĝ
ĝĖ,240,ð,10299,ĝĖð
ð,179,³,10300,ð³
³,201,É,10301,³É
É,254,þ,10302,Éþ
þ,286,Ğ,10303,þĞ
Ğ,333,ō,10304,Ğō
ō,9096,Ģą,10305,ōĢ
Ģą,1461,ÿø,10306,Ģąÿ
ÿø,215,×,10307,ÿø×
×,188,¼,10308,×¼
¼,160, ,10309,¼ 
 ,304,İ,10310, İ
İ,438,ƶ,10311,İƶ
ƶ,755,øü,10312,ƶø
øü,1461,ÿø,10313,øüÿ
ÿø,2893,ùü,10314,ÿøù
ùü,1806,î­,10315,ùüî
î­,9905,ŏĈ,10316,î­ŏ
ŏĈ,3409,Āÿÿÿþÿÿÿ,10317,ŏĈĀ
Āÿÿÿþÿÿÿ,4741,ÿÿÿÿÿÿþÿ,10318,Āÿÿÿþÿÿÿÿ
ÿÿÿÿÿÿþÿ,4318,ĀþÿÿĀþ,10319,ÿÿÿÿÿÿþÿĀ
ĀþÿÿĀþ,2427,ÿÿü,10320,ĀþÿÿĀþÿ
ÿÿü,3301,ĂÕ,10321,ÿÿüĂ
ĂÕ,206,Î,10322,ĂÕÎ
Î,341,ŕ,10323,Îŕ
ŕ,2146,čþ,10324,ŕč
čþ,261,ą,10325,čþą
ą,982,ùĂ,10326,ąù
ùĂ,10012,Ćüÿ,10327,ùĂĆ
Ćüÿ,3878,Ćý,10328,ĆüÿĆ
Ćý,9006,ĂþÿþÿĀ,10329,ĆýĂ
ĂþÿþÿĀ,1657,üýĀ,10330,ĂþÿþÿĀü
üýĀ,1287,þù,10331,üýĀþ
þù,859,ĀýĂ,10332,þùĀ
ĀýĂ,247,÷,10333,ĀýĂ÷
÷,7347,ßÀ,10334,÷ß
ßÀ,324,ń,10335,ßÀń
ń,4020,Ėù,10336,ńĖ
Ėù,6600,ĀĀÿĀþ,10337,ĖùĀ
ĀĀÿĀþ,1541,ÿÿÿÿÿÿÿĀÿ,10338,ĀĀÿĀþÿ
ÿÿÿÿÿÿÿĀÿ,1022,ýÿĀÿ,10339,ÿÿÿÿÿÿÿĀÿý
ýÿĀÿ,1023,ÿþþĀ,10340,ýÿĀÿÿ
ÿþþĀ,255,ÿ,10341,ÿþþĀÿ
ÿ,208,Ð,10342,ÿÐ
Ð,207,Ï,10343,ÐÏ
Ï,287,ğ,10344,Ïğ
ğ,287,ğ,10345,ğğ
ğ,290,Ģ,10346,ğĢ
Ģ,272,Đ,10347,ĢĐ
Đ,1945,ýúý,10348,Đý
ýúý,7148,þþûý,10349,ýúýþ
þþûý,1637,ăýÿ,10350,þþûýă
ăýÿ,9201,ýýýý,10351,ăýÿý
ýýýý,1656,þûü,10352,ýýýýþ
þûü,9745,ûüþ,10353,þûüû
ûüþ,1080,ýāĀ,10354,ûüþý
ýāĀ,4678,ĈĂă,10355,ýāĀĈ
ĈĂă,9920,ĀĀĀā,10356,ĈĂăĀ
ĀĀĀā,4975,āþÿÿÿÿ,10357,ĀĀĀāā
āþÿÿÿÿ,6466,ÿĀÿþÿÿĀÿ,10358,āþÿÿÿÿÿ
ÿĀÿþÿÿĀÿ,2056,ÿþÿþĀ,10359,ÿĀÿþÿÿĀÿÿ
ÿþÿþĀ,4214,Āÿýþ,10360,ÿþÿþĀĀ
Āÿýþ,1036,ýÿý,10361,Āÿýþý
ýÿý,2564,þþþþ,10362,ýÿýþ
þþþþ,5352,ýýþþ,10363,þþþþý
ýýþþ,1072,ýÿþ,10364,ýýþþý
ýÿþ,1258,üþÿ,10365,ýÿþü
üþÿ,1902,üÿþ,10366,üþÿü
üÿþ,557,þÿÿÿÿÿ,10367,üÿþþ
þÿÿÿÿÿ,4179,ýĀù,10368,þÿÿÿÿÿý
ýĀù,1879,ÿýā,10369,ýĀùÿ
ÿýā,226,â,10370,ÿýāâ
â,225,á,10371,âá
á,2079,üď,10372,áü
üď,9183,ĴĀ,10373,üďĴ
ĴĀ,4974,Āýÿā,10374,ĴĀĀ
Āýÿā,2557,ýĎ,10375,Āýÿāý
ýĎ,9151,ĎÿĀ,10376,ýĎĎ
ĎÿĀ,6951,üāÿý,10377,ĎÿĀü
üāÿý,2106,ÿÿÿÿÿĀÿÿ,10378,üāÿýÿ
ÿÿÿÿÿĀÿÿ,567,ÿĀÿÿÿ,10379,ÿÿÿÿÿĀÿÿÿ
ÿĀÿÿÿ,529,Āÿ,10380,ÿĀÿÿÿĀ
Āÿ,221,Ý,10381,ĀÿÝ
Ý,203,Ë,10382,ÝË
Ë,5698,ŝû,10383,Ëŝ
ŝû,7112,ĆĄ,10384,ŝûĆ
ĆĄ,3421,ĂĂă,10385,ĆĄĂ
ĂĂă,1128,Ąă,10386,ĂĂăĄ
Ąă,679,þĀÿÿÿ,10387,Ąăþ
þĀÿÿÿ,236,ì,10388,þĀÿÿÿì
ì,43,+,10389,ì+
+,270,Ď,10390,+Ď
Ď,324,ń,10391,Ďń
ń,252,ü,10392,ńü
ü,281,ę,10393,üę
ę,292,Ĥ,10394,ęĤ
Ĥ,281,ę,10395,Ĥę
ę,276,Ĕ,10396,ęĔ
Ĕ,840,ćĂ,10397,Ĕć
ćĂ,1501,ýă,10398,ćĂý
ýă,248,ø,10399,ýăø
ø,239,ï,10400,øï
ï,234,ê,10401,ïê
ê,225,á,10402,êá
á,222,Þ,10403,áÞ
Þ,233,é,10404,Þé
é,221,Ý,10405,éÝ
Ý,195,Ã,10406,ÝÃ
Ã,430,Ʈ,10407,ÃƮ
Ʈ,326,ņ,10408,Ʈņ
ņ,804,ûù,10409,ņû
ûù,2231,ûúû,10410,ûùû
ûúû,6676,þÎ,10411,ûúûþ
þÎ,220,Ü,10412,þÎÜ
Ü,8182,ňÿ,10413,Üň
ňÿ,7809,ĀþÿþĀ,10414,ňÿĀ
ĀþÿþĀ,9829,þĀþĀþĀ,10415,ĀþÿþĀþ
þĀþĀþĀ,6102,þĀþĀÿþ,10416,þĀþĀþĀþ
þĀþĀÿþ,5437,ÿÿÿþĀÿþ,10417,þĀþĀÿþÿ
ÿÿÿþĀÿþ,876,ăÿ,10418,ÿÿÿþĀÿþă
ăÿ,249,ù,10419,ăÿù
ù,205,Í,10420,ùÍ
Í,220,Ü,10421,ÍÜ
Ü,7697,ŗĊ,10422,Üŗ
ŗĊ,1915,øć,10423,ŗĊø
øć,4653,ĀüĄ,10424,øćĀ
ĀüĄ,7282,āþĀý,10425,ĀüĄā
āþĀý,842,Ăāÿ,10426,āþĀýĂ
Ăāÿ,1473,üüÿ,10427,Ăāÿü
üüÿ,1769,Āûă,10428,üüÿĀ
Āûă,1250,ùû,10429,Āûăù
ùû,1129,ăā,10430,ùûă
ăā,217,Ù,10431,ăāÙ
Ù,185,¹,10432,Ù¹
¹,324,ń,10433,¹ń
ń,285,ĝ,10434,ńĝ
ĝ,947,øă,10435,ĝø
øă,1936,üą,10436,øăü
üą,1288,ùÿ,10437,üąù
ùÿ,7638,ÿĀÿÿþÿ,10438,ùÿÿ
ÿĀÿÿþÿ,10160,ÿÿĀÿÿÿĀ,10439,ÿĀÿÿþÿÿ
ÿÿĀÿÿÿĀ,6301,ÿþÿĀýĀ,10440,ÿÿĀÿÿÿĀÿ
ÿþÿĀýĀ,7872,ÈØ,10441,ÿþÿĀýĀÈ
ÈØ,296,Ĩ,10442,ÈØĨ
Ĩ,276,Ĕ,10443,ĨĔ
Ĕ,2059,ěđ,10444,Ĕě
ěđ,3216,Āÿý,10445,ěđĀ
Āÿý,825,ûú,10446,Āÿýû
ûú,1046,āāý,10447,ûúā
āāý,9316,ÿüüý,10448,āāýÿ
ÿüüý,7482,þüýý,10449,ÿüüýþ
þüýý,2532,üüý,10450,þüýýü
üüý,4544,āĂă,10451,üüýā
āĂă,1635,āăĀ,10452,āĂăā
āăĀ,5110,ĀÿĀā,10453,āăĀĀ
ĀÿĀā,3456,ĂĀþ,10454,ĀÿĀāĂ
ĂĀþ,4327,ĀÿÿþÿĀ,10455,ĂĀþĀ
ĀÿÿþÿĀ,2668,ÿþÿÿĀÿÿ,10456,ĀÿÿþÿĀÿ
ÿþÿÿĀÿÿ,10182,ÿþĀÿþĀ,10457,ÿþÿÿĀÿÿÿ
ÿþĀÿþĀ,9445,ýþýÿ,10458,ÿþĀÿþĀý
ýþýÿ,8048,ýþþþ,10459,ýþýÿý
ýþþþ,8628,þýýþ,10460,ýþþþþ
þýýþ,4215,þýÿþ,10461,þýýþþ
þýÿþ,10366,üþÿü,10462,þýÿþü
üþÿü,3658,þĀýÿ,10463,üþÿüþ
þĀýÿ,3487,Āÿþÿý,10464,þĀýÿĀ
Āÿþÿý,1117,Āú,10465,ĀÿþÿýĀ
Āú,8011,ýāü,10466,Āúý
ýāü,896,ââ,10467,ýāüâ
ââ,261,ą,10468,ââą
ą,264,Ĉ,10469,ąĈ
Ĉ,7329,Ĵÿ,10470,ĈĴ
Ĵÿ,1513,ÿüĂ,10471,Ĵÿÿ
ÿüĂ,513,ÿÿ,10472,ÿüĂÿ
ÿÿ,1031,ČĎ,10473,ÿÿČ
ČĎ,7750,ÿĀþĀÿþ,10474,ČĎÿ
ÿĀþĀÿþ,5514,ÿþĀþĀ,10475,ÿĀþĀÿþÿ
ÿþĀþĀ,2046,ÿÿÿÿÿÿÿĀÿþ,10476,ÿþĀþĀÿ
ÿÿÿÿÿÿÿĀÿþ,245,õ,10477,ÿÿÿÿÿÿÿĀÿþõ
õ,169,©,10478,õ©
©,349,ŝ,10479,©ŝ
ŝ,1270,ĈĀ,10480,ŝĈ
ĈĀ,1242,Ĉā,10481,ĈĀĈ
Ĉā,8219,ĄāĄ,10482,ĈāĄ
ĄāĄ,1482,Ąÿ,10483,ĄāĄĄ
Ąÿ,8997,āÿþÿÿ,10484,Ąÿā
āÿþÿÿ,144,,10485,āÿþÿÿ
,116,t,10486,t
t,327,Ň,10487,tŇ
Ň,287,ğ,10488,Ňğ
ğ,247,÷,10489,ğ÷
÷,278,Ė,10490,÷Ė
Ė,6272,Ěĕ,10491,ĖĚ
Ěĕ,8958,ďĊ,10492,Ěĕď
ďĊ,1260,üā,10493,ďĊü
üā,240,ð,10494,üāð
ð,237,í,10495,ðí
í,235,ë,10496,íë
ë,228,ä,10497,ëä
ä,232,è,10498,äè
è,259,ă,10499,èă
ă,172,¬,10500,ă¬
¬,306,Ĳ,10501,¬Ĳ
Ĳ,442,ƺ,10502,Ĳƺ
ƺ,1201,öú,10503,ƺö
öú,254,þ,10504,öúþ
þ,5274,õÿ,10505,þõ
õÿ,2690,úĂ,10506,õÿú
úĂ,171,«,10507,úĂ«
«,288,Ġ,10508,«Ġ
Ġ,296,Ĩ,10509,ĠĨ
Ĩ,4668,üÿĀ,10510,Ĩü
üÿĀ,3486,þĀýĀ,10511,üÿĀþ
þĀýĀ,10416,þĀþĀþĀþ,10512,þĀýĀþ
þĀþĀþĀþ,6222,ĀþÿĀÿþ,10513,þĀþĀþĀþĀ
ĀþÿĀÿþ,4745,Āþÿþ,10514,ĀþÿĀÿþĀ
Āþÿþ,8123,þýĂ,10515,Āþÿþþ
þýĂ,1666,āø,10516,þýĂā
āø,207,Ï,10517,āøÏ
Ï,217,Ù,10518,ÏÙ
Ù,341,ŕ,10519,Ùŕ
ŕ,1821,Đû,10520,ŕĐ
Đû,3644,ĂĀĀÿ,10521,ĐûĂ
ĂĀĀÿ,6133,þąþ,10522,ĂĀĀÿþ
þąþ,718,ÿÿþÿ,10523,þąþÿ
ÿÿþÿ,3442,üĀā,10524,ÿÿþÿü
üĀā,1659,üû,10525,üĀāü
üû,644,āþ,10526,üûā
āþ,260,Ą,10527,āþĄ
Ą,206,Î,10528,ĄÎ
Î,205,Í,10529,ÎÍ
Í,307,ĳ,10530,Íĳ
ĳ,291,ģ,10531,ĳģ
ģ,1715,ûāý,10532,ģû
ûāý,875,ûă,10533,ûāýû
ûă,3447,úĈ,10534,ûăú
úĈ,1466,ùĀ,10535,úĈù
ùĀ,2772,þÿÿÿÿÿĀÿÿÿ,10536,ùĀþ
þÿÿÿÿÿĀÿÿÿ,530,ÿÿÿÿĀ,10537,þÿÿÿÿÿĀÿÿÿÿ
ÿÿÿÿĀ,891,üĂ,10538,ÿÿÿÿĀü
üĂ,199,Ç,10539,üĂÇ
Ç,219,Û,10540,ÇÛ
Û,301,ĭ,10541,Ûĭ
ĭ,921,Ĉď,10542,ĭĈ
Ĉď,3183,ĠĀ,10543,ĈďĠ
ĠĀ,6120,ûüĀ,10544,ĠĀû
ûüĀ,5229,ÿýüÿ,10545,ûüĀÿ
ÿýüÿ,10062,þýÿü,10546,ÿýüÿþ
þýÿü,6557,üúþ,10547,þýÿüü
üúþ,1607,þÿþā,10548,üúþþ
þÿþā,9159,ĀĂă,10549,þÿþāĀ
ĀĂă,5600,Āþþā,10550,ĀĂăĀ
Āþþā,8261,ĀāāāĀ,10551,ĀþþāĀ
ĀāāāĀ,2207,ÿÿĀÿþÿ,10552,ĀāāāĀÿ
ÿÿĀÿþÿ,1333,Āÿÿÿÿÿþ,10553,ÿÿĀÿþÿĀ
Āÿÿÿÿÿþ,2444,ÿĀÿÿÿþÿÿ,10554,Āÿÿÿÿÿþÿ
ÿĀÿÿÿþÿÿ,10163,þüÿýþ,10555,ÿĀÿÿÿþÿÿþ
þüÿýþ,8848,þþþýý,10556,þüÿýþþ
þþþýý,8389,þþýÿ,10557,þþþýýþ
þþýÿ,2829,þüþ,10558,þþýÿþ
þüþ,8268,ÿýþÿý,10559,þüþÿ
ÿýþÿý,558,ÿÿÿÿÿþ,10560,ÿýþÿýÿ
ÿÿÿÿÿþ,1560,ýýú,10561,ÿÿÿÿÿþý
ýýú,644,āþ,10562,ýýúā
āþ,229,å,10563,āþå
å,224,à,10564,åà
à,5172,Ċþ,10565,àĊ
Ċþ,313,Ĺ,10566,ĊþĹ
Ĺ,1323,üÿÿ,10567,Ĺü
üÿÿ,8403,ăüÿ,10568,üÿÿă
ăüÿ,266,Ċ,10569,ăüÿĊ
Ċ,3806,Đÿ,10570,ĊĐ
Đÿ,8286,āþÿÿÿþĀ,10571,Đÿā
āþÿÿÿþĀ,1982,þĀþÿÿÿ,10572,āþÿÿÿþĀþ
þĀþÿÿÿ,7808,ÿÿÿÿþÿĀ,10573,þĀþÿÿÿÿ
ÿÿÿÿþÿĀ,256,Ā,10574,ÿÿÿÿþÿĀĀ
Ā,178,²,10575,Ā²
²,297,ĩ,10576,²ĩ
ĩ,299,ī,10577,ĩī
ī,892,Ăþ,10578,īĂ
Ăþ,1420,ćā,10579,Ăþć
ćā,3269,ăă,10580,ćāă
ăă,2542,ąĀĀÿ,10581,ăăą
ąĀĀÿ,534,þÿÿ,10582,ąĀĀÿþ
þÿÿ,247,÷,10583,þÿÿ÷
÷,67,C,10584,÷C
C,215,×,10585,C×
×,339,œ,10586,×œ
œ,998,Ăý,10587,œĂ
Ăý,1194,ċĐ,10588,Ăýċ
ċĐ,7704,čć,10589,ċĐč
čć,1469,þùþ,10590,čćþ
þùþ,231,ç,10591,þùþç
ç,8698,òú,10592,çò
òú,260,Ą,10593,òúĄ
Ą,190,¾,10594,Ą¾
¾,223,ß,10595,¾ß
ß,455,Ǉ,10596,ßǇ
Ǉ,8674,ĥý,10597,Ǉĥ
ĥý,8910,øúü,10598,ĥýø
øúü,1853,úü,10599,øúüú
úü,244,ô,10600,úüô
ô,5828,ªŇ,10601,ôª
ªŇ,9971,ďý,10602,ªŇď
ďý,938,þÿÿÿÿÿÿþ,10603,ďýþ
þÿÿÿÿÿÿþ,4119,ÿÿÿÿÿÿĀÿ,10604,þÿÿÿÿÿÿþÿ
ÿÿÿÿÿÿĀÿ,1993,ÿþÿĀþ,10605,ÿÿÿÿÿÿĀÿÿ
ÿþÿĀþ,638,ĀÿÿĀ,10606,ÿþÿĀþĀ
ĀÿÿĀ,758,üĀ,10607,ĀÿÿĀü
üĀ,260,Ą,10608,üĀĄ
Ą,243,ó,10609,Ąó
ó,217,Ù,10610,óÙ
Ù,205,Í,10611,ÙÍ
Í,327,Ň,10612,ÍŇ
Ň,2133,Ģý,10613,ŇĢ
Ģý,8799,üĄû,10614,Ģýü
üĄû,3469,ĂāĀþ,10615,üĄûĂ
ĂāĀþ,4045,ÿĂ,10616,ĂāĀþÿ
ÿĂ,9104,Āþû,10617,ÿĂĀ
Āþû,4916,ýüĄ,10618,Āþûý
ýüĄ,1260,üā,10619,ýüĄü
üā,192,À,10620,üāÀ
À,215,×,10621,À×
×,8585,ľě,10622,×ľ
ľě,4831,úăÿ,10623,ľěú
úăÿ,1936,üą,10624,úăÿü
üą,7160,Āþú,10625,üąĀ
Āþú,2613,āÿÿĀÿ,10626,Āþúā
āÿÿĀÿ,10604,þÿÿÿÿÿÿþÿ,10627,āÿÿĀÿþ
þÿÿÿÿÿÿþÿ,603,ĀÿĀ,10628,þÿÿÿÿÿÿþÿĀ
ĀÿĀ,813,ýĂ,10629,ĀÿĀý
ýĂ,3391,ÍØ,10630,ýĂÍ
ÍØ,7296,İă,10631,ÍØİ
İă,8455,ąĢ,10632,İăą
ąĢ,1785,Ąü,10633,ąĢĄ
Ąü,1655,ûþ,10634,Ąüû
ûþ,1521,ăý,10635,ûþă
ăý,1715,ûāý,10636,ăýû
ûāý,9744,ýýüû,10637,ûāýý
ýýüû,1942,üýÿ,10638,ýýüûü
üýÿ,10617,ÿĂĀ,10639,üýÿÿ
ÿĂĀ,928,ĀĀā,10640,ÿĂĀĀ
ĀĀā,2012,ÿă,10641,ĀĀāÿ
ÿă,1000,ÿāÿ,10642,ÿăÿ
ÿāÿ,4212,āĀā,10643,ÿāÿā
āĀā,1501,ýă,10644,āĀāý
ýă,4817,ÿÿÿþÿÿĀÿ,10645,ýăÿ
ÿÿÿþÿÿĀÿ,4513,þĀÿÿÿþÿ,10646,ÿÿÿþÿÿĀÿþ
þĀÿÿÿþÿ,1836,Āÿþÿÿ,10647,þĀÿÿÿþÿĀ
Āÿþÿÿ,8866,üÿý,10648,Āÿþÿÿü
üÿý,10162,ÿýþþþ,10649,üÿýÿ
ÿýþþþ,10364,ýýþþý,10650,ÿýþþþý
ýýþþý,2121,ÿþü,10651,ýýþþýÿ
ÿþü,10270,þÿüÿ,10652,ÿþüþ
þÿüÿ,2164,þÿþĀÿ,10653,þÿüÿþ
þÿþĀÿ,534,þÿÿ,10654,þÿþĀÿþ
þÿÿ,949,úĀ,10655,þÿÿú
úĀ,1466,ùĀ,10656,úĀù
ùĀ,255,ÿ,10657,ùĀÿ
ÿ,227,ã,10658,ÿã
ã,232,è,10659,ãè
è,273,đ,10660,èđ
đ,236,ì,10661,đì
ì,7206,ļÿ,10662,ìļ
ļÿ,1433,ÿĀĀü,10663,ļÿÿ
ÿĀĀü,256,Ā,10664,ÿĀĀüĀ
Ā,264,Ĉ,10665,ĀĈ
Ĉ,2060,đĀ,10666,Ĉđ
đĀ,571,ÿÿÿÿÿÿÿÿÿÿÿÿÿÿþ,10667,đĀÿ
ÿÿÿÿÿÿÿÿÿÿÿÿÿÿþ,681,ÿÿÿþĀ,10668,ÿÿÿÿÿÿÿÿÿÿÿÿÿÿþÿ
ÿÿÿþĀ,5075,ĀÙ,10669,ÿÿÿþĀĀ
ĀÙ,216,Ø,10670,ĀÙØ
Ø,343,ŗ,10671,Øŗ
ŗ,538,ÿĀ,10672,ŗÿ
ÿĀ,5134,Ąăă,10673,ÿĀĄ
Ąăă,3577,ĂĄā,10674,ĄăăĂ
ĂĄā,3896,āĀþþ,10675,ĂĄāā
āĀþþ,526,Āþ,10676,āĀþþĀ
Āþ,206,Î,10677,ĀþÎ
Î,61,=,10678,Î=
=,285,ĝ,10679,=ĝ
ĝ,316,ļ,10680,ĝļ
ļ,1939,ăû,10681,ļă
ăû,253,ý,10682,ăûý
ý,5794,ĊĀ,10683,ýĊ
ĊĀ,1734,Āă,10684,ĊĀĀ
Āă,10026,õāø,10685,Āăõ
õāø,263,ć,10686,õāøć
ć,210,Ò,10687,ćÒ
Ò,195,Ã,10688,ÒÃ
Ã,404,Ɣ,10689,ÃƔ
Ɣ,353,š,10690,Ɣš
š,253,ý,10691,šý
ý,5065,õþ,10692,ýõ
õþ,949,úĀ,10693,õþú
úĀ,246,ö,10694,úĀö
ö,260,Ą,10695,öĄ
Ą,201,É,10696,ĄÉ
É,223,ß,10697,Éß
ß,327,Ň,10698,ßŇ
Ň,5899,ýÿþÿ,10699,Ňý
ýÿþÿ,695,ÿÿÿÿÿÿÿÿÿÿÿÿÿĀ,10700,ýÿþÿÿ
ÿÿÿÿÿÿÿÿÿÿÿÿÿĀ,4853,ÿýĀÿ,10701,ÿÿÿÿÿÿÿÿÿÿÿÿÿĀÿ
ÿýĀÿ,7182,ÿþÿĂ,10702,ÿýĀÿÿ
ÿþÿĂ,3906,øĄþ,10703,ÿþÿĂø
øĄþ,1158,ÿþý,10704,øĄþÿ
ÿþý,228,ä,10705,ÿþýä
ä,202,Ê,10706,äÊ
Ê,281,ę,10707,Êę
ę,314,ĺ,10708,ęĺ
ĺ,268,Č,10709,ĺČ
Č,247,÷,10710,Č÷
÷,3115,Ćû,10711,÷Ć
Ćû,8945,Āþā,10712,ĆûĀ
Āþā,5228,ÿýþÿ,10713,Āþāÿ
ÿýþÿ,2061,ĀÿāĀ,10714,ÿýþÿĀ
ĀÿāĀ,231,ç,10715,ĀÿāĀç
ç,186,º,10716,çº
º,257,ā,10717,ºā
ā,320,ŀ,10718,āŀ
ŀ,9456,Čþ,10719,ŀČ
Čþ,5929,Ăýþ,10720,ČþĂ
Ăýþ,4723,ăø,10721,Ăýþă
ăø,3467,āĀă,10722,ăøā
āĀă,1323,üÿÿ,10723,āĀăü
üÿÿ,4478,þÿÿÿÿþÿĀ,10724,üÿÿþ
þÿÿÿÿþÿĀ,739,þÿÿÿþ,10725,þÿÿÿÿþÿĀþ
þÿÿÿþ,5450,ĂýĀ,10726,þÿÿÿþĂ
ĂýĀ,220,Ü,10727,ĂýĀÜ
Ü,204,Ì,10728,ÜÌ
Ì,303,į,10729,Ìį
į,907,ąĂ,10730,įą
ąĂ,265,ĉ,10731,ąĂĉ
ĉ,272,Đ,10732,ĉĐ
Đ,1497,Ĉþ,10733,ĐĈ
Ĉþ,2847,üĀÿþ,10734,Ĉþü
üĀÿþ,3250,ûüû,10735,üĀÿþû
ûüû,3045,üýýĀ,10736,ûüûü
üýýĀ,1181,þāÿ,10737,üýýĀþ
þāÿ,9920,ĀĀĀā,10738,þāÿĀ
ĀĀĀā,529,Āÿ,10739,ĀĀĀāĀ
Āÿ,2454,ąý,10740,Āÿą
ąý,3780,āÿāĀ,10741,ąýā
āÿāĀ,3895,Ăþā,10742,āÿāĀĂ
Ăþā,5160,ĀÿÿþÿÿĀ,10743,ĂþāĀ
ĀÿÿþÿÿĀ,668,ÿÿÿÿþÿÿÿ,10744,ĀÿÿþÿÿĀÿ
ÿÿÿÿþÿÿÿ,2369,ÿÿÿÿÿü,10745,ÿÿÿÿþÿÿÿÿ
ÿÿÿÿÿü,4818,ÿýÿ,10746,ÿÿÿÿÿüÿ
ÿýÿ,8048,ýþþþ,10747,ÿýÿý
ýþþþ,1375,üþþ,10748,ýþþþü
üþþ,913,ÿüÿ,10749,üþþÿ
ÿüÿ,10651,ýýþþýÿ,10750,ÿüÿý
ýýþþýÿ,2367,þÿÿÿÿþÿ,10751,ýýþþýÿþ
þÿÿÿÿþÿ,1591,þû,10752,þÿÿÿÿþÿþ
þû,9822,āúþ,10753,þûā
āúþ,255,ÿ,10754,āúþÿ
ÿ,219,Û,10755,ÿÛ
Û,255,ÿ,10756,Ûÿ
ÿ,278,Ė,10757,ÿĖ
Ė,212,Ô,10758,ĖÔ
Ô,318,ľ,10759,Ôľ
ľ,1796,āĀÿÿÿ,10760,ľā
āĀÿÿÿ,3535,ýć,10761,āĀÿÿÿý
ýć,275,ē,10762,ýćē
ē,7323,ÿĀĀýÿ,10763,ēÿ
ÿĀĀýÿ,1741,ÿĀÿÿÿÿÿÿÿÿÿÿÿ,10764,ÿĀĀýÿÿ
ÿĀÿÿÿÿÿÿÿÿÿÿÿ,661,þÿþÿ,10765,ÿĀÿÿÿÿÿÿÿÿÿÿÿþ
þÿþÿ,248,ø,10766,þÿþÿø
ø,175,¯,10767,ø¯
¯,336,Ő,10768,¯Ő
Ő,269,č,10769,Őč
č,1601,Ćā,10770,čĆ
Ćā,8923,ăăāă,10771,Ćāă
ăăāă,1768,ăĂĀ,10772,ăăāăă
ăĂĀ,844,ÿÿý,10773,ăĂĀÿ
ÿÿý,1521,ăý,10774,ÿÿýă
ăý,166,¦,10775,ăý¦
¦,98,b,10776,¦b
b,292,Ĥ,10777,bĤ
Ĥ,314,ĺ,10778,Ĥĺ
ĺ,7609,þýă,10779,ĺþ
þýă,962,üă,10780,þýăü
üă,246,ö,10781,üăö
ö,2995,ăāþ,10782,öă
ăāþ,220,Ü,10783,ăāþÜ
Ü,193,Á,10784,ÜÁ
Á,360,Ũ,10785,ÁŨ
Ũ,398,Ǝ,10786,ŨƎ
Ǝ,2831,ûûü,10787,Ǝû
ûûü,4482,úûû,10788,ûûüú
úûû,982,ùĂ,10789,úûûù
ùĂ,168,¨,10790,ùĂ¨
¨,294,Ħ,10791,¨Ħ
Ħ,297,ĩ,10792,Ħĩ
ĩ,6237,öĂ,10793,ĩö
öĂ,1838,ÿÿÿÿÿÿÿþÿÿ,10794,öĂÿ
ÿÿÿÿÿÿÿþÿÿ,5373,ÿÿÿÿÿþÿĀ,10795,ÿÿÿÿÿÿÿþÿÿÿ
ÿÿÿÿÿþÿĀ,5692,þÿĀþþ,10796,ÿÿÿÿÿþÿĀþ
þÿĀþþ,1346,āû,10797,þÿĀþþā
āû,1243,āă,10798,āûā
āă,248,ø,10799,āăø
ø,9631,ĉø,10800,øĉ
ĉø,8511,þì,10801,ĉøþ
þì,211,Ó,10802,þìÓ
Ó,233,é,10803,Óé
é,304,İ,10804,éİ
İ,3050,īă,10805,İī
īă,1351,ą÷,10806,īăą
ą÷,3880,ĀāĀ,10807,ą÷Ā
ĀāĀ,7250,üĀă,10808,ĀāĀü
üĀă,1960,ÿû,10809,üĀăÿ
ÿû,236,ì,10810,ÿûì
ì,206,Î,10811,ìÎ
Î,226,â,10812,Îâ
â,295,ħ,10813,âħ
ħ,7169,Ħă,10814,ħĦ
Ħă,2511,Ąþÿ,10815,ĦăĄ
Ąþÿ,2940,ÿú,10816,Ąþÿÿ
ÿú,546,ĀĀ,10817,ÿúĀ
ĀĀ,4144,Ąô,10818,ĀĀĄ
Ąô,3291,Ċü,10819,ĄôĊ
Ċü,10416,þĀþĀþĀþ,10820,Ċüþ
þĀþĀþĀþ,6196,ÿÿÿÿþĀþ,10821,þĀþĀþĀþÿ
ÿÿÿÿþĀþ,9868,Āþāþ,10822,ÿÿÿÿþĀþĀ
Āþāþ,235,ë,10823,Āþāþë
ë,194,Â,10824,ëÂ
Â,297,ĩ,10825,Âĩ
ĩ,1420,ćā,10826,ĩć
ćā,9916,ýĈ,10827,ćāý
ýĈ,7634,ĉĆă,10828,ýĈĉ
ĉĆă,6810,ÿüü,10829,ĉĆăÿ
ÿüü,6814,ûýüý,10830,ÿüüû
ûýüý,723,þĀĀ,10831,ûýüýþ
þĀĀ,4574,āāĀÿ,10832,þĀĀā
āāĀÿ,3993,āāāĀ,10833,āāĀÿā
āāāĀ,8726,ĀĀÿā,10834,āāāĀĀ
ĀĀÿā,706,ÿĀā,10835,ĀĀÿāÿ
ÿĀā,9714,ĂĀā,10836,ÿĀāĂ
ĂĀā,2952,þÿÿÿÿĀÿ,10837,ĂĀāþ
þÿÿÿÿĀÿ,6510,þÿĀÿÿÿÿ,10838,þÿÿÿÿĀÿþ
þÿĀÿÿÿÿ,1993,ÿþÿĀþ,10839,þÿĀÿÿÿÿÿ
ÿþÿĀþ,3204,þýþ,10840,ÿþÿĀþþ
þýþ,8962,ýþþÿ,10841,þýþý
ýþþÿ,3355,ýþý,10842,ýþþÿý
ýþý,2455,ýþĀ,10843,ýþýý
ýþĀ,1902,üÿþ,10844,ýþĀü
üÿþ,10364,ýýþþý,10845,üÿþý
ýýþþý,6146,ĀþþĀ,10846,ýýþþýĀ
ĀþþĀ,704,ÿþÿý,10847,ĀþþĀÿ
ÿþÿý,8866,üÿý,10848,ÿþÿýü
üÿý,703,üÿ,10849,üÿýü
üÿ,212,Ô,10850,üÿÔ
Ô,10347,ĢĐ,10851,ÔĢ
ĢĐ,192,À,10852,ĢĐÀ
À,315,Ļ,10853,ÀĻ
Ļ,3051,ăĀĀ,10854,Ļă
ăĀĀ,813,ýĂ,10855,ăĀĀý
ýĂ,1936,üą,10856,ýĂü
üą,10763,ēÿ,10857,üąē
ēÿ,3510,āÿý,10858,ēÿā
āÿý,10358,āþÿÿÿÿÿ,10859,āÿýā
āþÿÿÿÿÿ,580,ÿÿÿÿÿþĀ,10860,āþÿÿÿÿÿÿ
ÿÿÿÿÿþĀ,2155,ÿĀþþ,10861,ÿÿÿÿÿþĀÿ
ÿĀþþ,254,þ,10862,ÿĀþþþ
þ,188,¼,10863,þ¼
¼,285,ĝ,10864,¼ĝ
ĝ,307,ĳ,10865,ĝĳ
ĳ,3447,úĈ,10866,ĳú
úĈ,5029,ÿĆ,10867,úĈÿ
ÿĆ,9159,ĀĂă,10868,ÿĆĀ
ĀĂă,8077,ĄĀĀþ,10869,ĀĂăĄ
ĄĀĀþ,850,Āÿÿþ,10870,ĄĀĀþĀ
Āÿÿþ,156,,10871,Āÿÿþ
,106,j,10872,j
j,277,ĕ,10873,jĕ
ĕ,7532,ĿĎ,10874,ĕĿ
ĿĎ,2940,ÿú,10875,ĿĎÿ
ÿú,1785,Ąü,10876,ÿúĄ
Ąü,261,ą,10877,Ąüą
ą,242,ò,10878,ąò
ò,204,Ì,10879,òÌ
Ì,214,Ö,10880,ÌÖ
Ö,357,ť,10881,Öť
ť,398,Ǝ,10882,ťƎ
Ǝ,258,Ă,10883,ƎĂ
Ă,2085,õā,10884,Ăõ
õā,4449,÷Ā,10885,õā÷
÷Ā,8316,øüø,10886,÷Āø
øüø,242,ò,10887,øüøò
ò,172,¬,10888,ò¬
¬,337,ő,10889,¬ő
ő,927,ĄĀ,10890,őĄ
ĄĀ,4626,þĀÿĀÿ,10891,ĄĀþ
þĀÿĀÿ,7028,ÿÿÿþÿÿÿÿ,10892,þĀÿĀÿÿ
ÿÿÿþÿÿÿÿ,5325,ÿþĀÿÿÿÿ,10893,ÿÿÿþÿÿÿÿÿ
ÿþĀÿÿÿÿ,2587,ýÿÿÿ,10894,ÿþĀÿÿÿÿý
ýÿÿÿ,1672,þă,10895,ýÿÿÿþ
þă,1858,þú,10896,þăþ
þú,5571,ĄûĀ,10897,þúĄ
ĄûĀ,546,ĀĀ,10898,ĄûĀĀ
ĀĀ,243,ó,10899,ĀĀó
ó,7758,ê×,10900,óê
ê×,241,ñ,10901,ê×ñ
ñ,282,Ě,10902,ñĚ
Ě,290,Ģ,10903,ĚĢ
Ģ,277,ĕ,10904,Ģĕ
ĕ,2280,ĊĂ,10905,ĕĊ
ĊĂ,1083,ÿþû,10906,ĊĂÿ
ÿþû,5051,ïà,10907,ÿþûï
ïà,227,ã,10908,ïàã
ã,235,ë,10909,ãë
ë,283,ě,10910,ëě
ě,291,ģ,10911,ěģ
ģ,6941,Ēă,10912,ģĒ
Ēă,7628,ĀþÿĀý,10913,ĒăĀ
ĀþÿĀý,2666,āĀü,10914,ĀþÿĀýā
āĀü,3519,ÿăû,10915,āĀüÿ
ÿăû,10379,ÿÿÿÿÿĀÿÿÿ,10916,ÿăûÿ
ÿÿÿÿÿĀÿÿÿ,518,ÿÿÿÿÿÿÿ,10917,ÿÿÿÿÿĀÿÿÿÿ
ÿÿÿÿÿÿÿ,1233,üăþ,10918,ÿÿÿÿÿÿÿü
üăþ,247,÷,10919,üăþ÷
÷,186,º,10920,÷º
º,292,Ĥ,10921,ºĤ
Ĥ,2073,ćÿ,10922,Ĥć
ćÿ,4006,ĄÿĀ,10923,ćÿĄ
ĄÿĀ,4278,Ăāþÿÿ,10924,ĄÿĀĂ
Ăāþÿÿ,638,ĀÿÿĀ,10925,ĂāþÿÿĀ
ĀÿÿĀ,1178,ĀĂ,10926,ĀÿÿĀĀ
ĀĂ,644,āþ,10927,ĀĂā
āþ,1183,ăÿÿ,10928,āþă
ăÿÿ,4883,āÿĀĀÿ,10929,ăÿÿā
āÿĀĀÿ,8256,ăāāÿ,10930,āÿĀĀÿă
ăāāÿ,8726,ĀĀÿā,10931,ăāāÿĀ
ĀĀÿā,7739,Ăþÿÿ,10932,ĀĀÿāĂ
Ăþÿÿ,9773,ÿÿĀÿÿþÿÿÿ,10933,Ăþÿÿÿ
ÿÿĀÿÿþÿÿÿ,730,ÿÿÿÿÿĀþ,10934,ÿÿĀÿÿþÿÿÿÿ
ÿÿÿÿÿĀþ,4110,ýþýþ,10935,ÿÿÿÿÿĀþý
ýþýþ,10162,ÿýþþþ,10936,ýþýþÿ
ÿýþþþ,9757,þüÿÿ,10937,ÿýþþþþ
þüÿÿ,10845,üÿþý,10938,þüÿÿü
üÿþý,9218,ýþþý,10939,üÿþýý
ýþþý,628,Āþþÿÿ,10940,ýþþýĀ
Āþþÿÿ,2309,ÿÿýÿ,10941,Āþþÿÿÿ
ÿÿýÿ,1121,ùþ,10942,ÿÿýÿù
ùþ,1960,ÿû,10943,ùþÿ
ÿû,9766,Ôļ,10944,ÿûÔ
Ôļ,267,ċ,10945,Ôļċ
ċ,169,©,10946,ċ©
©,314,ĺ,10947,©ĺ
ĺ,3399,ċü,10948,ĺċ
ċü,1231,ăü,10949,ċüă
ăü,849,þāĀ,10950,ăüþ
þāĀ,3131,Ĕă,10951,þāĀĔ
Ĕă,1716,ýĀĂ,10952,Ĕăý
ýĀĂ,5186,þýĀ,10953,ýĀĂþ
þýĀ,3055,þĀþĀÿ,10954,þýĀþ
þĀþĀÿ,9666,ÿþÿÿþĀ,10955,þĀþĀÿÿ
ÿþÿÿþĀ,6613,þĀÿÿĀ,10956,ÿþÿÿþĀþ
þĀÿÿĀ,227,ã,10957,þĀÿÿĀã
ã,197,Å,10958,ãÅ
Å,351,ş,10959,Åş
ş,1823,üĄ,10960,şü
üĄ,3309,ĄāĂ,10961,üĄĄ
ĄāĂ,6052,ăăā,10962,ĄāĂă
ăăā,2833,ĂĂĀ,10963,ăăāĂ
ĂĂĀ,1213,þÿĀý,10964,ĂĂĀþ
þÿĀý,257,ā,10965,þÿĀýā
ā,181,µ,10966,āµ
µ,112,p,10967,µp
p,222,Þ,10968,pÞ
Þ,1011,ģĜ,10969,Þģ
ģĜ,275,ē,10970,ģĜē
ē,1290,úú,10971,ēú
úú,2007,ÞÚ,10972,úúÞ
ÞÚ,261,ą,10973,ÞÚą
ą,387,ƃ,10974,ąƃ
ƃ,357,ť,10975,ƃť
ť,1554,Ă÷,10976,ťĂ
Ă÷,703,üÿ,10977,Ă÷ü
üÿ,10789,úûûù,10978,üÿú
úûûù,262,Ć,10979,úûûùĆ
Ć,181,µ,10980,Ćµ
µ,259,ă,10981,µă
ă,307,ĳ,10982,ăĳ
ĳ,1233,üăþ,10983,ĳü
üăþ,1483,ÿĀÿÿÿÿÿÿÿÿÿ,10984,üăþÿ
ÿĀÿÿÿÿÿÿÿÿÿ,7921,þÿÿÿÿþÿÿ,10985,ÿĀÿÿÿÿÿÿÿÿÿþ
þÿÿÿÿþÿÿ,1605,ÿÿÿÿÿĀþĀ,10986,þÿÿÿÿþÿÿÿ
ÿÿÿÿÿĀþĀ,4739,þĀÿþĀ,10987,ÿÿÿÿÿĀþĀþ
þĀÿþĀ,1467,Āû,10988,þĀÿþĀĀ
Āû,246,ö,10989,Āûö
ö,236,ì,10990,öì
ì,4821,èê,10991,ìè
èê,242,ò,10992,èêò
ò,907,ąĂ,10993,òą
ąĂ,1866,Ăü,10994,ąĂĂ
Ăü,3961,øÿ,10995,Ăüø
øÿ,1195,Đē,10996,øÿĐ
Đē,280,Ę,10997,ĐēĘ
Ę,1359,đă,10998,Ęđ
đă,859,ĀýĂ,10999,đăĀ
ĀýĂ,3660,úĂþ,11000,ĀýĂú
úĂþ,3262,āÿþþ,11001,úĂþā
āÿþþ,4084,ÿĀþÿ,11002,āÿþþÿ
ÿĀþÿ,8490,ýÿĂ,11003,ÿĀþÿý
ýÿĂ,4974,Āýÿā,11004,ýÿĂĀ
Āýÿā,1594,üăû,11005,Āýÿāü
üăû,10326,ąù,11006,üăûą
ąù,10859,āÿýā,11007,ąùā
āÿýā,1150,ýāþ,11008,āÿýāý
ýāþ,194,Â,11009,ýāþÂ
Â,263,ć,11010,Âć
ć,6496,Ėÿ,11011,ćĖ
Ėÿ,5347,þĄÿ,11012,Ėÿþ
þĄÿ,1804,Ăă,11013,þĄÿĂ
Ăă,1182,ÿüă,11014,Ăăÿ
ÿüă,5869,ýÿÿĀ,11015,ÿüăý
ýÿÿĀ,881,āĀĀ,11016,ýÿÿĀā
āĀĀ,788,āÿĀ,11017,āĀĀā
āÿĀ,3310,ĂĀĀĀ,11018,āÿĀĂ
ĂĀĀĀ,4437,ÿĀĂ,11019,ĂĀĀĀÿ
ÿĀĂ,2061,ĀÿāĀ,11020,ÿĀĂĀ
ĀÿāĀ,3564,āþā,11021,ĀÿāĀā
āþā,1273,āÿĀÿ,11022,āþāā
āÿĀÿ,586,ĀĀþÿ,11023,āÿĀÿĀ
ĀĀþÿ,790,ĀþþÿĀ,11024,ĀĀþÿĀ
ĀþþÿĀ,1324,ÿþýā,11025,ĀþþÿĀÿ
ÿþýā,8154,ÿýÿÿ,11026,ÿþýāÿ
ÿýÿÿ,3015,ýÿþý,11027,ÿýÿÿý
ýÿþý,8388,ýÿþþ,11028,ýÿþýý
ýÿþþ,9857,ýýÿüÿ,11029,ýÿþþý
ýýÿüÿ,10365,ýÿþü,11030,ýýÿüÿý
ýÿþü,7288,þþþÿÿ,11031,ýÿþüþ
þþþÿÿ,3884,ÿĀÿý,11032,þþþÿÿÿ
ÿĀÿý,1199,þü,11033,ÿĀÿýþ
þü,1763,āù,11034,þüā
āù,3100,þþý,11035,āùþ
þþý,201,É,11036,þþýÉ
É,343,ŗ,11037,Éŗ
ŗ,257,ā,11038,ŗā
ā,164,¤,11039,ā¤
¤,309,ĵ,11040,¤ĵ
ĵ,3518,čÿ,11041,ĵč
čÿ,2265,ĀûĂ,11042,čÿĀ
ĀûĂ,525,þĀ,11043,ĀûĂþ
þĀ,276,Ĕ,11044,þĀĔ
Ĕ,1198,Ąþ,11045,ĔĄ
Ąþ,1095,þĂ,11046,Ąþþ
þĂ,9317,ýÿþĀ,11047,þĂý
ýÿþĀ,10821,þĀþĀþĀþÿ,11048,ýÿþĀþ
þĀþĀþĀþÿ,530,ÿÿÿÿĀ,11049,þĀþĀþĀþÿÿ
ÿÿÿÿĀ,4163,āüÿ,11050,ÿÿÿÿĀā
āüÿ,170,ª,11051,āüÿª
ª,317,Ľ,11052,ªĽ
Ľ,293,ĥ,11053,Ľĥ
ĥ,3991,úą,11054,ĥú
úą,6395,ăĂăĂ,11055,úąă
ăĂăĂ,1697,ăĀ,11056,ăĂăĂă
ăĀ,3456,ĂĀþ,11057,ăĀĂ
ĂĀþ,3218,Ăú,11058,ĂĀþĂ
Ăú,1785,Ąü,11059,ĂúĄ
Ąü,257,ā,11060,Ąüā
ā,240,ð,11061,āð
ð,152,,11062,ð
,158,,11063,
,224,à,11064,à
à,8248,üăÿ,11065,àü
üăÿ,274,Ē,11066,üăÿĒ
Ē,337,ő,11067,Ēő
ő,365,ŭ,11068,őŭ
ŭ,6132,Ģþ,11069,ŭĢ
Ģþ,6470,ôĂ,11070,Ģþô
ôĂ,4075,üùþ,11071,ôĂü
üùþ,3749,ûø,11072,üùþû
ûø,260,Ą,11073,ûøĄ
Ą,238,î,11074,Ąî
î,166,¦,11075,î¦
¦,327,Ň,11076,¦Ň
Ň,5379,ďĄù,11077,Ňď
ďĄù,732,ÿĀÿÿÿÿÿÿ,11078,ďĄùÿ
ÿĀÿÿÿÿÿÿ,2566,Āÿþÿÿÿÿ,11079,ÿĀÿÿÿÿÿÿĀ
Āÿþÿÿÿÿ,3730,þĀÿþÿÿÿ,11080,Āÿþÿÿÿÿþ
þĀÿþÿÿÿ,3295,þÿĀþÿĀ,11081,þĀÿþÿÿÿþ
þÿĀþÿĀ,911,þÿĀÿÿÿ,11082,þÿĀþÿĀþ
þÿĀÿÿÿ,644,āþ,11083,þÿĀÿÿÿā
āþ,804,ûù,11084,āþû
ûù,5391,ùù,11085,ûùù
ùù,242,ò,11086,ùùò
ò,756,üþ,11087,òü
üþ,5251,ĄĄ,11088,üþĄ
ĄĄ,262,Ć,11089,ĄĄĆ
Ć,906,Ĉą,11090,ĆĈ
Ĉą,4178,Ąýý,11091,ĈąĄ
Ąýý,5571,ĄûĀ,11092,ĄýýĄ
ĄûĀ,8850,ýĂĂ,11093,ĄûĀý
ýĂĂ,2529,ûýā,11094,ýĂĂû
ûýā,7933,ĀþÿĀā,11095,ûýāĀ
ĀþÿĀā,1138,āþü,11096,ĀþÿĀāā
āþü,2310,ÿāþ,11097,āþüÿ
ÿāþ,5967,úăþ,11098,ÿāþú
úăþ,1292,üý,11099,úăþü
üý,1479,ĆĀ,11100,üýĆ
ĆĀ,1867,üāĀ,11101,ĆĀü
üāĀ,3660,úĂþ,11102,üāĀú
úĂþ,223,ß,11103,úĂþß
ß,221,Ý,11104,ßÝ
Ý,4570,ģĀ,11105,Ýģ
ģĀ,950,ĀĄ,11106,ģĀĀ
ĀĄ,1672,þă,11107,ĀĄþ
þă,3802,ĀĀĂ,11108,þăĀ
ĀĀĂ,9706,ùāĀ,11109,ĀĀĂù
ùāĀ,8042,þÿÿĂĀ,11110,ùāĀþ
þÿÿĂĀ,4727,Āăÿ,11111,þÿÿĂĀĀ
Āăÿ,2866,þĀĂ,11112,Āăÿþ
þĀĂ,2936,ĂĂÿ,11113,þĀĂĂ
ĂĂÿ,527,þÿĀ,11114,ĂĂÿþ
þÿĀ,3537,āāā,11115,þÿĀā
āāā,2310,ÿāþ,11116,āāāÿ
ÿāþ,7136,āāýþ,11117,ÿāþā
āāýþ,706,ÿĀā,11118,āāýþÿ
ÿĀā,1867,üāĀ,11119,ÿĀāü
üāĀ,1023,ÿþþĀ,11120,üāĀÿ
ÿþþĀ,7301,Āÿþý,11121,ÿþþĀĀ
Āÿþý,2692,ÿþþþ,11122,Āÿþýÿ
ÿþþþ,10750,ÿüÿý,11123,ÿþþþÿ
ÿüÿý,7820,þýþþ,11124,ÿüÿýþ
þýþþ,2933,ýþÿý,11125,þýþþý
ýþÿý,2933,ýþÿý,11126,ýþÿýý
ýþÿý,5214,þýĀÿ,11127,ýþÿýþ
þýĀÿ,10862,ÿĀþþþ,11128,þýĀÿÿ
ÿĀþþþ,1117,Āú,11129,ÿĀþþþĀ
Āú,8866,üÿý,11130,Āúü
üÿý,246,ö,11131,üÿýö
ö,6967,Ðş,11132,öÐ
Ðş,260,Ą,11133,ÐşĄ
Ą,155,,11134,Ą
,2419,ĮĒ,11135,Į
ĮĒ,5681,ÿÿüă,11136,ĮĒÿ
ÿÿüă,846,ýā,11137,ÿÿüăý
ýā,5344,ĐĆ,11138,ýāĐ
ĐĆ,1774,ÿþĂ,11139,ĐĆÿ
ÿþĂ,5753,ýþÿÿ,11140,ÿþĂý
ýþÿÿ,9187,ÿÿÿÿÿþÿÿÿÿ,11141,ýþÿÿÿ
ÿÿÿÿÿþÿÿÿÿ,7679,ÿÿĀĀý,11142,ÿÿÿÿÿþÿÿÿÿÿ
ÿÿĀĀý,3301,ĂÕ,11143,ÿÿĀĀýĂ
ĂÕ,220,Ü,11144,ĂÕÜ
Ü,339,œ,11145,Üœ
œ,4473,ĀĄĂ,11146,œĀ
ĀĄĂ,5817,āĄĂ,11147,ĀĄĂā
āĄĂ,3352,ĂĀĂ,11148,āĄĂĂ
ĂĀĂ,950,ĀĄ,11149,ĂĀĂĀ
ĀĄ,8588,ýāþÿÿ,11150,ĀĄý
ýāþÿÿ,795,þā,11151,ýāþÿÿþ
þā,249,ù,11152,þāù
ù,216,Ø,11153,ùØ
Ø,228,ä,11154,Øä
ä,6345,øĘ,11155,äø
øĘ,3065,Ħč,11156,øĘĦ
Ħč,1960,ÿû,11157,Ħčÿ
ÿû,1481,úĄ,11158,ÿûú
úĄ,247,÷,11159,úĄ÷
÷,5782,øû,11160,÷ø
øû,4354,āýý,11161,øûā
āýý,4322,ùÇ,11162,āýýù
ùÇ,238,î,11163,ùÇî
î,317,Ľ,11164,îĽ
Ľ,3155,üĂýĀ,11165,Ľü
üĂýĀ,4425,ÿÿÿÿÿÿÿĀÿÿ,11166,üĂýĀÿ
ÿÿÿÿÿÿÿĀÿÿ,1364,ÿÿÿþþ,11167,ÿÿÿÿÿÿÿĀÿÿÿ
ÿÿÿþþ,7046,ĀÿþĀÿÿ,11168,ÿÿÿþþĀ
ĀÿþĀÿÿ,6601,þÿÿÿþĀÿ,11169,ĀÿþĀÿÿþ
þÿÿÿþĀÿ,5898,ÿþÿĀý,11170,þÿÿÿþĀÿÿ
ÿþÿĀý,4338,ÿāā,11171,ÿþÿĀýÿ
ÿāā,1137,ÿÿþā,11172,ÿāāÿ
ÿÿþā,10132,úþĀ,11173,ÿÿþāú
úþĀ,1539,ĀĀþĀ,11174,úþĀĀ
ĀĀþĀ,1052,ýāý,11175,ĀĀþĀý
ýāý,1537,Āýā,11176,ýāýĀ
Āýā,10282,ÿāûā,11177,Āýāÿ
ÿāûā,9868,Āþāþ,11178,ÿāûāĀ
Āþāþ,1232,üü,11179,Āþāþü
üü,6872,úýÿ,11180,üüú
úýÿ,3643,āĂĂ,11181,úýÿā
āĂĂ,796,āĀþ,11182,āĂĂā
āĀþ,1243,āă,11183,āĀþā
āă,2690,úĂ,11184,āăú
úĂ,2655,ùāþ,11185,úĂù
ùāþ,1178,ĀĂ,11186,ùāþĀ
ĀĂ,891,üĂ,11187,ĀĂü
üĂ,243,ó,11188,üĂó
ó,191,¿,11189,ó¿
¿,292,Ĥ,11190,¿Ĥ
Ĥ,3291,Ċü,11191,ĤĊ
Ċü,10452,āĂăā,11192,Ċüā
āĂăā,2300,üÿĆ,11193,āĂăāü
üÿĆ,10724,üÿÿþ,11194,üÿĆü
üÿÿþ,2764,ĀĂÿ,11195,üÿÿþĀ
ĀĂÿ,3744,ĀāÿĀ,11196,ĀĂÿĀ
ĀāÿĀ,3483,Āāÿÿ,11197,ĀāÿĀĀ
Āāÿÿ,2686,ýĄ,11198,Āāÿÿý
ýĄ,1152,Āā,11199,ýĄĀ
Āā,6172,ĂĀÿþĀ,11200,ĀāĂ
ĂĀÿþĀ,11200,ĀāĂ,11201,ĂĀÿþĀĀ
ĀāĂ,3125,āÿÿÿÿÿ,11202,ĀāĂā
āÿÿÿÿÿ,1498,þýÿā,11203,āÿÿÿÿÿþ
þýÿā,2890,Āþþÿþ,11204,þýÿāĀ
Āþþÿþ,856,þþþÿ,11205,Āþþÿþþ
þþþÿ,10362,ýÿýþ,11206,þþþÿý
ýÿýþ,4619,þþýþ,11207,ýÿýþþ
þþýþ,9334,þýþþþ,11208,þþýþþ
þýþþþ,11126,ýþÿýý,11209,þýþþþý
ýþÿýý,7701,ÿÿÿÿĀþþ,11210,ýþÿýýÿ
ÿÿÿÿĀþþ,6044,þĀù,11211,ÿÿÿÿĀþþþ
þĀù,633,þþÿ,11212,þĀùþ
þþÿ,236,ì,11213,þþÿì
ì,221,Ý,11214,ìÝ
Ý,358,Ŧ,11215,ÝŦ
Ŧ,258,Ă,11216,ŦĂ
Ă,6151,Ĥ,11217,Ă
Ĥ,8586,ěý,11218,Ĥě
ěý,11140,ÿþĂý,11219,ěýÿ
ÿþĂý,7289,ÿĎ,11220,ÿþĂýÿ
ÿĎ,6868,ĉĀþ,11221,ÿĎĉ
ĉĀþ,10893,ÿÿÿþÿÿÿÿÿ,11222,ĉĀþÿ
ÿÿÿþÿÿÿÿÿ,1578,ÿÿÿÿĀþ,11223,ÿÿÿþÿÿÿÿÿÿ
ÿÿÿÿĀþ,528,ĀþĀ,11224,ÿÿÿÿĀþĀ
ĀþĀ,6845,ûăý,11225,ĀþĀû
ûăý,250,ú,11226,ûăýú
ú,182,¶,11227,ú¶
¶,315,Ļ,11228,¶Ļ
Ļ,9813,Ĝą,11229,ĻĜ
Ĝą,1152,Āā,11230,ĜąĀ
Āā,3423,ăĂā,11231,Āāă
ăĂā,11014,Ăăÿ,11232,ăĂāĂ
Ăăÿ,950,ĀĄ,11233,ĂăÿĀ
ĀĄ,1524,ûĂ,11234,ĀĄû
ûĂ,1726,ĀþĂ,11235,ûĂĀ
ĀþĂ,1524,ûĂ,11236,ĀþĂû
ûĂ,8191,ýāÿÿ,11237,ûĂý
ýāÿÿ,9294,ÿúü,11238,ýāÿÿÿ
ÿúü,3910,þĀú,11239,ÿúüþ
þĀú,5154,÷ă,11240,þĀú÷
÷ă,1037,ýø,11241,÷ăý
ýø,5430,ûûù,11242,ýøû
ûûù,164,¤,11243,ûûù¤
¤,324,ń,11244,¤ń
ń,9518,đÿ,11245,ńđ
đÿ,4056,ĀýĀþ,11246,đÿĀ
ĀýĀþ,3828,ĀþĀþĀþĀ,11247,ĀýĀþĀ
ĀþĀþĀþĀ,10513,þĀþĀþĀþĀ,11248,ĀþĀþĀþĀþ
þĀþĀþĀþĀ,594,þÿÿĀþ,11249,þĀþĀþĀþĀþ
þÿÿĀþ,616,þÿÿĀÿþ,11250,þÿÿĀþþ
þÿÿĀÿþ,9993,ÿÿÿÿā,11251,þÿÿĀÿþÿ
ÿÿÿÿā,7829,þýÿÿ,11252,ÿÿÿÿāþ
þýÿÿ,7809,ĀþÿþĀ,11253,þýÿÿĀ
ĀþÿþĀ,1180,āþÿþ,11254,ĀþÿþĀā
āþÿþ,575,ĀĀþ,11255,āþÿþĀ
ĀĀþ,3938,ûĀā,11256,ĀĀþû
ûĀā,1672,þă,11257,ûĀāþ
þă,1960,ÿû,11258,þăÿ
ÿû,2503,Ąù,11259,ÿûĄ
Ąù,244,ô,11260,Ąùô
ô,241,ñ,11261,ôñ
ñ,237,í,11262,ñí
í,237,í,11263,íí
í,242,ò,11264,íò
ò,9924,ùüþ,11265,òù
ùüþ,3407,Āāÿ,11266,ùüþĀ
Āāÿ,259,ă,11267,Āāÿă
ă,270,Ď,11268,ăĎ
Ď,11269,ĎĎ,11269,ĎĎ
ĎĎ,275,ē,11270,ĎĎē
ē,1242,Ĉā,11271,ēĈ
Ĉā,1567,āü,11272,Ĉāā
āü,2094,ąû,11273,āüą
ąû,953,þĄ,11274,ąûþ
þĄ,1481,úĄ,11275,þĄú
úĄ,1961,ûÏ,11276,úĄû
ûÏ,238,î,11277,ûÏî
î,8554,Ĩþ,11278,îĨ
Ĩþ,3535,ýć,11279,Ĩþý
ýć,4240,ùă,11280,ýćù
ùă,3272,Ćú,11281,ùăĆ
Ćú,9186,ăþÿÿ,11282,Ćúă
ăþÿÿ,643,ÿÿā,11283,ăþÿÿÿ
ÿÿā,10739,ĀĀĀāĀ,11284,ÿÿāĀ
ĀĀĀāĀ,3880,ĀāĀ,11285,ĀĀĀāĀĀ
ĀāĀ,929,āĀĀÿ,11286,ĀāĀā
āĀĀÿ,3407,Āāÿ,11287,āĀĀÿĀ
Āāÿ,11017,āĀĀā,11288,Āāÿā
āĀĀā,7600,ÿÿÿĀĀÿ,11289,āĀĀāÿ
ÿÿÿĀĀÿ,527,þÿĀ,11290,ÿÿÿĀĀÿþ
þÿĀ,3869,Ăÿÿý,11291,þÿĀĂ
Ăÿÿý,2455,ýþĀ,11292,Ăÿÿýý
ýþĀ,8269,ýÿýÿ,11293,ýþĀý
ýÿýÿ,9100,þþþýÿ,11294,ýÿýÿþ
þþþýÿ,11125,þýþþý,11295,þþþýÿþ
þýþþý,8145,ÿþýÿ,11296,þýþþýÿ
ÿþýÿ,11207,ýÿýþþ,11297,ÿþýÿý
ýÿýþþ,1892,þÿÿÿĀþ,11298,ýÿýþþþ
þÿÿÿĀþ,3355,ýþý,11299,þÿÿÿĀþý
ýþý,1914,üāø,11300,ýþýü
üāø,260,Ą,11301,üāøĄ
Ą,224,à,11302,Ąà
à,241,ñ,11303,àñ
ñ,357,ť,11304,ñť
ť,256,Ā,11305,ťĀ
Ā,4748,Đ,11306,Ā
Đ,1935,Ħü,11307,ĐĦ
Ħü,6484,ÿĀýÿā,11308,Ħüÿ
ÿĀýÿā,264,Ĉ,11309,ÿĀýÿāĈ
Ĉ,6561,čĀý,11310,Ĉč
čĀý,1166,āýā,11311,čĀýā
āýā,1838,ÿÿÿÿÿÿÿþÿÿ,11312,āýāÿ
ÿÿÿÿÿÿÿþÿÿ,3942,þĀþĀþ,11313,ÿÿÿÿÿÿÿþÿÿþ
þĀþĀþ,1153,āþþþ,11314,þĀþĀþā
āþþþ,6367,ØÞ,11315,āþþþØ
ØÞ,342,Ŗ,11316,ØÞŖ
Ŗ,3704,ûą,11317,Ŗû
ûą,9159,ĀĂă,11318,ûąĀ
ĀĂă,4412,ĂĂĂĂ,11319,ĀĂăĂ
ĂĂĂĂ,3951,ÿăĂ,11320,ĂĂĂĂÿ
ÿăĂ,7629,ýĀÿþ,11321,ÿăĂý
ýĀÿþ,1304,āþÿĀ,11322,ýĀÿþā
āþÿĀ,1902,üÿþ,11323,āþÿĀü
üÿþ,2690,úĂ,11324,üÿþú
úĂ,5424,úüý,11325,úĂú
úüý,5003,þùþú,11326,úüýþ
þùþú,1178,ĀĂ,11327,þùþúĀ
ĀĂ,187,»,11328,ĀĂ»
»,241,ñ,11329,»ñ
ñ,317,Ľ,11330,ñĽ
Ľ,953,þĄ,11331,Ľþ
þĄ,4053,ùĂþ,11332,þĄù
ùĂþ,4832,ÿĀþĀ,11333,ùĂþÿ
ÿĀþĀ,9829,þĀþĀþĀ,11334,ÿĀþĀþ
þĀþĀþĀ,6562,ýĀþĀÿ,11335,þĀþĀþĀý
ýĀþĀÿ,10262,þĀÿþÿÿÿÿ,11336,ýĀþĀÿþ
þĀÿþÿÿÿÿ,4911,ÿĀÿþĀþ,11337,þĀÿþÿÿÿÿÿ
ÿĀÿþĀþ,4266,ÿÿþĀþĀ,11338,ÿĀÿþĀþÿ
ÿÿþĀþĀ,735,þþā,11339,ÿÿþĀþĀþ
þþā,4416,ĀþĀþÿþ,11340,þþāĀ
ĀþĀþÿþ,4354,āýý,11341,ĀþĀþÿþā
āýý,5167,ăýĂ,11342,āýýă
ăýĂ,1858,þú,11343,ăýĂþ
þú,1467,Āû,11344,þúĀ
Āû,242,ò,11345,Āûò
ò,223,ß,11346,òß
ß,6020,êð,11347,ßê
êð,256,Ā,11348,êðĀ
Ā,8813,ĉĊ,11349,Āĉ
ĉĊ,770,čČ,11350,ĉĊč
čČ,1116,ąĀ,11351,čČą
ąĀ,1866,Ăü,11352,ąĀĂ
Ăü,4706,ùð,11353,Ăüù
ùð,233,é,11354,ùðé
é,236,ì,11355,éì
ì,927,ĄĀ,11356,ìĄ
ĄĀ,278,Ė,11357,ĄĀĖ
Ė,298,Ī,11358,ĖĪ
Ī,8739,ĎĄþ,11359,ĪĎ
ĎĄþ,1593,Ăÿü,11360,ĎĄþĂ
Ăÿü,7848,Āýă,11361,ĂÿüĀ
Āýă,241,ñ,11362,Āýăñ
ñ,183,·,11363,ñ·
·,7621,ģĚ,11364,·ģ
ģĚ,1950,øĂ,11365,ģĚø
øĂ,8106,ĂĀĄ,11366,øĂĂ
ĂĀĄ,9861,ÿúĂ,11367,ĂĀĄÿ
ÿúĂ,1394,ÿþĀĀ,11368,ÿúĂÿ
ÿþĀĀ,4212,āĀā,11369,ÿþĀĀā
āĀā,10641,ĀĀāÿ,11370,āĀāĀ
ĀĀāÿ,2347,ÿüû,11371,ĀĀāÿÿ
ÿüû,804,ûù,11372,ÿüûû
ûù,3716,þþýĀ,11373,ûùþ
þþýĀ,1240,ăĄ,11374,þþýĀă
ăĄ,816,āĆ,11375,ăĄā
āĆ,4104,ąĆ,11376,āĆą
ąĆ,872,Ąāÿ,11377,ąĆĄ
Ąāÿ,10340,ýÿĀÿÿ,11378,Ąāÿý
ýÿĀÿÿ,2259,þÿĀÿĀ,11379,ýÿĀÿÿþ
þÿĀÿĀ,10649,üÿýÿ,11380,þÿĀÿĀü
üÿýÿ,11297,ÿþýÿý,11381,üÿýÿÿ
ÿþýÿý,4619,þþýþ,11382,ÿþýÿýþ
þþýþ,9858,ÿýÿþ,11383,þþýþÿ
ÿýÿþ,1380,þüÿ,11384,ÿýÿþþ
þüÿ,9080,þýýÿÿ,11385,þüÿþ
þýýÿÿ,2665,ÿþÿā,11386,þýýÿÿÿ
ÿþÿā,9221,þýþü,11387,ÿþÿāþ
þýþü,3249,þýû,11388,þýþüþ
þýû,3504,ĄÓ,11389,þýûĄ
ĄÓ,268,Č,11390,ĄÓČ
Č,10960,şü,11391,Čş
şü,164,¤,11392,şü¤
¤,243,ó,11393,¤ó
ó,306,Ĳ,11394,óĲ
Ĳ,3940,üþĂ,11395,Ĳü
üþĂ,1992,ûāÿ,11396,üþĂû
ûāÿ,261,ą,11397,ûāÿą
ą,2353,Đā,11398,ąĐ
Đā,10033,þÿÿÿÿÿÿÿÿÿÿÿÿþ,11399,Đāþ
þÿÿÿÿÿÿÿÿÿÿÿÿþ,11224,ÿÿÿÿĀþĀ,11400,þÿÿÿÿÿÿÿÿÿÿÿÿþÿ
ÿÿÿÿĀþĀ,1823,üĄ,11401,ÿÿÿÿĀþĀü
üĄ,241,ñ,11402,üĄñ
ñ,185,¹,11403,ñ¹
¹,307,ĳ,11404,¹ĳ
ĳ,302,Į,11405,ĳĮ
Į,8272,ûĀă,11406,Įû
ûĀă,3643,āĂĂ,11407,ûĀăā
āĂĂ,2833,ĂĂĀ,11408,āĂĂĂ
ĂĂĀ,1501,ýă,11409,ĂĂĀý
ýă,3895,Ăþā,11410,ýăĂ
Ăþā,860,Ăû,11411,ĂþāĂ
Ăû,10682,ăûý,11412,Ăûă
ăûý,531,Āþÿ,11413,ăûýĀ
Āþÿ,1653,üüü,11414,Āþÿü
üüü,3660,úĂþ,11415,üüüú
úĂþ,1310,øĀ,11416,úĂþø
øĀ,6470,ôĂ,11417,øĀô
ôĂ,238,î,11418,ôĂî
î,171,«,11419,î«
«,331,ŋ,11420,«ŋ
ŋ,271,ď,11421,ŋď
ď,1904,úā,11422,ďú
úā,2346,ûĂÿ,11423,úāû
ûĂÿ,10795,ÿÿÿÿÿÿÿþÿÿÿ,11424,ûĂÿÿ
ÿÿÿÿÿÿÿþÿÿÿ,5097,ÿÿþÿā,11425,ÿÿÿÿÿÿÿþÿÿÿÿ
ÿÿþÿā,3297,þÿÿÿþÿ,11426,ÿÿþÿāþ
þÿÿÿþÿ,10380,ÿĀÿÿÿĀ,11427,þÿÿÿþÿÿ
ÿĀÿÿÿĀ,2156,þĀÿýā,11428,ÿĀÿÿÿĀþ
þĀÿýā,1677,ĀýÿÿĀ,11429,þĀÿýāĀ
ĀýÿÿĀ,1960,ÿû,11430,ĀýÿÿĀÿ
ÿû,6485,āþþĀÿ,11431,ÿûā
āþþĀÿ,5174,ÿÿþĂ,11432,āþþĀÿÿ
ÿÿþĂ,893,þýý,11433,ÿÿþĂþ
þýý,11104,ßÝ,11434,þýýß
ßÝ,242,ò,11435,ßÝò
ò,268,Č,11436,òČ
Č,274,Ē,11437,ČĒ
Ē,279,ė,11438,Ēė
ė,8803,ĐĄĂ,11439,ėĐ
ĐĄĂ,4295,āþĀ,11440,ĐĄĂā
āþĀ,1859,ú÷,11441,āþĀú
ú÷,241,ñ,11442,ú÷ñ
ñ,6019,ëê,11443,ñë
ëê,866,óø,11444,ëêó
óø,10800,øĉ,11445,óøø
øĉ,4037,öÿ,11446,øĉö
öÿ,293,ĥ,11447,öÿĥ
ĥ,8141,ĳĀ,11448,ĥĳ
ĳĀ,11047,þĂý,11449,ĳĀþ
þĂý,1488,ÿýĀ,11450,þĂýÿ
ÿýĀ,259,ă,11451,ÿýĀă
ă,208,Ð,11452,ăÐ
Ð,216,Ø,11453,ÐØ
Ø,296,Ĩ,11454,ØĨ
Ĩ,3990,ėú,11455,Ĩė
ėú,814,ĂĄ,11456,ėúĂ
ĂĄ,5287,ùąþ,11457,ĂĄù
ùąþ,1510,ÿÿÿÿĀÿÿ,11458,ùąþÿ
ÿÿÿÿĀÿÿ,3143,Ā÷,11459,ÿÿÿÿĀÿÿĀ
Ā÷,7420,õð,11460,Ā÷õ
õð,241,ñ,11461,õðñ
ñ,11160,÷ø,11462,ñ÷
÷ø,7468,úüú,11463,÷øú
úüú,9220,ÿÿþĀĀþ,11464,úüúÿ
ÿÿþĀĀþ,2735,āĂĄ,11465,ÿÿþĀĀþā
āĂĄ,7198,ĈĈ,11466,āĂĄĈ
ĈĈ,9663,čĒ,11467,ĈĈč
čĒ,1196,ēĊ,11468,čĒē
ēĊ,2409,Ąāÿÿ,11469,ēĊĄ
Ąāÿÿ,1323,üÿÿ,11470,Ąāÿÿü
üÿÿ,1857,Ăýýþ,11471,üÿÿĂ
Ăýýþ,3426,ÿþÿþþ,11472,Ăýýþÿ
ÿþÿþþ,9437,ýþþýþ,11473,ÿþÿþþý
ýþþýþ,1652,Āü,11474,ýþþýþĀ
Āü,10747,ÿýÿý,11475,Āüÿ
ÿýÿý,3369,ýĀý,11476,ÿýÿýý
ýĀý,10895,ýÿÿÿþ,11477,ýĀýý
ýÿÿÿþ,9507,ÿāþü,11478,ýÿÿÿþÿ
ÿāþü,1105,þÿû,11479,ÿāþüþ
þÿû,1025,üĀý,11480,þÿûü
üĀý,202,Ê,11481,üĀýÊ
Ê,302,Į,11482,ÊĮ
Į,330,Ŋ,11483,ĮŊ
Ŋ,8102,ý¹,11484,Ŋý
ý¹,211,Ó,11485,ý¹Ó
Ó,7245,ĹĀ,11486,ÓĹ
ĹĀ,549,þÿÿÿÿ,11487,ĹĀþ
þÿÿÿÿ,258,Ă,11488,þÿÿÿÿĂ
Ă,1176,đĂ,11489,Ăđ
đĂ,4281,þþāÿþ,11490,đĂþ
þþāÿþ,9728,ÿÿÿÿÿÿþÿÿ,11491,þþāÿþÿ
ÿÿÿÿÿÿþÿÿ,2369,ÿÿÿÿÿü,11492,ÿÿÿÿÿÿþÿÿÿ
ÿÿÿÿÿü,1482,Ąÿ,11493,ÿÿÿÿÿüĄ
Ąÿ,1260,üā,11494,Ąÿü
üā,226,â,11495,üāâ
â,199,Ç,11496,âÇ
Ç,345,ř,11497,Çř
ř,1601,Ćā,11498,řĆ
Ćā,11182,āĂĂā,11499,Ćāā
āĂĂā,9281,ăÿā,11500,āĂĂāă
ăÿā,2330,Ăăþ,11501,ăÿāĂ
Ăăþ,965,āÿü,11502,Ăăþā
āÿü,6579,ĀĀû,11503,āÿüĀ
ĀĀû,707,āā,11504,ĀĀûā
āā,1558,ûý,11505,āāû
ûý,940,Ăþþ,11506,ûýĂ
Ăþþ,5143,øý,11507,Ăþþø
øý,2425,ûýü,11508,øýû
ûýü,524,ÿþ,11509,ûýüÿ
ÿþ,174,®,11510,ÿþ®
®,277,ĕ,11511,®ĕ
ĕ,7220,ĪĀ,11512,ĕĪ
ĪĀ,8883,ĀüĄû,11513,ĪĀĀ
ĀüĄû,5991,ĀÿþĀþ,11514,ĀüĄûĀ
ĀÿþĀþ,5868,ĀþĀþĀý,11515,ĀÿþĀþĀ
ĀþĀþĀý,2982,ĀþĀþĀþ,11516,ĀþĀþĀýĀ
ĀþĀþĀþ,1871,ÿĀÿþÿþ,11517,ĀþĀþĀþÿ
ÿĀÿþÿþ,3231,ĀÿÿÿÿĀÿÿ,11518,ÿĀÿþÿþĀ
ĀÿÿÿÿĀÿÿ,7829,þýÿÿ,11519,ĀÿÿÿÿĀÿÿþ
þýÿÿ,5125,ÿÿÿā,11520,þýÿÿÿ
ÿÿÿā,11334,ÿĀþĀþ,11521,ÿÿÿāÿ
ÿĀþĀþ,1762,üþā,11522,ÿĀþĀþü
üþā,3792,Āüă,11523,üþāĀ
Āüă,2427,ÿÿü,11524,Āüăÿ
ÿÿü,5415,Ùù,11525,ÿÿüÙ
Ùù,289,ġ,11526,Ùùġ
ġ,1230,ĉă,11527,ġĉ
ĉă,2457,Āûÿ,11528,ĉăĀ
Āûÿ,10505,þõ,11529,Āûÿþ
þõ,243,ó,11530,þõó
ó,229,å,11531,óå
å,11263,íí,11532,åí
íí,1121,ùþ,11533,ííù
ùþ,258,Ă,11534,ùþĂ
Ă,767,Čč,11535,ĂČ
Čč,2103,ĐĄ,11536,ČčĐ
ĐĄ,267,ċ,11537,ĐĄċ
ċ,9091,ìß,11538,ċì
ìß,284,Ĝ,11539,ìßĜ
Ĝ,304,İ,11540,Ĝİ
İ,9581,ÿÿĂü,11541,İÿ
ÿÿĂü,10429,Āûăù,11542,ÿÿĂüĀ
Āûăù,191,¿,11543,Āûăù¿
¿,248,ø,11544,¿ø
ø,300,Ĭ,11545,øĬ
Ĭ,4880,Ċú,11546,ĬĊ
Ċú,3238,ĄĂā,11547,ĊúĄ
ĄĂā,11340,þþāĀ,11548,ĄĂāþ
þþāĀ,4010,üõ,11549,þþāĀü
üõ,8733,íï,11550,üõí
íï,245,õ,11551,íïõ
õ,239,ï,11552,õï
ï,527,þÿĀ,11553,ïþ
þÿĀ,4172,ăăĂ,11554,þÿĀă
ăăĂ,5817,āĄĂ,11555,ăăĂā
āĄĂ,3407,Āāÿ,11556,āĄĂĀ
Āāÿ,3355,ýþý,11557,Āāÿý
ýþý,1385,úý,11558,ýþýú
úý,1290,úú,11559,úýú
úú,5049,ûÿă,11560,úúû
ûÿă,259,ă,11561,ûÿăă
ă,283,ě,11562,ăě
ě,6725,Ēę,11563,ěĒ
Ēę,9077,čă,11564,Ēęč
čă,3998,ýþþ,11565,čăý
ýþþ,1432,āýÿ,11566,ýþþā
āýÿ,8847,ýÿÿþþþ,11567,āýÿý
ýÿÿþþþ,9334,þýþþþ,11568,ýÿÿþþþþ
þýþþþ,8145,ÿþýÿ,11569,þýþþþÿ
ÿþýÿ,3036,üþÿþ,11570,ÿþýÿü
üþÿþ,4668,üÿĀ,11571,üþÿþü
üÿĀ,11387,ÿþÿāþ,11572,üÿĀÿ
ÿþÿāþ,1258,üþÿ,11573,ÿþÿāþü
üþÿ,2124,úþā,11574,üþÿú
úþā,6863,ïÐ,11575,úþāï
ïÐ,338,Œ,11576,ïÐŒ
Œ,2090,ĭþ,11577,Œĭ
ĭþ,199,Ç,11578,ĭþÇ
Ç,190,¾,11579,Ç¾
¾,314,ĺ,11580,¾ĺ
ĺ,9097,ąýþ,11581,ĺą
ąýþ,3565,āÿþā,11582,ąýþā
āÿþā,1359,đă,11583,āÿþāđ
đă,2047,þÿÿÿþĀ,11584,đăþ
þÿÿÿþĀ,10955,þĀþĀÿÿ,11585,þÿÿÿþĀþ
þĀþĀÿÿ,656,ÿÿÿÿÿÿÿĀ,11586,þĀþĀÿÿÿ
ÿÿÿÿÿÿÿĀ,2370,üĂý,11587,ÿÿÿÿÿÿÿĀü
üĂý,644,āþ,11588,üĂýā
āþ,187,»,11589,āþ»
»,268,Č,11590,»Č
Č,322,ł,11591,Čł
ł,4882,Āāāā,11592,łĀ
Āāāā,3351,ĂāĂ,11593,ĀāāāĂ
ĂāĂ,998,Ăý,11594,ĂāĂĂ
Ăý,2868,ăāý,11595,Ăýă
ăāý,6275,Āāþ,11596,ăāýĀ
Āāþ,10862,ÿĀþþþ,11597,Āāþÿ
ÿĀþþþ,542,ÿý,11598,ÿĀþþþÿ
ÿý,9638,úþÿ,11599,ÿýú
úþÿ,1562,ü÷,11600,úþÿü
ü÷,3218,Ăú,11601,ü÷Ă
Ăú,258,Ă,11602,ĂúĂ
Ă,207,Ï,11603,ĂÏ
Ï,208,Ð,11604,ÏÐ
Ð,331,ŋ,11605,Ðŋ
ŋ,3222,Āăù,11606,ŋĀ
Āăù,1939,ăû,11607,Āăùă
ăû,2237,Ăÿÿÿÿ,11608,ăûĂ
Ăÿÿÿÿ,571,ÿÿÿÿÿÿÿÿÿÿÿÿÿÿþ,11609,Ăÿÿÿÿÿ
ÿÿÿÿÿÿÿÿÿÿÿÿÿÿþ,6146,ĀþþĀ,11610,ÿÿÿÿÿÿÿÿÿÿÿÿÿÿþĀ
ĀþþĀ,7474,þÿÿÿĀþĀ,11611,ĀþþĀþ
þÿÿÿĀþĀ,9561,ÿÿÿþÿā,11612,þÿÿÿĀþĀÿ
ÿÿÿþÿā,9102,Āþýý,11613,ÿÿÿþÿāĀ
Āþýý,4148,Ąüü,11614,ĀþýýĄ
Ąüü,3456,ĂĀþ,11615,ĄüüĂ
ĂĀþ,629,ÿĀĀ,11616,ĂĀþÿ
ÿĀĀ,6608,ùăý,11617,ÿĀĀù
ùăý,2236,ĂþĂ,11618,ùăýĂ
ĂþĂ,1238,üþĀ,11619,ĂþĂü
üþĀ,8466,ÿö,11620,üþĀÿ
ÿö,10497,ëä,11621,ÿöë
ëä,10172,çô,11622,ëäç
çô,953,þĄ,11623,çôþ
þĄ,267,ċ,11624,þĄċ
ċ,275,ē,11625,ċē
ē,11439,ėĐ,11626,ēė
ėĐ,3839,ćĂā,11627,ėĐć
ćĂā,9718,Ăù,11628,ćĂāĂ
Ăù,10878,ąò,11629,Ăùą
ąò,224,à,11630,ąòà
à,288,Ġ,11631,àĠ
Ġ,2322,Ĉý,11632,ĠĈ
Ĉý,2003,üĄü,11633,Ĉýü
üĄü,6458,ăúý,11634,üĄüă
ăúý,244,ô,11635,ăúýô
ô,187,»,11636,ô»
»,4206,ćĨ,11637,»ć
ćĨ,1821,Đû,11638,ćĨĐ
Đû,1590,ăþ,11639,Đûă
ăþ,2687,Ąû,11640,ăþĄ
Ąû,242,ò,11641,Ąûò
ò,234,ê,11642,òê
ê,5671,êó,11643,êê
êó,5459,üāă,11644,êóü
üāă,10905,ĕĊ,11645,üāăĕ
ĕĊ,1695,čĊ,11646,ĕĊč
čĊ,10085,ăĄăĄ,11647,čĊă
ăĄăĄ,11197,ĀāÿĀĀ,11648,ăĄăĄĀ
ĀāÿĀĀ,6174,ÿÿþýþ,11649,ĀāÿĀĀÿ
ÿÿþýþ,1232,üü,11650,ÿÿþýþü
üü,249,ù,11651,üüù
ù,243,ó,11652,ùó
ó,1006,îõ,11653,óî
îõ,235,ë,11654,îõë
ë,2971,÷ý,11655,ë÷
÷ý,272,Đ,11656,÷ýĐ
Đ,285,ĝ,11657,Đĝ
ĝ,7179,ĞĊ,11658,ĝĞ
ĞĊ,1637,ăýÿ,11659,ĞĊă
ăýÿ,5228,ÿýþÿ,11660,ăýÿÿ
ÿýþÿ,10363,þþþþý,11661,ÿýþÿþ
þþþþý,2536,þĀýþ,11662,þþþþýþ
þĀýþ,11477,ýĀýý,11663,þĀýþý
ýĀýý,10266,ÿþýþ,11664,ýĀýýÿ
ÿþýþ,9273,þĀÿÿÿÿþ,11665,ÿþýþþ
þĀÿÿÿÿþ,1249,ýþù,11666,þĀÿÿÿÿþý
ýþù,615,Āÿþ,11667,ýþùĀ
Āÿþ,7649,çÜ,11668,Āÿþç
çÜ,361,ũ,11669,çÜũ
ũ,5330,ĖĀ,11670,ũĖ
ĖĀ,1279,Ù¤,11671,ĖĀÙ
Ù¤,313,Ĺ,11672,Ù¤Ĺ
Ĺ,5760,ċù,11673,Ĺċ
ċù,2013,ăÿÿÿÿ,11674,ċùă
ăÿÿÿÿ,5260,ċĊ,11675,ăÿÿÿÿċ
ċĊ,8947,þÿÿÿÿþĀþ,11676,ċĊþ
þÿÿÿÿþĀþ,9152,Āþÿþÿÿ,11677,þÿÿÿÿþĀþĀ
Āþÿþÿÿ,9387,ÿÿÿÿĀÿý,11678,Āþÿþÿÿÿ
ÿÿÿÿĀÿý,2666,āĀü,11679,ÿÿÿÿĀÿýā
āĀü,258,Ă,11680,āĀüĂ
Ă,242,ò,11681,Ăò
ò,182,¶,11682,ò¶
¶,8133,Łĝ,11683,¶Ł
Łĝ,9116,ĄþĂ,11684,ŁĝĄ
ĄþĂ,3138,āĀĂ,11685,ĄþĂā
āĀĂ,9714,ĂĀā,11686,āĀĂĂ
ĂĀā,3498,ÿÿĂ,11687,ĂĀāÿ
ÿÿĂ,8321,ÿüā,11688,ÿÿĂÿ
ÿüā,1023,ÿþþĀ,11689,ÿüāÿ
ÿþþĀ,2332,þüü,11690,ÿþþĀþ
þüü,258,Ă,11691,þüüĂ
Ă,244,ô,11692,Ăô
ô,1567,āü,11693,ôā
āü,802,ýý,11694,āüý
ýý,239,ï,11695,ýýï
ï,171,«,11696,ï«
«,325,Ņ,11697,«Ņ
Ņ,871,ČĄ,11698,ŅČ
ČĄ,2455,ýþĀ,11699,ČĄý
ýþĀ,3188,ĀýĀÿ,11700,ýþĀĀ
ĀýĀÿ,11492,ÿÿÿÿÿÿþÿÿÿ,11701,ĀýĀÿÿ
ÿÿÿÿÿÿþÿÿÿ,10605,ÿÿÿÿÿÿĀÿÿ,11702,ÿÿÿÿÿÿþÿÿÿÿ
ÿÿÿÿÿÿĀÿÿ,5954,ÿÿÿþÿĀ,11703,ÿÿÿÿÿÿĀÿÿÿ
ÿÿÿþÿĀ,5514,ÿþĀþĀ,11704,ÿÿÿþÿĀÿ
ÿþĀþĀ,11379,ýÿĀÿÿþ,11705,ÿþĀþĀý
ýÿĀÿÿþ,1582,ÿĀþý,11706,ýÿĀÿÿþÿ
ÿĀþý,2556,Ăÿý,11707,ÿĀþýĂ
Ăÿý,2157,āÿþĀ,11708,Ăÿýā
āÿþĀ,1936,üą,11709,āÿþĀü
üą,1759,øĄ,11710,üąø
øĄ,2298,üĀÿ,11711,øĄü
üĀÿ,7055,üæ,11712,üĀÿü
üæ,229,å,11713,üæå
å,225,á,11714,åá
á,247,÷,11715,á÷
÷,2073,ćÿ,11716,÷ć
ćÿ,277,ĕ,11717,ćÿĕ
ĕ,6841,ĝċ,11718,ĕĝ
ĝċ,9206,Ďą,11719,ĝċĎ
Ďą,941,þýÿ,11720,Ďąþ
þýÿ,5798,Āÿÿÿÿþÿÿÿ,11721,þýÿĀ
Āÿÿÿÿþÿÿÿ,798,ÿĀÿÿÿþ,11722,Āÿÿÿÿþÿÿÿÿ
ÿĀÿÿÿþ,595,þþ,11723,ÿĀÿÿÿþþ
þþ,9485,äÇ,11724,þþä
äÇ,2392,ąĩ,11725,äÇą
ąĩ,274,Ē,11726,ąĩĒ
Ē,1152,Āā,11727,ĒĀ
Āā,238,î,11728,Āāî
î,218,Ú,11729,îÚ
Ú,241,ñ,11730,Úñ
ñ,2300,üÿĆ,11731,ñü
üÿĆ,11626,ēė,11732,üÿĆē
ēė,5902,Đą,11733,ēėĐ
Đą,707,āā,11734,Đąā
āā,5134,Ąăă,11735,āāĄ
Ąăă,1129,ăā,11736,Ąăăă
ăā,6387,üĀĀþ,11737,ăāü
üĀĀþ,9201,ýýýý,11738,üĀĀþý
ýýýý,4108,Āÿāā,11739,ýýýýĀ
Āÿāā,909,ĀĀĀÿ,11740,ĀÿāāĀ
ĀĀĀÿ,2448,ûó,11741,ĀĀĀÿû
ûó,2296,êå,11742,ûóê
êå,230,æ,11743,êåæ
æ,247,÷,11744,æ÷
÷,277,ĕ,11745,÷ĕ
ĕ,2459,Ğę,11746,ĕĞ
Ğę,1013,čā,11747,Ğęč
čā,10132,úþĀ,11748,čāú
úþĀ,5066,þþþþþ,11749,úþĀþ
þþþþþ,10747,ÿýÿý,11750,þþþþþÿ
ÿýÿý,2789,ÿýþþ,11751,ÿýÿýÿ
ÿýþþ,8979,ýþþÿÿ,11752,ÿýþþý
ýþþÿÿ,6187,þĀÿĀþ,11753,ýþþÿÿþ
þĀÿĀþ,1380,þüÿ,11754,þĀÿĀþþ
þüÿ,1663,ûþü,11755,þüÿû
ûþü,253,ý,11756,ûþüý
ý,215,×,11757,ý×
×,259,ă,11758,×ă
ă,356,Ť,11759,ăŤ
Ť,5714,ċþ,11760,Ťċ
ċþ,237,í,11761,ċþí
í,142,,11762,í
,300,Ĭ,11763,Ĭ
Ĭ,5123,Ęÿ,11764,ĬĘ
Ęÿ,4702,üāþĀ,11765,Ęÿü
üāþĀ,10683,ýĊ,11766,üāþĀý
ýĊ,3922,ċĀ,11767,ýĊċ
ċĀ,11690,ÿþþĀþ,11768,ċĀÿ
ÿþþĀþ,3123,ĀþĀÿÿÿÿ,11769,ÿþþĀþĀ
ĀþĀÿÿÿÿ,10476,ÿþĀþĀÿ,11770,ĀþĀÿÿÿÿÿ
ÿþĀþĀÿ,11475,Āüÿ,11771,ÿþĀþĀÿĀ
Āüÿ,528,ĀþĀ,11772,ĀüÿĀ
ĀþĀ,258,Ă,11773,ĀþĀĂ
Ă,218,Ú,11774,ĂÚ
Ú,7632,ÊŖ,11775,ÚÊ
ÊŖ,1013,čā,11776,ÊŖč
čā,998,Ăý,11777,čāĂ
Ăý,3258,ĈýĀĀ,11778,ĂýĈ
ĈýĀĀ,10455,ĂĀþĀ,11779,ĈýĀĀĂ
ĂĀþĀ,1336,Āþý,11780,ĂĀþĀĀ
Āþý,4496,ĂĀý,11781,ĀþýĂ
ĂĀý,949,úĀ,11782,ĂĀýú
úĀ,1467,Āû,11783,úĀĀ
Āû,2909,úāý,11784,Āûú
úāý,1076,ûĀ,11785,úāýû
ûĀ,252,ü,11786,ûĀü
ü,166,¦,11787,ü¦
¦,285,ĝ,11788,¦ĝ
ĝ,4714,ĩă,11789,ĝĩ
ĩă,5321,ÿýĀĀ,11790,ĩăÿ
ÿýĀĀ,6898,ýÿÿÿÿÿÿÿ,11791,ÿýĀĀý
ýÿÿÿÿÿÿÿ,11334,ÿĀþĀþ,11792,ýÿÿÿÿÿÿÿÿ
ÿĀþĀþ,8030,ĀþĀþĀÿÿ,11793,ÿĀþĀþĀ
ĀþĀþĀÿÿ,6812,ÿÿÿÿý,11794,ĀþĀþĀÿÿÿ
ÿÿÿÿý,10379,ÿÿÿÿÿĀÿÿÿ,11795,ÿÿÿÿýÿ
ÿÿÿÿÿĀÿÿÿ,5465,þĀÿÿþĀ,11796,ÿÿÿÿÿĀÿÿÿþ
þĀÿÿþĀ,8415,þĀýā,11797,þĀÿÿþĀþ
þĀýā,7828,ÿýĀþ,11798,þĀýāÿ
ÿýĀþ,1000,ÿāÿ,11799,ÿýĀþÿ
ÿāÿ,4355,ýāþþĀ,11800,ÿāÿý
ýāþþĀ,258,Ă,11801,ýāþþĀĂ
Ă,232,è,11802,Ăè
è,4566,Öå,11803,èÖ
Öå,2711,øĊ,11804,Öåø
øĊ,276,Ĕ,11805,øĊĔ
Ĕ,2358,ęĕ,11806,Ĕę
ęĕ,4593,čĀ,11807,ęĕč
čĀ,9751,Āþþý,11808,čĀĀ
Āþþý,1888,ÿāĀ,11809,Āþþýÿ
ÿāĀ,9653,þÿþÿÿÿ,11810,ÿāĀþ
þÿþÿÿÿ,5047,ÿÿþĀþÿÿ,11811,þÿþÿÿÿÿ
ÿÿþĀþÿÿ,582,ÿÿþĀ,11812,ÿÿþĀþÿÿÿ
ÿÿþĀ,222,Þ,11813,ÿÿþĀÞ
Þ,3088,ÇĈ,11814,ÞÇ
ÇĈ,282,Ě,11815,ÇĈĚ
Ě,288,Ġ,11816,ĚĠ
Ġ,6450,äÛ,11817,Ġä
äÛ,543,ýĀ,11818,äÛý
ýĀ,260,Ą,11819,ýĀĄ
Ą,4233,ĞĘ,11820,ĄĞ
ĞĘ,7112,ĆĄ,11821,ĞĘĆ
ĆĄ,2391,þą,11822,ĆĄþ
þą,5189,ąĉ,11823,þąą
ąĉ,907,ąĂ,11824,ąĉą
ąĂ,1156,ÿüþ,11825,ąĂÿ
ÿüþ,5412,þÿýý,11826,ÿüþþ
þÿýý,3315,üüýüü,11827,þÿýýü
üüýüü,11556,āĄĂĀ,11828,üüýüüā
āĄĂĀ,700,þþþ,11829,āĄĂĀþ
þþþ,2862,ĂĀĀý,11830,þþþĂ
ĂĀĀý,247,÷,11831,ĂĀĀý÷
÷,236,ì,11832,÷ì
ì,218,Ú,11833,ìÚ
Ú,227,ã,11834,Úã
ã,260,Ą,11835,ãĄ
Ą,2926,Ĕģ,11836,ĄĔ
Ĕģ,280,Ę,11837,ĔģĘ
Ę,859,ĀýĂ,11838,ĘĀ
ĀýĂ,1566,øā,11839,ĀýĂø
øā,7720,þÿýÿ,11840,øāþ
þÿýÿ,3015,ýÿþý,11841,þÿýÿý
ýÿþý,1704,ÿýþ,11842,ýÿþýÿ
ÿýþ,4782,ýþĀÿ,11843,ÿýþý
ýþĀÿ,971,þĀÿÿý,11844,ýþĀÿþ
þĀÿÿý,9634,þþýü,11845,þĀÿÿýþ
þþýü,1652,Āü,11846,þþýüĀ
Āü,3127,úÄ,11847,Āüú
úÄ,307,ĳ,11848,úÄĳ
ĳ,9063,ŒĄ,11849,ĳŒ
ŒĄ,744,ýú,11850,ŒĄý
ýú,140,,11851,ýú
,273,đ,11852,đ
đ,2250,ħÿ,11853,đħ
ħÿ,4702,üāþĀ,11854,ħÿü
üāþĀ,251,û,11855,üāþĀû
û,766,ĉČ,11856,ûĉ
ĉČ,4490,Ăýÿ,11857,ĉČĂ
Ăýÿ,8249,ÿþĀþĀþ,11858,Ăýÿÿ
ÿþĀþĀþ,532,ÿÿÿÿÿÿÿÿÿÿÿ,11859,ÿþĀþĀþÿ
ÿÿÿÿÿÿÿÿÿÿÿ,541,Āÿÿÿ,11860,ÿÿÿÿÿÿÿÿÿÿÿĀ
Āÿÿÿ,1936,üą,11861,Āÿÿÿü
üą,2348,ûÍ,11862,üąû
ûÍ,234,ê,11863,ûÍê
ê,332,Ō,11864,êŌ
Ō,818,ăą,11865,Ōă
ăą,4510,āþāă,11866,ăąā
āþāă,4338,ÿāā,11867,āþāăÿ
ÿāā,2134,ýāĀĀ,11868,ÿāāý
ýāĀĀ,9822,āúþ,11869,ýāĀĀā
āúþ,2086,āþý,11870,āúþā
āþý,1681,üú,11871,āþýü
üú,2503,Ąù,11872,üúĄ
Ąù,6579,ĀĀû,11873,ĄùĀ
ĀĀû,177,±,11874,ĀĀû±
±,260,Ą,11875,±Ą
Ą,313,Ĺ,11876,ĄĹ
Ĺ,8621,Ăÿýþ,11877,ĹĂ
Ăÿýþ,4045,ÿĂ,11878,Ăÿýþÿ
ÿĂ,5513,ýþĀÿÿ,11879,ÿĂý
ýþĀÿÿ,5820,ÿÿÿÿþÿþĀ,11880,ýþĀÿÿÿ
ÿÿÿÿþÿþĀ,3055,þĀþĀÿ,11881,ÿÿÿÿþÿþĀþ
þĀþĀÿ,3842,Āÿýÿ,11882,þĀþĀÿĀ
Āÿýÿ,4175,ÿÿÿÿĀÿÿÿÿ,11883,Āÿýÿÿ
ÿÿÿÿĀÿÿÿÿ,1051,ÿÿÿý,11884,ÿÿÿÿĀÿÿÿÿÿ
ÿÿÿý,5083,ĀþÿĀþÿ,11885,ÿÿÿýĀ
ĀþÿĀþÿ,615,Āÿþ,11886,ĀþÿĀþÿĀ
Āÿþ,1624,Ăýû,11887,ĀÿþĂ
Ăýû,989,āĂ,11888,Ăýûā
āĂ,831,ûā,11889,āĂû
ûā,1117,Āú,11890,ûāĀ
Āú,815,Ąā,11891,ĀúĄ
Ąā,240,ð,11892,Ąāð
ð,209,Ñ,11893,ðÑ
Ñ,226,â,11894,Ñâ
â,892,Ăþ,11895,âĂ
Ăþ,6955,ĥĝ,11896,Ăþĥ
ĥĝ,2684,Ďā,11897,ĥĝĎ
Ďā,11602,ĂúĂ,11898,ĎāĂ
ĂúĂ,1162,þþÿā,11899,ĂúĂþ
þþÿā,823,ÿýý,11900,þþÿāÿ
ÿýý,11203,āÿÿÿÿÿþ,11901,ÿýýā
āÿÿÿÿÿþ,4068,ÿÿÿĀÿþÿ,11902,āÿÿÿÿÿþÿ
ÿÿÿĀÿþÿ,664,ÿÿĀĀ,11903,ÿÿÿĀÿþÿÿ
ÿÿĀĀ,227,ã,11904,ÿÿĀĀã
ã,200,È,11905,ãÈ
È,250,ú,11906,Èú
ú,277,ĕ,11907,úĕ
ĕ,241,ñ,11908,ĕñ
ñ,1466,ùĀ,11909,ñù
ùĀ,10911,ěģ,11910,ùĀě
ěģ,3307,ćü,11911,ěģć
ćü,710,ÿā,11912,ćüÿ
ÿā,276,Ĕ,11913,ÿāĔ
Ĕ,1527,Ċā,11914,ĔĊ
Ċā,1257,Āþü,11915,ĊāĀ
Āþü,1942,üýÿ,11916,Āþüü
üýÿ,5889,Āýüý,11917,üýÿĀ
Āýüý,11180,üüú,11918,Āýüýü
üüú,2633,þûû,11919,üüúþ
þûû,2686,ýĄ,11920,þûûý
ýĄ,5071,ĉą,11921,ýĄĉ
ĉą,11475,Āüÿ,11922,ĉąĀ
Āüÿ,1138,āþü,11923,Āüÿā
āþü,1129,ăā,11924,āþüă
ăā,250,ú,11925,ăāú
ú,245,õ,11926,úõ
õ,215,×,11927,õ×
×,6479,Ûý,11928,×Û
Ûý,280,Ę,11929,ÛýĘ
Ę,299,ī,11930,Ęī
ī,272,Đ,11931,īĐ
Đ,2895,øĈ,11932,Đø
øĈ,2032,úþþ,11933,øĈú
úþþ,7720,þÿýÿ,11934,úþþþ
þÿýÿ,975,þýÿý,11935,þÿýÿþ
þýÿý,1704,ÿýþ,11936,þýÿýÿ
ÿýþ,3216,Āÿý,11937,ÿýþĀ
Āÿý,970,āÿÿþ,11938,Āÿýā
āÿÿþ,5890,ýýþý,11939,āÿÿþý
ýýþý,1048,Āù,11940,ýýþýĀ
Āù,234,ê,11941,Āùê
ê,212,Ô,11942,êÔ
Ô,355,ţ,11943,Ôţ
ţ,2523,ĤĂ,11944,ţĤ
ĤĂ,1117,Āú,11945,ĤĂĀ
Āú,165,¥,11946,Āú¥
¥,233,é,11947,¥é
é,309,ĵ,11948,éĵ
ĵ,4816,ûĀĀÿ,11949,ĵû
ûĀĀÿ,1346,āû,11950,ûĀĀÿā
āû,260,Ą,11951,āûĄ
Ą,926,čĄ,11952,Ąč
čĄ,4083,ýāýÿ,11953,čĄý
ýāýÿ,4491,ÿÿÿÿÿÿÿÿÿĀ,11954,ýāýÿÿ
ÿÿÿÿÿÿÿÿÿĀ,799,þĀþÿ,11955,ÿÿÿÿÿÿÿÿÿĀþ
þĀþÿ,8248,üăÿ,11956,þĀþÿü
üăÿ,7041,þĀþý,11957,üăÿþ
þĀþý,1346,āû,11958,þĀþýā
āû,4990,Èõ,11959,āûÈ
Èõ,338,Œ,11960,ÈõŒ
Œ,10608,üĀĄ,11961,Œü
üĀĄ,10087,āāþĀ,11962,üĀĄā
āāþĀ,878,āÿÿ,11963,āāþĀā
āÿÿ,2719,ĂĀĀ,11964,āÿÿĂ
ĂĀĀ,6681,ûþĀþ,11965,ĂĀĀû
ûþĀþ,705,ýÿÿ,11966,ûþĀþý
ýÿÿ,9683,ùāý,11967,ýÿÿù
ùāý,252,ü,11968,ùāýü
ü,185,¹,11969,ü¹
¹,239,ï,11970,¹ï
ï,317,Ľ,11971,ïĽ
Ľ,5172,Ċþ,11972,ĽĊ
Ċþ,1488,ÿýĀ,11973,Ċþÿ
ÿýĀ,9562,āÿþÿþ,11974,ÿýĀā
āÿþÿþ,7360,ÿĀþÿÿÿ,11975,āÿþÿþÿ
ÿĀþÿÿÿ,11248,ĀþĀþĀþĀþ,11976,ÿĀþÿÿÿĀ
ĀþĀþĀþĀþ,10319,ÿÿÿÿÿÿþÿĀ,11977,ĀþĀþĀþĀþÿ
ÿÿÿÿÿÿþÿĀ,10139,ÿÿÿÿÿÿÿþÿÿĀ,11978,ÿÿÿÿÿÿþÿĀÿ
ÿÿÿÿÿÿÿþÿÿĀ,10182,ÿþĀÿþĀ,11979,ÿÿÿÿÿÿÿþÿÿĀÿ
ÿþĀÿþĀ,1118,úÿ,11980,ÿþĀÿþĀú
úÿ,2931,ąýü,11981,úÿą
ąýü,989,āĂ,11982,ąýüā
āĂ,1591,þû,11983,āĂþ
þû,260,Ą,11984,þûĄ
Ą,245,õ,11985,Ąõ
õ,210,Ò,11986,õÒ
Ò,2603,äĆ,11987,Òä
äĆ,319,Ŀ,11988,äĆĿ
Ŀ,205,Í,11989,ĿÍ
Í,264,Ĉ,11990,ÍĈ
Ĉ,3365,ĮĂ,11991,ĈĮ
ĮĂ,6448,Āüþ,11992,ĮĂĀ
Āüþ,5643,ĀýĀĂ,11993,ĀüþĀ
ĀýĀĂ,4165,þĀþþĀ,11994,ĀýĀĂþ
þĀþþĀ,7342,þÿÿÿÿÿÿÿĀ,11995,þĀþþĀþ
þÿÿÿÿÿÿÿĀ,7721,ÿþÿĀþÿÿ,11996,þÿÿÿÿÿÿÿĀÿ
ÿþÿĀþÿÿ,1784,ûĄ,11997,ÿþÿĀþÿÿû
ûĄ,255,ÿ,11998,ûĄÿ
ÿ,235,ë,11999,ÿë
ë,209,Ñ,12000,ëÑ
Ñ,10499,èă,12001,Ñè
èă,265,ĉ,12002,èăĉ
ĉ,295,ħ,12003,ĉħ
ħ,1830,ĕā,12004,ħĕ
ĕā,245,õ,12005,ĕāõ
õ,265,ĉ,12006,õĉ
ĉ,278,Ė,12007,ĉĖ
Ė,3482,ČĀ,12008,ĖČ
ČĀ,2032,úþþ,12009,ČĀú
úþþ,2325,ýüþ,12010,úþþý
ýüþ,3525,ÿĀû,12011,ýüþÿ
ÿĀû,2932,üûý,12012,ÿĀûü
üûý,1752,ýüü,12013,üûýý
ýüü,6580,ûýþý,12014,ýüüû
ûýþý,1672,þă,12015,ûýþýþ
þă,1033,ćć,12016,þăć
ćć,948,ăú,12017,ććă
ăú,1082,āāÿ,12018,ăúā
āāÿ,11029,ýÿþþý,12019,āāÿý
ýÿþþý,244,ô,12020,ýÿþþýô
ô,212,Ô,12021,ôÔ
Ô,223,ß,12022,Ôß
ß,259,ă,12023,ßă
ă,298,Ī,12024,ăĪ
Ī,8674,ĥý,12025,Īĥ
ĥý,1161,Āýþ,12026,ĥýĀ
Āýþ,704,ÿþÿý,12027,Āýþÿ
ÿþÿý,11294,ýÿýÿþ,12028,ÿþÿýý
ýÿýÿþ,4856,ýÿĀÿþĀ,12029,ýÿýÿþý
ýÿĀÿþĀ,10266,ÿþýþ,12030,ýÿĀÿþĀÿ
ÿþýþ,3428,ýýü,12031,ÿþýþý
ýýü,2940,ÿú,12032,ýýüÿ
ÿú,212,Ô,12033,ÿúÔ
Ô,260,Ą,12034,ÔĄ
Ą,5171,ŧĊ,12035,Ąŧ
ŧĊ,1593,Ăÿü,12036,ŧĊĂ
Ăÿü,196,Ä,12037,ĂÿüÄ
Ä,184,¸,12038,Ä¸
¸,8411,Łÿ,12039,¸Ł
Łÿ,7749,ăþÿ,12040,Łÿă
ăþÿ,4163,āüÿ,12041,ăþÿā
āüÿ,268,Č,12042,āüÿČ
Č,3657,ćþ,12043,Čć
ćþ,10076,āýĀÿ,12044,ćþā
āýĀÿ,642,ÿÿÿÿÿþÿÿ,12045,āýĀÿÿ
ÿÿÿÿÿþÿÿ,11586,þĀþĀÿÿÿ,12046,ÿÿÿÿÿþÿÿþ
þĀþĀÿÿÿ,5320,þþĂÿ,12047,þĀþĀÿÿÿþ
þþĂÿ,2186,üĀĀ,12048,þþĂÿü
üĀĀ,246,ö,12049,üĀĀö
ö,194,Â,12050,öÂ
Â,259,ă,12051,Âă
ă,335,ŏ,12052,ăŏ
ŏ,1538,āýĀ,12053,ŏā
āýĀ,2042,ĂÿĀĀ,12054,āýĀĂ
ĂÿĀĀ,8711,āÿĀþ,12055,ĂÿĀĀā
āÿĀþ,10127,ýăý,12056,āÿĀþý
ýăý,2346,ûĂÿ,12057,ýăýû
ûĂÿ,1202,úû,12058,ûĂÿú
úû,4824,Ăþû,12059,úûĂ
Ăþû,189,½,12060,Ăþû½
½,236,ì,12061,½ì
ì,319,Ŀ,12062,ìĿ
Ŀ,269,č,12063,Ŀč
č,10438,ùÿÿ,12064,čù
ùÿÿ,11879,ÿĂý,12065,ùÿÿÿ
ÿĂý,999,ýþÿ,12066,ÿĂýý
ýþÿ,6054,āĀþĀÿ,12067,ýþÿā
āĀþĀÿ,6739,ÿÿþÿþĀ,12068,āĀþĀÿÿ
ÿÿþÿþĀ,11586,þĀþĀÿÿÿ,12069,ÿÿþÿþĀþ
þĀþĀÿÿÿ,11142,ÿÿÿÿÿþÿÿÿÿÿ,12070,þĀþĀÿÿÿÿ
ÿÿÿÿÿþÿÿÿÿÿ,5437,ÿÿÿþĀÿþ,12071,ÿÿÿÿÿþÿÿÿÿÿÿ
ÿÿÿþĀÿþ,682,ĀÿþĀ,12072,ÿÿÿþĀÿþĀ
ĀÿþĀ,10060,üąý,12073,ĀÿþĀü
üąý,6387,üĀĀþ,12074,üąýü
üĀĀþ,1095,þĂ,12075,üĀĀþþ
þĂ,246,ö,12076,þĂö
ö,226,â,12077,öâ
â,209,Ñ,12078,âÑ
Ñ,265,ĉ,12079,Ñĉ
ĉ,303,į,12080,ĉį
į,296,Ĩ,12081,įĨ
Ĩ,4860,õ§,12082,Ĩõ
õ§,292,Ĥ,12083,õ§Ĥ
Ĥ,302,Į,12084,ĤĮ
Į,5303,ùĀā,12085,Įù
ùĀā,1081,Āÿþā,12086,ùĀāĀ
Āÿþā,8389,þþýÿ,12087,Āÿþāþ
þþýÿ,7772,āĀþÿ,12088,þþýÿā
āĀþÿ,6797,ÿþÿÿÿÿþ,12089,āĀþÿÿ
ÿþÿÿÿÿþ,7458,ĀþÿĀþĀ,12090,ÿþÿÿÿÿþĀ
ĀþÿĀþĀ,2686,ýĄ,12091,ĀþÿĀþĀý
ýĄ,1822,ûāü,12092,ýĄû
ûāü,248,ø,12093,ûāüø
ø,195,Ã,12094,øÃ
Ã,249,ù,12095,Ãù
ù,305,ı,12096,ùı
ı,2397,ďõ,12097,ıď
ďõ,258,Ă,12098,ďõĂ
Ă,280,Ę,12099,ĂĘ
Ę,3806,Đÿ,12100,ĘĐ
Đÿ,2331,þýüþ,12101,Đÿþ
þýüþ,10749,üþþÿ,12102,þýüþü
üþþÿ,10048,ýýüý,12103,üþþÿý
ýýüý,6814,ûýüý,12104,ýýüýû
ûýüý,1853,úü,12105,ûýüýú
úü,1947,āüþ,12106,úüā
āüþ,1415,ăć,12107,āüþă
ăć,10891,ĄĀþ,12108,ăćĄ
ĄĀþ,2387,Ćù,12109,ĄĀþĆ
Ćù,1255,ýāā,12110,Ćùý
ýāā,1488,ÿýĀ,12111,ýāāÿ
ÿýĀ,813,ýĂ,12112,ÿýĀý
ýĂ,248,ø,12113,ýĂø
ø,242,ò,12114,øò
ò,213,Õ,12115,òÕ
Õ,224,à,12116,Õà
à,289,ġ,12117,àġ
ġ,303,į,12118,ġį
į,1573,Ąÿý,12119,įĄ
Ąÿý,2998,þþÿþý,12120,Ąÿýþ
þþÿþý,1059,ýþÿþ,12121,þþÿþýý
ýþÿþ,2068,ÿÿÿÿÿÿþþ,12122,ýþÿþÿ
ÿÿÿÿÿÿþþ,11826,ÿüþþ,12123,ÿÿÿÿÿÿþþÿ
ÿüþþ,1558,ûý,12124,ÿüþþû
ûý,242,ò,12125,ûýò
ò,205,Í,12126,òÍ
Í,318,ľ,12127,Íľ
ľ,327,Ň,12128,ľŇ
Ň,4201,ăĂý,12129,Ňă
ăĂý,252,ü,12130,ăĂýü
ü,223,ß,12131,üß
ß,152,,12132,ß
,314,ĺ,12133,ĺ
ĺ,1782,Ďÿ,12134,ĺĎ
Ďÿ,971,þĀÿÿý,12135,Ďÿþ
þĀÿÿý,5301,Ĉĉ,12136,þĀÿÿýĈ
Ĉĉ,11609,Ăÿÿÿÿÿ,12137,ĈĉĂ
Ăÿÿÿÿÿ,7378,ÿÿÿþþÿÿ,12138,Ăÿÿÿÿÿÿ
ÿÿÿþþÿÿ,516,ÿÿÿÿÿ,12139,ÿÿÿþþÿÿÿ
ÿÿÿÿÿ,12107,āüþă,12140,ÿÿÿÿÿā
āüþă,6197,þĀû,12141,āüþăþ
þĀû,1155,Ăÿÿ,12142,þĀûĂ
Ăÿÿ,246,ö,12143,Ăÿÿö
ö,198,Æ,12144,öÆ
Æ,244,ô,12145,Æô
ô,334,Ŏ,12146,ôŎ
Ŏ,5512,Čý,12147,ŎČ
Čý,8259,ĀāĀÿ,12148,ČýĀ
ĀāĀÿ,3499,Ăÿþþ,12149,ĀāĀÿĂ
Ăÿþþ,2155,ÿĀþþ,12150,Ăÿþþÿ
ÿĀþþ,4251,ÿýþĄ,12151,ÿĀþþÿ
ÿýþĄ,862,üó,12152,ÿýþĄü
üó,187,»,12153,üó»
»,252,ü,12154,»ü
ü,309,ĵ,12155,üĵ
ĵ,266,Ċ,12156,ĵĊ
Ċ,1915,øć,12157,Ċø
øć,6145,ýÿĀĀ,12158,øćý
ýÿĀĀ,1238,üþĀ,12159,ýÿĀĀü
üþĀ,5991,ĀÿþĀþ,12160,üþĀĀ
ĀÿþĀþ,1928,ÿÿÿÿÿÿÿÿÿÿÿÿÿÿÿþ,12161,ĀÿþĀþÿ
ÿÿÿÿÿÿÿÿÿÿÿÿÿÿÿþ,6817,Āþÿÿÿÿÿÿÿÿÿ,12162,ÿÿÿÿÿÿÿÿÿÿÿÿÿÿÿþĀ
Āþÿÿÿÿÿÿÿÿÿ,626,ÿÿÿĀÿÿ,12163,Āþÿÿÿÿÿÿÿÿÿÿ
ÿÿÿĀÿÿ,2162,þĀþĀ,12164,ÿÿÿĀÿÿþ
þĀþĀ,4240,ùă,12165,þĀþĀù
ùă,10798,āûā,12166,ùăā
āûā,1130,āý,12167,āûāā
āý,227,ã,12168,āýã
ã,213,Õ,12169,ãÕ
Õ,251,û,12170,Õû
û,5158,ħİ,12171,ûħ
ħİ,1116,ąĀ,12172,ħİą
ąĀ,158,,12173,ąĀ
,227,ã,12174,ã
ã,322,ł,12175,ãł
ł,1935,Ħü,12176,łĦ
Ħü,1939,ăû,12177,Ħüă
ăû,2149,āúĀ,12178,ăûā
āúĀ,11284,ÿÿāĀ,12179,āúĀÿ
ÿÿāĀ,2662,ĀþýĀ,12180,ÿÿāĀĀ
ĀþýĀ,3942,þĀþĀþ,12181,ĀþýĀþ
þĀþĀþ,5953,ÿþāþÿ,12182,þĀþĀþÿ
ÿþāþÿ,3942,þĀþĀþ,12183,ÿþāþÿþ
þĀþĀþ,699,ýþ,12184,þĀþĀþý
ýþ,1590,ăþ,12185,ýþă
ăþ,234,ê,12186,ăþê
ê,201,É,12187,êÉ
É,306,Ĳ,12188,ÉĲ
Ĳ,10710,Č÷,12189,ĲČ
Č÷,11806,Ĕę,12190,Č÷Ĕ
Ĕę,1432,āýÿ,12191,Ĕęā
āýÿ,3602,úăù,12192,āýÿú
úăù,3248,ýûþ,12193,úăùý
ýûþ,604,Āþþ,12194,ýûþĀ
Āþþ,1858,þú,12195,Āþþþ
þú,3250,ûüû,12196,þúû
ûüû,11756,ûþüý,12197,ûüûû
ûþüý,4038,ÿĄ,12198,ûþüýÿ
ÿĄ,4606,Ćăÿ,12199,ÿĄĆ
Ćăÿ,9505,ÿĂā,12200,Ćăÿÿ
ÿĂā,2346,ûĂÿ,12201,ÿĂāû
ûĂÿ,8981,þýþÿ,12202,ûĂÿþ
þýþÿ,1016,āþÿ,12203,þýþÿā
āþÿ,3040,Ăüÿ,12204,āþÿĂ
Ăüÿ,237,í,12205,Ăüÿí
í,228,ä,12206,íä
ä,8691,ēĔ,12207,äē
ēĔ,7829,þýÿÿ,12208,ēĔþ
þýÿÿ,10062,þýÿü,12209,þýÿÿþ
þýÿü,2662,ĀþýĀ,12210,þýÿüĀ
ĀþýĀ,1542,ÿÿÿþÿÿÿ,12211,ĀþýĀÿ
ÿÿÿþÿÿÿ,2325,ýüþ,12212,ÿÿÿþÿÿÿý
ýüþ,10897,þúĄ,12213,ýüþþ
þúĄ,210,Ò,12214,þúĄÒ
Ò,235,ë,12215,Òë
ë,364,Ŭ,12216,ëŬ
Ŭ,282,Ě,12217,ŬĚ
Ě,995,āÿÿý,12218,Ěā
āÿÿý,240,ð,12219,āÿÿýð
ð,149,,12220,ð
,278,Ė,12221,Ė
Ė,6132,Ģþ,12222,ĖĢ
Ģþ,7139,ÿÿÿāü,12223,Ģþÿ
ÿÿÿāü,11535,ĂČ,12224,ÿÿÿāüĂ
ĂČ,3067,Ąýā,12225,ĂČĄ
Ąýā,7137,þÿÿÿÿÿĀþ,12226,Ąýāþ
þÿÿÿÿÿĀþ,8998,ÿÿÿÿÿÿÿÿý,12227,þÿÿÿÿÿĀþÿ
ÿÿÿÿÿÿÿÿý,900,þĆ,12228,ÿÿÿÿÿÿÿÿýþ
þĆ,2627,ûþþ,12229,þĆû
ûþþ,2663,ĀĀü,12230,ûþþĀ
ĀĀü,260,Ą,12231,ĀĀüĄ
Ą,4733,òØ,12232,Ąò
òØ,222,Þ,12233,òØÞ
Þ,8794,Ŀġ,12234,ÞĿ
Ŀġ,1580,ùąĀ,12235,Ŀġù
ùąĀ,1165,ýĀā,12236,ùąĀý
ýĀā,997,þÿĂ,12237,ýĀāþ
þÿĂ,11890,ûāĀ,12238,þÿĂû
ûāĀ,1689,÷ā,12239,ûāĀ÷
÷ā,876,ăÿ,12240,÷āă
ăÿ,226,â,12241,ăÿâ
â,186,º,12242,âº
º,278,Ė,12243,ºĖ
Ė,5713,ĭċ,12244,Ėĭ
ĭċ,4280,þĀþÿþ,12245,ĭċþ
þĀþÿþ,1138,āþü,12246,þĀþÿþā
āþü,5280,Ăāý,12247,āþüĂ
Ăāý,2261,þÿÿÿÿÿÿÿþ,12248,Ăāýþ
þÿÿÿÿÿÿÿþ,2046,ÿÿÿÿÿÿÿĀÿþ,12249,þÿÿÿÿÿÿÿþÿ
ÿÿÿÿÿÿÿĀÿþ,7072,Āþÿþÿ,12250,ÿÿÿÿÿÿÿĀÿþĀ
Āþÿþÿ,1926,ĀÿÿĀÿþ,12251,ĀþÿþÿĀ
ĀÿÿĀÿþ,10941,Āþþÿÿÿ,12252,ĀÿÿĀÿþĀ
Āþþÿÿÿ,7933,ĀþÿĀā,12253,ĀþþÿÿÿĀ
ĀþÿĀā,10254,üÿĀā,12254,ĀþÿĀāü
üÿĀā,7425,þä,12255,üÿĀāþ
þä,210,Ò,12256,þäÒ
Ò,244,ô,12257,Òô
ô,291,ģ,12258,ôģ
ģ,304,İ,12259,ģİ
İ,275,ē,12260,İē
ē,9522,öĉ,12261,ēö
öĉ,209,Ñ,12262,öĉÑ
Ñ,124,|,12263,Ñ|
|,308,Ĵ,12264,|Ĵ
Ĵ,9567,Ŋė,12265,ĴŊ
Ŋė,11152,þāù,12266,Ŋėþ
þāù,3332,ąþā,12267,þāùą
ąþā,1236,ýýþ,12268,ąþāý
ýýþ,1163,āāÿÿ,12269,ýýþā
āāÿÿ,10700,ýÿþÿÿ,12270,āāÿÿý
ýÿþÿÿ,11903,ÿÿÿĀÿþÿÿ,12271,ýÿþÿÿÿ
ÿÿÿĀÿþÿÿ,672,þÿÿĀĀ,12272,ÿÿÿĀÿþÿÿþ
þÿÿĀĀ,1848,āú,12273,þÿÿĀĀā
āú,198,Æ,12274,āúÆ
Æ,275,ē,12275,Æē
ē,9032,ĕþ,12276,ēĕ
ĕþ,282,Ě,12277,ĕþĚ
Ě,2960,Ĕÿ,12278,ĚĔ
Ĕÿ,2533,ýýû,12279,Ĕÿý
ýýû,1119,ÿ÷,12280,ýýûÿ
ÿ÷,3499,Ăÿþþ,12281,ÿ÷Ă
Ăÿþþ,2938,þüù,12282,Ăÿþþþ
þüù,7262,ýüýû,12283,þüùý
ýüýû,2627,ûþþ,12284,ýüýûû
ûþþ,620,āÿ,12285,ûþþā
āÿ,3727,ćĀÿ,12286,āÿć
ćĀÿ,2308,ĂĀÿ,12287,ćĀÿĂ
ĂĀÿ,9717,ýþýĂ,12288,ĂĀÿý
ýþýĂ,2258,āþÿĀþ,12289,ýþýĂā
āþÿĀþ,5048,ÿāû,12290,āþÿĀþÿ
ÿāû,1131,ýĂĀ,12291,ÿāûý
ýĂĀ,4000,ýÿÿü,12292,ýĂĀý
ýÿÿü,11297,ÿþýÿý,12293,ýÿÿüÿ
ÿþýÿý,10232,ÿýĀþþ,12294,ÿþýÿýÿ
ÿýĀþþ,530,ÿÿÿÿĀ,12295,ÿýĀþþÿ
ÿÿÿÿĀ,10844,ýþĀü,12296,ÿÿÿÿĀý
ýþĀü,10843,ýþýý,12297,ýþĀüý
ýþýý,2437,ÿò,12298,ýþýýÿ
ÿò,207,Ï,12299,ÿòÏ
Ï,297,ĩ,12300,Ïĩ
ĩ,1954,ŘĄ,12301,ĩŘ
ŘĄ,6715,Āÿÿü,12302,ŘĄĀ
Āÿÿü,251,û,12303,Āÿÿüû
û,164,¤,12304,û¤
¤,3213,îĭ,12305,¤î
îĭ,12248,Ăāýþ,12306,îĭĂ
Ăāýþ,12018,ăúā,12307,Ăāýþă
ăúā,771,Čą,12308,ăúāČ
Čą,6221,þÿÿÿÿÿÿĀ,12309,Čąþ
þÿÿÿÿÿÿĀ,601,ÿÿÿÿÿÿÿÿþ,12310,þÿÿÿÿÿÿĀÿ
ÿÿÿÿÿÿÿÿþ,1672,þă,12311,ÿÿÿÿÿÿÿÿþþ
þă,3223,ùĄ,12312,þăù
ùĄ,6043,ûăþ,12313,ùĄû
ûăþ,5899,ýÿþÿ,12314,ûăþý
ýÿþÿ,3218,Ăú,12315,ýÿþÿĂ
Ăú,227,ã,12316,Ăúã
ã,207,Ï,12317,ãÏ
Ï,8566,ĖĽ,12318,ÏĖ
ĖĽ,2861,ĉĂ,12319,ĖĽĉ
ĉĂ,3520,ûþĀ,12320,ĉĂû
ûþĀ,878,āÿÿ,12321,ûþĀā
āÿÿ,9910,ûĂþ,12322,āÿÿû
ûĂþ,816,āĆ,12323,ûĂþā
āĆ,230,æ,12324,āĆæ
æ,205,Í,12325,æÍ
Í,225,á,12326,Íá
á,298,Ī,12327,áĪ
Ī,7997,ĢĂ,12328,ĪĢ
ĢĂ,4640,üĂú,12329,ĢĂü
üĂú,10816,Ąþÿÿ,12330,üĂúĄ
Ąþÿÿ,2961,ÿþāÿ,12331,Ąþÿÿÿ
ÿþāÿ,8760,üĀÿÿÿ,12332,ÿþāÿü
üĀÿÿÿ,589,ÿÿÿÿÿÿÿÿÿÿÿÿĀ,12333,üĀÿÿÿÿ
ÿÿÿÿÿÿÿÿÿÿÿÿĀ,3943,þĀþÿÿþ,12334,ÿÿÿÿÿÿÿÿÿÿÿÿĀþ
þĀþÿÿþ,4704,ĀþĀÿÿþ,12335,þĀþÿÿþĀ
ĀþĀÿÿþ,7922,ÿÿĀþÿÿĀþ,12336,ĀþĀÿÿþÿ
ÿÿĀþÿÿĀþ,3157,Āÿþû,12337,ÿÿĀþÿÿĀþĀ
Āÿþû,2815,Ąÿÿ,12338,ĀÿþûĄ
Ąÿÿ,238,î,12339,Ąÿÿî
î,205,Í,12340,îÍ
Í,238,î,12341,Íî
î,291,ģ,12342,îģ
ģ,302,Į,12343,ģĮ
Į,280,Ę,12344,ĮĘ
Ę,1310,øĀ,12345,Ęø
øĀ,703,üÿ,12346,øĀü
üÿ,123,{,12347,üÿ{
{,209,Ñ,12348,{Ñ
Ñ,330,Ŋ,12349,ÑŊ
Ŋ,321,Ł,12350,ŊŁ
Ł,4126,Ĕþ,12351,ŁĔ
Ĕþ,4824,Ăþû,12352,ĔþĂ
Ăþû,11858,Ăýÿÿ,12353,ĂþûĂ
Ăýÿÿ,11704,ÿÿÿþÿĀÿ,12354,Ăýÿÿÿ
ÿÿÿþÿĀÿ,11334,ÿĀþĀþ,12355,ÿÿÿþÿĀÿÿ
ÿĀþĀþ,931,ÿÿĀÿÿ,12356,ÿĀþĀþÿ
ÿÿĀÿÿ,2363,ýÿĀÿĀ,12357,ÿÿĀÿÿý
ýÿĀÿĀ,703,üÿ,12358,ýÿĀÿĀü
üÿ,243,ó,12359,üÿó
ó,204,Ì,12360,óÌ
Ì,299,ī,12361,Ìī
ī,256,Ā,12362,īĀ
Ā,274,Ē,12363,ĀĒ
Ē,8452,ĝă,12364,Ēĝ
ĝă,5508,ù÷,12365,ĝăù
ù÷,4252,Ąýø,12366,ù÷Ą
Ąýø,1637,ăýÿ,12367,Ąýøă
ăýÿ,1854,üþú,12368,ăýÿü
üþú,2828,üüþ,12369,üþúü
üüþ,7151,ûýûý,12370,üüþû
ûýûý,11231,Āāă,12371,ûýûýĀ
Āāă,4213,āĀÿĀĀ,12372,Āāăā
āĀÿĀĀ,652,þÿĀĀ,12373,āĀÿĀĀþ
þÿĀĀ,3188,ĀýĀÿ,12374,þÿĀĀĀ
ĀýĀÿ,1498,þýÿā,12375,ĀýĀÿþ
þýÿā,3703,ýăû,12376,þýÿāý
ýăû,6128,þĀýþÿ,12377,ýăûþ
þĀýþÿ,5466,Āýþþ,12378,þĀýþÿĀ
Āýþþ,7720,þÿýÿ,12379,Āýþþþ
þÿýÿ,5599,ÿþÿÿÿÿĀ,12380,þÿýÿÿ
ÿþÿÿÿÿĀ,2445,ÿüĀ,12381,ÿþÿÿÿÿĀÿ
ÿüĀ,5893,ýþü,12382,ÿüĀý
ýþü,9757,þüÿÿ,12383,ýþüþ
þüÿÿ,9865,Õì,12384,þüÿÿÕ
Õì,355,ţ,12385,Õìţ
ţ,9421,ġĂ,12386,ţġ
ġĂ,545,ÿÿĀ,12387,ġĂÿ
ÿÿĀ,1292,üý,12388,ÿÿĀü
üý,2417,È³,12389,üýÈ
È³,8171,ĿĆ,12390,È³Ŀ
ĿĆ,8485,üāÿþ,12391,ĿĆü
üāÿþ,4235,Ăûą,12392,üāÿþĂ
Ăûą,10720,ČþĂ,12393,ĂûąČ
ČþĂ,1676,þþÿĀĀ,12394,ČþĂþ
þþÿĀĀ,742,þþÿÿþ,12395,þþÿĀĀþ
þþÿÿþ,1740,ÿÿÿÿĀþÿÿ,12396,þþÿÿþÿ
ÿÿÿÿĀþÿÿ,850,Āÿÿþ,12397,ÿÿÿÿĀþÿÿĀ
Āÿÿþ,6121,ĀĂû,12398,ĀÿÿþĀ
ĀĂû,682,ĀÿþĀ,12399,ĀĂûĀ
ĀÿþĀ,2499,ëÞ,12400,ĀÿþĀë
ëÞ,224,à,12401,ëÞà
à,282,Ě,12402,àĚ
Ě,2621,Īě,12403,ĚĪ
Īě,1955,Ąýÿ,12404,ĪěĄ
Ąýÿ,1652,Āü,12405,ĄýÿĀ
Āü,2094,ąû,12406,Āüą
ąû,249,ù,12407,ąûù
ù,235,ë,12408,ùë
ë,206,Î,12409,ëÎ
Î,231,ç,12410,Îç
ç,278,Ė,12411,çĖ
Ė,1044,ĩĉ,12412,Ėĩ
ĩĉ,1286,Ćþ,12413,ĩĉĆ
Ćþ,880,üÿā,12414,Ćþü
üÿā,8588,ýāþÿÿ,12415,üÿāý
ýāþÿÿ,10456,ĀÿÿþÿĀÿ,12416,ýāþÿÿĀ
ĀÿÿþÿĀÿ,4717,ÿÿÿÿÿý,12417,ĀÿÿþÿĀÿÿ
ÿÿÿÿÿý,2263,ÿÿÿÿÿÿÿÿĀþ,12418,ÿÿÿÿÿýÿ
ÿÿÿÿÿÿÿÿĀþ,8424,ÿÿÿÿÿÿÿÿÿĀÿ,12419,ÿÿÿÿÿÿÿÿĀþÿ
ÿÿÿÿÿÿÿÿÿĀÿ,4818,ÿýÿ,12420,ÿÿÿÿÿÿÿÿÿĀÿÿ
ÿýÿ,2086,āþý,12421,ÿýÿā
āþý,6275,Āāþ,12422,āþýĀ
Āāþ,933,üĂĀ,12423,Āāþü
üĂĀ,240,ð,12424,üĂĀð
ð,214,Ö,12425,ðÖ
Ö,226,â,12426,Öâ
â,281,ę,12427,âę
ę,312,ĸ,12428,ęĸ
ĸ,2960,Ĕÿ,12429,ĸĔ
Ĕÿ,4870,üĂû,12430,Ĕÿü
üĂû,262,Ć,12431,üĂûĆ
Ć,167,§,12432,Ć§
§,150,,12433,§
,276,Ĕ,12434,Ĕ
Ĕ,324,ń,12435,Ĕń
ń,321,Ł,12436,ńŁ
Ł,2146,čþ,12437,Łč
čþ,7105,ÿÿýĀĀ,12438,čþÿ
ÿÿýĀĀ,11313,ÿÿÿÿÿÿÿþÿÿþ,12439,ÿÿýĀĀÿ
ÿÿÿÿÿÿÿþÿÿþ,4670,ĀþĀÿÿÿÿþ,12440,ÿÿÿÿÿÿÿþÿÿþĀ
ĀþĀÿÿÿÿþ,5323,ĀþÿÿÿĀþ,12441,ĀþĀÿÿÿÿþĀ
ĀþÿÿÿĀþ,215,×,12442,ĀþÿÿÿĀþ×
×,1406,øĜ,12443,×ø
øĜ,254,þ,12444,øĜþ
þ,292,Ĥ,12445,þĤ
Ĥ,4051,Čü,12446,ĤČ
Čü,2526,üüüý,12447,Čüü
üüüý,4045,ÿĂ,12448,üüüýÿ
ÿĂ,3542,ûüý,12449,ÿĂû
ûüý,3963,ýüû,12450,ûüýý
ýüû,2122,üýú,12451,ýüûü
üýú,2866,þĀĂ,12452,üýúþ
þĀĂ,3311,ĀĀĀĀ,12453,þĀĂĀ
ĀĀĀĀ,4626,þĀÿĀÿ,12454,ĀĀĀĀþ
þĀÿĀÿ,600,Āÿÿÿÿÿÿ,12455,þĀÿĀÿĀ
Āÿÿÿÿÿÿ,1361,Āÿÿý,12456,ĀÿÿÿÿÿÿĀ
Āÿÿý,5918,þÿÿþĀ,12457,Āÿÿýþ
þÿÿþĀ,6244,ýĀþþ,12458,þÿÿþĀý
ýĀþþ,633,þþÿ,12459,ýĀþþþ
þþÿ,5753,ýþÿÿ,12460,þþÿý
ýþÿÿ,3524,ýĀþÿÿ,12461,ýþÿÿý
ýĀþÿÿ,6915,Āÿÿÿý,12462,ýĀþÿÿĀ
Āÿÿÿý,1345,ùā,12463,Āÿÿÿýù
ùā,962,üă,12464,ùāü
üă,1310,øĀ,12465,üăø
øĀ,240,ð,12466,øĀð
ð,208,Ð,12467,ðÐ
Ð,294,Ħ,12468,ÐĦ
Ħ,348,Ŝ,12469,ĦŜ
Ŝ,8077,ĄĀĀþ,12470,ŜĄ
ĄĀĀþ,844,ÿÿý,12471,ĄĀĀþÿ
ÿÿý,230,æ,12472,ÿÿýæ
æ,146,,12473,æ
,307,ĳ,12474,ĳ
ĳ,2353,Đā,12475,ĳĐ
Đā,1137,ÿÿþā,12476,Đāÿ
ÿÿþā,9847,üĂČ,12477,ÿÿþāü
üĂČ,11283,ăþÿÿÿ,12478,üĂČă
ăþÿÿÿ,9873,ÿĀþþĀþ,12479,ăþÿÿÿÿ
ÿĀþþĀþ,621,ÿÿÿÿÿĀ,12480,ÿĀþþĀþÿ
ÿÿÿÿÿĀ,6898,ýÿÿÿÿÿÿÿ,12481,ÿÿÿÿÿĀý
ýÿÿÿÿÿÿÿ,5638,þþāý,12482,ýÿÿÿÿÿÿÿþ
þþāý,10229,ýĄĂ,12483,þþāýý
ýĄĂ,10400,øï,12484,ýĄĂø
øï,227,ã,12485,øïã
ã,228,ä,12486,ãä
ä,252,ü,12487,äü
ü,270,Ď,12488,üĎ
Ď,276,Ĕ,12489,ĎĔ
Ĕ,3482,ČĀ,12490,ĔČ
ČĀ,6018,ûøë,12491,ČĀû
ûøë,237,í,12492,ûøëí
í,10757,ÿĖ,12493,íÿ
ÿĖ,285,ĝ,12494,ÿĖĝ
ĝ,11727,ĒĀ,12495,ĝĒ
ĒĀ,760,Ăā,12496,ĒĀĂ
Ăā,4668,üÿĀ,12497,Ăāü
üÿĀ,11025,ĀþþÿĀÿ,12498,üÿĀĀ
ĀþþÿĀÿ,7827,þÿþÿĀÿÿ,12499,ĀþþÿĀÿþ
þÿþÿĀÿÿ,11812,ÿÿþĀþÿÿÿ,12500,þÿþÿĀÿÿÿ
ÿÿþĀþÿÿÿ,4379,ÿÿÿÿÿÿþĀþ,12501,ÿÿþĀþÿÿÿÿ
ÿÿÿÿÿÿþĀþ,8968,ĀÿþĀā,12502,ÿÿÿÿÿÿþĀþĀ
ĀÿþĀā,10635,ûþă,12503,ĀÿþĀāû
ûþă,1763,āù,12504,ûþăā
āù,10231,ÿĂÿ,12505,āùÿ
ÿĂÿ,1255,ýāā,12506,ÿĂÿý
ýāā,1238,üþĀ,12507,ýāāü
üþĀ,11681,Ăò,12508,üþĀĂ
Ăò,217,Ù,12509,ĂòÙ
Ù,225,á,12510,Ùá
á,270,Ď,12511,áĎ
Ď,307,ĳ,12512,Ďĳ
ĳ,289,ġ,12513,ĳġ
ġ,3977,ûÿĀ,12514,ġû
ûÿĀ,758,üĀ,12515,ûÿĀü
üĀ,264,Ĉ,12516,üĀĈ
Ĉ,213,Õ,12517,ĈÕ
Õ,112,p,12518,Õp
p,244,ô,12519,pô
ô,284,Ĝ,12520,ôĜ
Ĝ,322,ł,12521,Ĝł
ł,318,ľ,12522,łľ
ľ,4799,Ċû,12523,ľĊ
Ċû,8403,ăüÿ,12524,Ċûă
ăüÿ,7458,ĀþÿĀþĀ,12525,ăüÿĀ
ĀþÿĀþĀ,12182,þĀþĀþÿ,12526,ĀþÿĀþĀþ
þĀþĀþÿ,4190,ÿÿÿÿĀÿþ,12527,þĀþĀþÿÿ
ÿÿÿÿĀÿþ,5451,ĀÿýĀþ,12528,ÿÿÿÿĀÿþĀ
ĀÿýĀþ,552,ÿĀÿ,12529,ĀÿýĀþÿ
ÿĀÿ,252,ü,12530,ÿĀÿü
ü,206,Î,12531,üÎ
Î,265,ĉ,12532,Îĉ
ĉ,6574,ėü,12533,ĉė
ėü,1884,Ėĕ,12534,ėüĖ
Ėĕ,8978,Āüý,12535,ĖĕĀ
Āüý,8269,ýÿýÿ,12536,Āüýý
ýÿýÿ,10638,ýýüûü,12537,ýÿýÿý
ýýüûü,9745,ûüþ,12538,ýýüûüû
ûüþ,5241,üāÿĀ,12539,ûüþü
üāÿĀ,4317,āÿĀĀ,12540,üāÿĀā
āÿĀĀ,3897,þāÿÿÿ,12541,āÿĀĀþ
þāÿÿÿ,719,ÿÿÿĀÿÿĀ,12542,þāÿÿÿÿ
ÿÿÿĀÿÿĀ,4970,ÿýÿĀ,12543,ÿÿÿĀÿÿĀÿ
ÿýÿĀ,704,ÿþÿý,12544,ÿýÿĀÿ
ÿþÿý,7993,Āþÿÿý,12545,ÿþÿýĀ
Āþÿÿý,2742,ÿþþý,12546,Āþÿÿýÿ
ÿþþý,6818,ÿÿþÿÿÿÿÿ,12547,ÿþþýÿ
ÿÿþÿÿÿÿÿ,515,ÿÿÿÿ,12548,ÿÿþÿÿÿÿÿÿ
ÿÿÿÿ,5154,÷ă,12549,ÿÿÿÿ÷
÷ă,3330,Āø,12550,÷ăĀ
Āø,982,ùĂ,12551,Āøù
ùĂ,256,Ā,12552,ùĂĀ
Ā,210,Ò,12553,ĀÒ
Ò,240,ð,12554,Òð
ð,362,Ū,12555,ðŪ
Ū,283,ě,12556,Ūě
ě,6881,ÿāþĀÿ,12557,ěÿ
ÿāþĀÿ,1289,ÿÿú,12558,ÿāþĀÿÿ
ÿÿú,142,,12559,ÿÿú
,6249,Ċĩ,12560,Ċ
Ċĩ,12388,ÿÿĀü,12561,Ċĩÿ
ÿÿĀü,4295,āþĀ,12562,ÿÿĀüā
āþĀ,1600,ĈĆ,12563,āþĀĈ
ĈĆ,10941,Āþþÿÿÿ,12564,ĈĆĀ
Āþþÿÿÿ,5436,ÿþĀĀÿÿ,12565,Āþþÿÿÿÿ
ÿþĀĀÿÿ,11795,ÿÿÿÿýÿ,12566,ÿþĀĀÿÿÿ
ÿÿÿÿýÿ,621,ÿÿÿÿÿĀ,12567,ÿÿÿÿýÿÿ
ÿÿÿÿÿĀ,1422,ĀÿĀĀ,12568,ÿÿÿÿÿĀĀ
ĀÿĀĀ,3977,ûÿĀ,12569,ĀÿĀĀû
ûÿĀ,1467,Āû,12570,ûÿĀĀ
Āû,3400,üù,12571,Āûü
üù,243,ó,12572,üùó
ó,235,ë,12573,óë
ë,242,ò,12574,ëò
ò,1462,øþ,12575,òø
øþ,927,ĄĀ,12576,øþĄ
ĄĀ,270,Ď,12577,ĄĀĎ
Ď,11271,ēĈ,12578,Ďē
ēĈ,2976,ĉĄý,12579,ēĈĉ
ĉĄý,990,Ăþý,12580,ĉĄýĂ
Ăþý,3909,ÿÿāþ,12581,Ăþýÿ
ÿÿāþ,11797,þĀÿÿþĀþ,12582,ÿÿāþþ
þĀÿÿþĀþ,12151,ÿĀþþÿ,12583,þĀÿÿþĀþÿ
ÿĀþþÿ,3826,ÿÿĀþĀ,12584,ÿĀþþÿÿ
ÿÿĀþĀ,8998,ÿÿÿÿÿÿÿÿý,12585,ÿÿĀþĀÿ
ÿÿÿÿÿÿÿÿý,639,Āþÿÿÿÿÿ,12586,ÿÿÿÿÿÿÿÿýĀ
Āþÿÿÿÿÿ,2157,āÿþĀ,12587,Āþÿÿÿÿÿā
āÿþĀ,10340,ýÿĀÿÿ,12588,āÿþĀý
ýÿĀÿÿ,2371,ýāÿý,12589,ýÿĀÿÿý
ýāÿý,4144,Ąô,12590,ýāÿýĄ
Ąô,221,Ý,12591,ĄôÝ
Ý,222,Þ,12592,ÝÞ
Þ,6923,Ăį,12593,ÞĂ
Ăį,297,ĩ,12594,Ăįĩ
ĩ,1785,Ąü,12595,ĩĄ
Ąü,2243,þþĀý,12596,Ąüþ
þþĀý,262,Ć,12597,þþĀýĆ
Ć,239,ï,12598,Ćï
ï,119,w,12599,ïw
w,216,Ø,12600,wØ
Ø,253,ý,12601,Øý
ý,294,Ħ,12602,ýĦ
Ħ,320,ŀ,12603,Ħŀ
ŀ,10854,Ļă,12604,ŀĻ
Ļă,1139,üăý,12605,Ļăü
üăý,8029,ÿÿþÿĀþĀ,12606,üăýÿ
ÿÿþÿĀþĀ,9033,þĀþā,12607,ÿÿþÿĀþĀþ
þĀþā,10604,þÿÿÿÿÿÿþÿ,12608,þĀþāþ
þÿÿÿÿÿÿþÿ,2239,ÿĀÿÿÿþÿ,12609,þÿÿÿÿÿÿþÿÿ
ÿĀÿÿÿþÿ,1117,Āú,12610,ÿĀÿÿÿþÿĀ
Āú,197,Å,12611,ĀúÅ
Å,8174,ęď,12612,Åę
ęď,900,þĆ,12613,ęďþ
þĆ,277,ĕ,12614,þĆĕ
ĕ,8684,Ąăāā,12615,ĕĄ
Ąăāā,11158,ÿûú,12616,Ąăāāÿ
ÿûú,1654,üüû,12617,ÿûúü
üüû,3429,üüüþ,12618,üüûü
üüüþ,634,ÿĀĀþ,12619,üüüþÿ
ÿĀĀþ,1160,ĀĀĀÿĀ,12620,ÿĀĀþĀ
ĀĀĀÿĀ,8137,ĀÿÿÿĀÿÿÿ,12621,ĀĀĀÿĀĀ
ĀÿÿÿĀÿÿÿ,4911,ÿĀÿþĀþ,12622,ĀÿÿÿĀÿÿÿÿ
ÿĀÿþĀþ,3827,ĀþĀýĀ,12623,ÿĀÿþĀþĀ
ĀþĀýĀ,856,þþþÿ,12624,ĀþĀýĀþ
þþþÿ,5466,Āýþþ,12625,þþþÿĀ
Āýþþ,9758,ÿþþÿÿÿ,12626,Āýþþÿ
ÿþþÿÿÿ,2207,ÿÿĀÿþÿ,12627,ÿþþÿÿÿÿ
ÿÿĀÿþÿ,10559,þüþÿ,12628,ÿÿĀÿþÿþ
þüþÿ,1950,øĂ,12629,þüþÿø
øĂ,6224,ýÿä,12630,øĂý
ýÿä,8631,ØĹ,12631,ýÿäØ
ØĹ,7554,ŏĀ,12632,ØĹŏ
ŏĀ,909,ĀĀĀÿ,12633,ŏĀĀ
ĀĀĀÿ,2628,þĀÿü,12634,ĀĀĀÿþ
þĀÿü,186,º,12635,þĀÿüº
º,198,Æ,12636,ºÆ
Æ,318,ľ,12637,Æľ
ľ,1320,üăĀ,12638,ľü
üăĀ,880,üÿā,12639,üăĀü
üÿā,953,þĄ,12640,üÿāþ
þĄ,5794,ĊĀ,12641,þĄĊ
ĊĀ,11859,ÿþĀþĀþÿ,12642,ĊĀÿ
ÿþĀþĀþÿ,3828,ĀþĀþĀþĀ,12643,ÿþĀþĀþÿĀ
ĀþĀþĀþĀ,12627,ÿþþÿÿÿÿ,12644,ĀþĀþĀþĀÿ
ÿþþÿÿÿÿ,1058,ÿÿÿþý,12645,ÿþþÿÿÿÿÿ
ÿÿÿþý,1094,Ăāþ,12646,ÿÿÿþýĂ
Ăāþ,543,ýĀ,12647,Ăāþý
ýĀ,3286,ăýü,12648,ýĀă
ăýü,3687,ÿüý,12649,ăýüÿ
ÿüý,9317,ýÿþĀ,12650,ÿüýý
ýÿþĀ,5581,Ăăā,12651,ýÿþĀĂ
Ăăā,1380,þüÿ,12652,Ăăāþ
þüÿ,9547,Ăüþ,12653,þüÿĂ
Ăüþ,1167,āĀÿ,12654,Ăüþā
āĀÿ,12237,ýĀāþ,12655,āĀÿý
ýĀāþ,8915,Āþÿÿþÿ,12656,ýĀāþĀ
Āþÿÿþÿ,7992,ÿĀÿÿÿþĀ,12657,Āþÿÿþÿÿ
ÿĀÿÿÿþĀ,11249,þĀþĀþĀþĀþ,12658,ÿĀÿÿÿþĀþ
þĀþĀþĀþĀþ,668,ÿÿÿÿþÿÿÿ,12659,þĀþĀþĀþĀþÿ
ÿÿÿÿþÿÿÿ,3991,úą,12660,ÿÿÿÿþÿÿÿú
úą,6448,Āüþ,12661,úąĀ
Āüþ,2685,āĀý,12662,Āüþā
āĀý,2086,āþý,12663,āĀýā
āþý,2687,Ąû,12664,āþýĄ
Ąû,217,Ù,12665,ĄûÙ
Ù,221,Ý,12666,ÙÝ
Ý,255,ÿ,12667,Ýÿ
ÿ,301,ĭ,12668,ÿĭ
ĭ,3398,Īċ,12669,ĭĪ
Īċ,1860,÷ÿ,12670,Īċ÷
÷ÿ,8917,þĀā,12671,÷ÿþ
þĀā,962,üă,12672,þĀāü
üă,257,ā,12673,üăā
ā,135,,12674,ā
,183,·,12675,·
·,760,Ăā,12676,·Ă
Ăā,296,Ĩ,12677,ĂāĨ
Ĩ,321,Ł,12678,ĨŁ
Ł,309,ĵ,12679,Łĵ
ĵ,542,ÿý,12680,ĵÿ
ÿý,1866,Ăü,12681,ÿýĂ
Ăü,5450,ĂýĀ,12682,ĂüĂ
ĂýĀ,4368,þÿÿÿÿÿÿÿÿÿÿÿÿ,12683,ĂýĀþ
þÿÿÿÿÿÿÿÿÿÿÿÿ,7027,ÿÿÿÿÿþĀþÿ,12684,þÿÿÿÿÿÿÿÿÿÿÿÿÿ
ÿÿÿÿÿþĀþÿ,11256,ĀĀþû,12685,ÿÿÿÿÿþĀþÿĀ
ĀĀþû,194,Â,12686,ĀĀþûÂ
Â,280,Ę,12687,ÂĘ
Ę,274,Ē,12688,ĘĒ
Ē,1053,ýĂÿ,12689,Ēý
ýĂÿ,8381,Ććć,12690,ýĂÿĆ
Ććć,2868,ăāý,12691,Ćććă
ăāý,5824,üúü,12692,ăāýü
üúü,2025,þûþ,12693,üúüþ
þûþ,7935,ÿĀÿĀĀ,12694,þûþÿ
ÿĀÿĀĀ,8151,ÿÿĀāþ,12695,ÿĀÿĀĀÿ
ÿÿĀāþ,575,ĀĀþ,12696,ÿÿĀāþĀ
ĀĀþ,3339,āÿĀÿÿ,12697,ĀĀþā
āÿĀÿÿ,4266,ÿÿþĀþĀ,12698,āÿĀÿÿÿ
ÿÿþĀþĀ,12627,ÿþþÿÿÿÿ,12699,ÿÿþĀþĀÿ
ÿþþÿÿÿÿ,7719,þþĀþþ,12700,ÿþþÿÿÿÿþ
þþĀþþ,8145,ÿþýÿ,12701,þþĀþþÿ
ÿþýÿ,10988,þĀÿþĀĀ,12702,ÿþýÿþ
þĀÿþĀĀ,5784,ÿÿþþþ,12703,þĀÿþĀĀÿ
ÿÿþþþ,9222,üþýþ,12704,ÿÿþþþü
üþýþ,701,þý,12705,üþýþþ
þý,246,ö,12706,þýö
ö,211,Ó,12707,öÓ
Ó,4116,Ăť,12708,ÓĂ
Ăť,5330,ĖĀ,12709,ĂťĖ
ĖĀ,3098,ĀþĀÿÿÿ,12710,ĖĀĀ
ĀþĀÿÿÿ,1858,þú,12711,ĀþĀÿÿÿþ
þú,231,ç,12712,þúç
ç,148,,12713,ç
,308,Ĵ,12714,Ĵ
Ĵ,9664,Ēÿ,12715,ĴĒ
Ēÿ,11690,ÿþþĀþ,12716,Ēÿÿ
ÿþþĀþ,257,ā,12717,ÿþþĀþā
ā,4094,ċă,12718,āċ
ċă,7921,þÿÿÿÿþÿÿ,12719,ċăþ
þÿÿÿÿþÿÿ,11517,ĀþĀþĀþÿ,12720,þÿÿÿÿþÿÿĀ
ĀþĀþĀþÿ,656,ÿÿÿÿÿÿÿĀ,12721,ĀþĀþĀþÿÿ
ÿÿÿÿÿÿÿĀ,6316,þāýÿ,12722,ÿÿÿÿÿÿÿĀþ
þāýÿ,4970,ÿýÿĀ,12723,þāýÿÿ
ÿýÿĀ,1081,Āÿþā,12724,ÿýÿĀĀ
Āÿþā,1832,ĀýÿĀ,12725,ĀÿþāĀ
ĀýÿĀ,4248,üĄý,12726,ĀýÿĀü
üĄý,1347,ûāā,12727,üĄýû
ûāā,4009,þĀü,12728,ûāāþ
þĀü,5000,ÿÿāÿ,12729,þĀüÿ
ÿÿāÿ,3719,ýþā,12730,ÿÿāÿý
ýþā,2015,ÿÿþÿÿÿÿ,12731,ýþāÿ
ÿÿþÿÿÿÿ,7699,ĀþÿÿÿÿĀþ,12732,ÿÿþÿÿÿÿĀ
ĀþÿÿÿÿĀþ,11247,ĀýĀþĀ,12733,ĀþÿÿÿÿĀþĀ
ĀýĀþĀ,12182,þĀþĀþÿ,12734,ĀýĀþĀþ
þĀþĀþÿ,590,Āÿÿÿÿÿ,12735,þĀþĀþÿĀ
Āÿÿÿÿÿ,2258,āþÿĀþ,12736,Āÿÿÿÿÿā
āþÿĀþ,880,üÿā,12737,āþÿĀþü
üÿā,1784,ûĄ,12738,üÿāû
ûĄ,250,ú,12739,ûĄú
ú,6228,ã×,12740,úã
ã×,250,ú,12741,ã×ú
ú,298,Ī,12742,úĪ
Ī,300,Ĭ,12743,ĪĬ
Ĭ,2024,ĉþ,12744,Ĭĉ
ĉþ,3494,úāþ,12745,ĉþú
úāþ,3222,Āăù,12746,úāþĀ
Āăù,255,ÿ,12747,Āăùÿ
ÿ,267,ċ,12748,ÿċ
ċ,168,¨,12749,ċ¨
¨,144,,12750,¨
,1050,ąÿ,12751,ą
ąÿ,252,ü,12752,ąÿü
ü,317,Ľ,12753,üĽ
Ľ,316,ļ,12754,Ľļ
ļ,5105,Īþ,12755,ļĪ
Īþ,1137,ÿÿþā,12756,Īþÿ
ÿÿþā,1451,ýĀĀÿÿ,12757,ÿÿþāý
ýĀĀÿÿ,10745,ÿÿÿÿþÿÿÿÿ,12758,ýĀĀÿÿÿ
ÿÿÿÿþÿÿÿÿ,10646,ÿÿÿþÿÿĀÿþ,12759,ÿÿÿÿþÿÿÿÿÿ
ÿÿÿþÿÿĀÿþ,6812,ÿÿÿÿý,12760,ÿÿÿþÿÿĀÿþÿ
ÿÿÿÿý,196,Ä,12761,ÿÿÿÿýÄ
Ä,1876,ćġ,12762,Äć
ćġ,5938,üĂā,12763,ćġü
üĂā,538,ÿĀ,12764,üĂāÿ
ÿĀ,7781,ăĀþÿ,12765,ÿĀă
ăĀþÿ,5572,ĀĂþ,12766,ăĀþÿĀ
ĀĂþ,5635,þÿĀþĀ,12767,ĀĂþþ
þÿĀþĀ,1431,Āÿÿÿā,12768,þÿĀþĀĀ
Āÿÿÿā,10926,ĀÿÿĀĀ,12769,ĀÿÿÿāĀ
ĀÿÿĀĀ,9274,þĀĀĀ,12770,ĀÿÿĀĀþ
þĀĀĀ,5599,ÿþÿÿÿÿĀ,12771,þĀĀĀÿ
ÿþÿÿÿÿĀ,2164,þÿþĀÿ,12772,ÿþÿÿÿÿĀþ
þÿþĀÿ,5683,ýÿĀýÿ,12773,þÿþĀÿý
ýÿĀýÿ,9843,þÿþĀþý,12774,ýÿĀýÿþ
þÿþĀþý,566,ÿĀÿÿ,12775,þÿþĀþýÿ
ÿĀÿÿ,1165,ýĀā,12776,ÿĀÿÿý
ýĀā,9651,ÿÿýþ,12777,ýĀāÿ
ÿÿýþ,6177,þýú,12778,ÿÿýþþ
þýú,1336,Āþý,12779,þýúĀ
Āþý,254,þ,12780,Āþýþ
þ,219,Û,12781,þÛ
Û,226,â,12782,Ûâ
â,339,œ,12783,âœ
œ,310,Ķ,12784,œĶ
Ķ,1015,Ăÿā,12785,ĶĂ
Ăÿā,2140,þÿÿý,12786,Ăÿāþ
þÿÿý,2086,āþý,12787,þÿÿýā
āþý,247,÷,12788,āþý÷
÷,150,,12789,÷
,259,ă,12790,ă
ă,304,İ,12791,ăİ
İ,6337,ýÿÿý,12792,İý
ýÿÿý,1016,āþÿ,12793,ýÿÿýā
āþÿ,7417,ĆĆ,12794,āþÿĆ
ĆĆ,8711,āÿĀþ,12795,ĆĆā
āÿĀþ,12502,ÿÿÿÿÿÿþĀþĀ,12796,āÿĀþÿ
ÿÿÿÿÿÿþĀþĀ,12772,ÿþÿÿÿÿĀþ,12797,ÿÿÿÿÿÿþĀþĀÿ
ÿþÿÿÿÿĀþ,6076,ÿüăÿ,12798,ÿþÿÿÿÿĀþÿ
ÿüăÿ,8949,þÿÿþÿā,12799,ÿüăÿþ
þÿÿþÿā,973,þþĀÿ,12800,þÿÿþÿāþ
þþĀÿ,3940,üþĂ,12801,þþĀÿü
üþĂ,913,ÿüÿ,12802,üþĂÿ
ÿüÿ,8212,ĂĀü,12803,ÿüÿĂ
ĂĀü,4693,Āÿāþ,12804,ĂĀüĀ
Āÿāþ,1247,ÿÿþý,12805,Āÿāþÿ
ÿÿþý,5572,ĀĂþ,12806,ÿÿþýĀ
ĀĂþ,10702,ÿýĀÿÿ,12807,ĀĂþÿ
ÿýĀÿÿ,1272,þÿā,12808,ÿýĀÿÿþ
þÿā,11425,ÿÿÿÿÿÿÿþÿÿÿÿ,12809,þÿāÿ
ÿÿÿÿÿÿÿþÿÿÿÿ,12355,ÿÿÿþÿĀÿÿ,12810,ÿÿÿÿÿÿÿþÿÿÿÿÿ
ÿÿÿþÿĀÿÿ,574,ÿÿÿĀ,12811,ÿÿÿþÿĀÿÿÿ
ÿÿÿĀ,2333,üþþĀ,12812,ÿÿÿĀü
üþþĀ,4693,Āÿāþ,12813,üþþĀĀ
Āÿāþ,229,å,12814,Āÿāþå
å,215,×,12815,å×
×,245,õ,12816,×õ
õ,294,Ħ,12817,õĦ
Ħ,304,İ,12818,Ħİ
İ,271,ď,12819,İď
ď,9924,ùüþ,12820,ďù
ùüþ,963,ăÿþ,12821,ùüþă
ăÿþ,12505,āùÿ,12822,ăÿþā
āùÿ,266,Ċ,12823,āùÿĊ
Ċ,194,Â,12824,ĊÂ
Â,120,x,12825,Âx
x,1351,ą÷,12826,xą
ą÷,3639,ĄĆ,12827,ą÷Ą
ĄĆ,313,Ĺ,12828,ĄĆĹ
Ĺ,323,Ń,12829,ĹŃ
Ń,286,Ğ,12830,ŃĞ
Ğ,7962,ýĀÿÿþÿ,12831,Ğý
ýĀÿÿþÿ,6173,ĀĀÿÿÿÿÿ,12832,ýĀÿÿþÿĀ
ĀĀÿÿÿÿÿ,9413,ÿþÿÿÿÿÿÿÿ,12833,ĀĀÿÿÿÿÿÿ
ÿþÿÿÿÿÿÿÿ,6880,ýĀÿÿÿ,12834,ÿþÿÿÿÿÿÿÿý
ýĀÿÿÿ,613,ÿþÿĀ,12835,ýĀÿÿÿÿ
ÿþÿĀ,1652,Āü,12836,ÿþÿĀĀ
Āü,204,Ì,12837,ĀüÌ
Ì,240,ð,12838,Ìð
ð,300,Ĭ,12839,ðĬ
Ĭ,10928,āþă,12840,Ĭā
āþă,11819,ýĀĄ,12841,āþăý
ýĀĄ,4510,āþāă,12842,ýĀĄā
āþāă,6796,ûĀĀÿÿ,12843,āþāăû
ûĀĀÿÿ,11459,ÿÿÿÿĀÿÿĀ,12844,ûĀĀÿÿÿ
ÿÿÿÿĀÿÿĀ,10926,ĀÿÿĀĀ,12845,ÿÿÿÿĀÿÿĀĀ
ĀÿÿĀĀ,7438,ÿĀþĀÿ,12846,ĀÿÿĀĀÿ
ÿĀþĀÿ,10745,ÿÿÿÿþÿÿÿÿ,12847,ÿĀþĀÿÿ
ÿÿÿÿþÿÿÿÿ,3246,þĀÿþÿþ,12848,ÿÿÿÿþÿÿÿÿþ
þĀÿþÿþ,573,ÿþÿÿ,12849,þĀÿþÿþÿ
ÿþÿÿ,10340,ýÿĀÿÿ,12850,ÿþÿÿý
ýÿĀÿÿ,2107,ÿþÿĀÿþ,12851,ýÿĀÿÿÿ
ÿþÿĀÿþ,3685,þýýý,12852,ÿþÿĀÿþþ
þýýý,1410,þÿü,12853,þýýýþ
þÿü,256,Ā,12854,þÿüĀ
Ā,229,å,12855,Āå
å,214,Ö,12856,åÖ
Ö,4518,ĪŚ,12857,ÖĪ
ĪŚ,3657,ćþ,12858,ĪŚć
ćþ,1823,üĄ,12859,ćþü
üĄ,10538,ÿÿÿÿĀü,12860,üĄÿ
ÿÿÿÿĀü,2940,ÿú,12861,ÿÿÿÿĀüÿ
ÿú,196,Ä,12862,ÿúÄ
Ä,9054,¾Ĺ,12863,Ä¾
¾Ĺ,12044,ćþā,12864,¾Ĺć
ćþā,1098,ýÿā,12865,ćþāý
ýÿā,891,üĂ,12866,ýÿāü
üĂ,5794,ĊĀ,12867,üĂĊ
ĊĀ,7282,āþĀý,12868,ĊĀā
āþĀý,9016,ÿĀþÿÿÿÿ,12869,āþĀýÿ
ÿĀþÿÿÿÿ,1397,ÿÿĀÿÿþ,12870,ÿĀþÿÿÿÿÿ
ÿÿĀÿÿþ,778,ĀþÿĀÿ,12871,ÿÿĀÿÿþĀ
ĀþÿĀÿ,1947,āüþ,12872,ĀþÿĀÿā
āüþ,602,þþĀ,12873,āüþþ
þþĀ,1432,āýÿ,12874,þþĀā
āýÿ,5110,ĀÿĀā,12875,āýÿĀ
ĀÿĀā,9432,ýüÿ,12876,ĀÿĀāý
ýüÿ,2887,ăýĀ,12877,ýüÿă
ăýĀ,2961,ÿþāÿ,12878,ăýĀÿ
ÿþāÿ,794,þþÿþ,12879,ÿþāÿþ
þþÿþ,6146,ĀþþĀ,12880,þþÿþĀ
ĀþþĀ,11255,āþÿþĀ,12881,ĀþþĀā
āþÿþĀ,8519,þĀþÿĀÿÿ,12882,āþÿþĀþ
þĀþÿĀÿÿ,11881,ÿÿÿÿþÿþĀþ,12883,þĀþÿĀÿÿÿ
ÿÿÿÿþÿþĀþ,6644,ĀþĀþĀÿ,12884,ÿÿÿÿþÿþĀþĀ
ĀþĀþĀÿ,687,þÿÿÿÿÿĀ,12885,ĀþĀþĀÿþ
þÿÿÿÿÿĀ,6148,āýþā,12886,þÿÿÿÿÿĀā
āýþā,1119,ÿ÷,12887,āýþāÿ
ÿ÷,2945,ñÏ,12888,ÿ÷ñ
ñÏ,250,ú,12889,ñÏú
ú,286,Ğ,12890,úĞ
Ğ,308,Ĵ,12891,ĞĴ
Ĵ,279,ė,12892,Ĵė
ė,1250,ùû,12893,ėù
ùû,2854,āüù,12894,ùûā
āüù,5929,Ăýþ,12895,āüùĂ
Ăýþ,711,āĀ,12896,Ăýþā
āĀ,263,ć,12897,āĀć
ć,216,Ø,12898,ćØ
Ø,111,o,12899,Øo
o,242,ò,12900,oò
ò,10645,ýăÿ,12901,òý
ýăÿ,266,Ċ,12902,ýăÿĊ
Ċ,322,ł,12903,Ċł
ł,324,ń,12904,łń
ń,5988,Đþ,12905,ńĐ
Đþ,2562,āýÿÿ,12906,Đþā
āýÿÿ,1215,ÿĀÿÿÿÿÿÿÿ,12907,āýÿÿÿ
ÿĀÿÿÿÿÿÿÿ,12249,þÿÿÿÿÿÿÿþÿ,12908,ÿĀÿÿÿÿÿÿÿþ
þÿÿÿÿÿÿÿþÿ,12607,ÿÿþÿĀþĀþ,12909,þÿÿÿÿÿÿÿþÿÿ
ÿÿþÿĀþĀþ,256,Ā,12910,ÿÿþÿĀþĀþĀ
Ā,220,Ü,12911,ĀÜ
Ü,213,Õ,12912,ÜÕ
Õ,292,Ĥ,12913,ÕĤ
Ĥ,274,Ē,12914,ĤĒ
Ē,2147,þĂþ,12915,Ēþ
þĂþ,3201,ĂāāĀ,12916,þĂþĂ
ĂāāĀ,10641,ĀĀāÿ,12917,ĂāāĀĀ
ĀĀāÿ,2750,ĀÿÿÿþÿĀ,12918,ĀĀāÿĀ
ĀÿÿÿþÿĀ,1137,ÿÿþā,12919,ĀÿÿÿþÿĀÿ
ÿÿþā,2413,þĀĀþ,12920,ÿÿþāþ
þĀĀþ,12833,ĀĀÿÿÿÿÿÿ,12921,þĀĀþĀ
ĀĀÿÿÿÿÿÿ,2208,ÿÿÿĀÿþ,12922,ĀĀÿÿÿÿÿÿÿ
ÿÿÿĀÿþ,7607,þÿĀÿþ,12923,ÿÿÿĀÿþþ
þÿĀÿþ,9598,ÿþÿþÿÿ,12924,þÿĀÿþÿ
ÿþÿþÿÿ,12924,þÿĀÿþÿ,12925,ÿþÿþÿÿþ
þÿĀÿþÿ,848,ÿÿĀþþ,12926,þÿĀÿþÿÿ
ÿÿĀþþ,11558,ýþýú,12927,ÿÿĀþþý
ýþýú,787,Āÿā,12928,ýþýúĀ
Āÿā,2200,ìÑ,12929,Āÿāì
ìÑ,273,đ,12930,ìÑđ
đ,348,Ŝ,12931,đŜ
Ŝ,3381,Ėă,12932,ŜĖ
Ėă,993,Āÿþÿ,12933,ĖăĀ
Āÿþÿ,12639,üăĀü,12934,Āÿþÿü
üăĀü,529,Āÿ,12935,üăĀüĀ
Āÿ,7837,úí,12936,Āÿú
úí,143,,12937,úí
,301,ĭ,12938,ĭ
ĭ,280,Ę,12939,ĭĘ
Ę,4189,ýĂýÿ,12940,Ęý
ýĂýÿ,9547,Ăüþ,12941,ýĂýÿĂ
Ăüþ,2612,ċā,12942,Ăüþċ
ċā,5678,Āāý,12943,ċāĀ
Āāý,2067,ÿÿÿÿĀÿÿÿ,12944,Āāýÿ
ÿÿÿÿĀÿÿÿ,6682,þÿĀþÿÿÿ,12945,ÿÿÿÿĀÿÿÿþ
þÿĀþÿÿÿ,7607,þÿĀÿþ,12946,þÿĀþÿÿÿþ
þÿĀÿþ,1501,ýă,12947,þÿĀÿþý
ýă,12571,Āûü,12948,ýăĀ
Āûü,841,ĂĂ,12949,ĀûüĂ
ĂĂ,6562,ýĀþĀÿ,12950,ĂĂý
ýĀþĀÿ,703,üÿ,12951,ýĀþĀÿü
üÿ,2687,Ąû,12952,üÿĄ
Ąû,664,ÿÿĀĀ,12953,Ąûÿ
ÿÿĀĀ,3073,üþă,12954,ÿÿĀĀü
üþă,12500,þÿþÿĀÿÿÿ,12955,üþăþ
þÿþÿĀÿÿÿ,11812,ÿÿþĀþÿÿÿ,12956,þÿþÿĀÿÿÿÿ
ÿÿþĀþÿÿÿ,1927,þÿÿÿÿÿĀÿ,12957,ÿÿþĀþÿÿÿþ
þÿÿÿÿÿĀÿ,7137,þÿÿÿÿÿĀþ,12958,þÿÿÿÿÿĀÿþ
þÿÿÿÿÿĀþ,3295,þÿĀþÿĀ,12959,þÿÿÿÿÿĀþþ
þÿĀþÿĀ,10119,ÿþāü,12960,þÿĀþÿĀÿ
ÿþāü,989,āĂ,12961,ÿþāüā
āĂ,1628,üê,12962,āĂü
üê,220,Ü,12963,üêÜ
Ü,4219,åĩ,12964,Üå
åĩ,305,ı,12965,åĩı
ı,8514,Ĝû,12966,ıĜ
Ĝû,7317,ùþû,12967,Ĝûù
ùþû,969,þýā,12968,ùþûþ
þýā,1036,ýÿý,12969,þýāý
ýÿý,1590,ăþ,12970,ýÿýă
ăþ,232,è,12971,ăþè
è,108,l,12972,èl
l,231,ç,12973,lç
ç,953,þĄ,12974,çþ
þĄ,2391,þą,12975,þĄþ
þą,273,đ,12976,þąđ
đ,2948,ńŀ,12977,đń
ńŀ,3727,ćĀÿ,12978,ńŀć
ćĀÿ,4948,ýāþĀ,12979,ćĀÿý
ýāþĀ,5635,þÿĀþĀ,12980,ýāþĀþ
þÿĀþĀ,3552,þĀþþÿ,12981,þÿĀþĀþ
þĀþþÿ,11703,ÿÿÿÿÿÿĀÿÿÿ,12982,þĀþþÿÿ
ÿÿÿÿÿÿĀÿÿÿ,7215,ÿþĀÿĀ,12983,ÿÿÿÿÿÿĀÿÿÿÿ
ÿþĀÿĀ,813,ýĂ,12984,ÿþĀÿĀý
ýĂ,236,ì,12985,ýĂì
ì,193,Á,12986,ìÁ
Á,2926,Ĕģ,12987,ÁĔ
Ĕģ,3239,āýă,12988,Ĕģā
āýă,887,ÿþā,12989,āýăÿ
ÿþā,3132,ăĀÿă,12990,ÿþāă
ăĀÿă,5554,þāÿþ,12991,ăĀÿăþ
þāÿþ,1394,ÿþĀĀ,12992,þāÿþÿ
ÿþĀĀ,9851,þĀÿÿÿÿþĀ,12993,ÿþĀĀþ
þĀÿÿÿÿþĀ,552,ÿĀÿ,12994,þĀÿÿÿÿþĀÿ
ÿĀÿ,3794,āÿÿÿÿÿÿÿ,12995,ÿĀÿā
āÿÿÿÿÿÿÿ,650,þÿÿÿĀ,12996,āÿÿÿÿÿÿÿþ
þÿÿÿĀ,2587,ýÿÿÿ,12997,þÿÿÿĀý
ýÿÿÿ,5869,ýÿÿĀ,12998,ýÿÿÿý
ýÿÿĀ,8520,ÿþĀÿþÿ,12999,ýÿÿĀÿ
ÿþĀÿþÿ,2486,ÿÿĀý,13000,ÿþĀÿþÿÿ
ÿÿĀý,1755,þÿüþ,13001,ÿÿĀýþ
þÿüþ,913,ÿüÿ,13002,þÿüþÿ
ÿüÿ,804,ûù,13003,ÿüÿû
ûù,215,×,13004,ûù×
×,241,ñ,13005,×ñ
ñ,341,ŕ,13006,ñŕ
ŕ,3365,ĮĂ,13007,ŕĮ
ĮĂ,11879,ÿĂý,13008,ĮĂÿ
ÿĂý,10713,Āþāÿ,13009,ÿĂýĀ
Āþāÿ,2159,þýāÿ,13010,Āþāÿþ
þýāÿ,1461,ÿø,13011,þýāÿÿ
ÿø,167,§,13012,ÿø§
§,229,å,13013,§å
å,7985,ĺû,13014,åĺ
ĺû,11187,ĀĂü,13015,ĺûĀ
ĀĂü,6833,þĀÿā,13016,ĀĂüþ
þĀÿā,2861,ĉĂ,13017,þĀÿāĉ
ĉĂ,1982,þĀþÿÿÿ,13018,ĉĂþ
þĀþÿÿÿ,5755,þÿÿÿĀþÿÿ,13019,þĀþÿÿÿþ
þÿÿÿĀþÿÿ,556,ÿÿÿÿÿÿÿÿÿÿÿþ,13020,þÿÿÿĀþÿÿÿ
ÿÿÿÿÿÿÿÿÿÿÿþ,5754,ÿĀÿÿÿÿþ,13021,ÿÿÿÿÿÿÿÿÿÿÿþÿ
ÿĀÿÿÿÿþ,4629,ÿĀþÿĀ,13022,ÿĀÿÿÿÿþÿ
ÿĀþÿĀ,10262,þĀÿþÿÿÿÿ,13023,ÿĀþÿĀþ
þĀÿþÿÿÿÿ,2469,þĀþÿĀþ,13024,þĀÿþÿÿÿÿþ
þĀþÿĀþ,651,Āÿÿÿþ,13025,þĀþÿĀþĀ
Āÿÿÿþ,10847,ĀþþĀÿ,13026,ĀÿÿÿþĀ
ĀþþĀÿ,12480,ÿĀþþĀþÿ,13027,ĀþþĀÿÿ
ÿĀþþĀþÿ,5125,ÿÿÿā,13028,ÿĀþþĀþÿÿ
ÿÿÿā,1467,Āû,13029,ÿÿÿāĀ
Āû,10645,ýăÿ,13030,Āûý
ýăÿ,1165,ýĀā,13031,ýăÿý
ýĀā,1117,Āú,13032,ýĀāĀ
Āú,2078,Āăü,13033,ĀúĀ
Āăü,513,ÿÿ,13034,Āăüÿ
ÿÿ,238,î,13035,ÿÿî
î,3609,Óê,13036,îÓ
Óê,295,ħ,13037,Óêħ
ħ,312,ĸ,13038,ħĸ
ĸ,3738,ęĂ,13039,ĸę
ęĂ,11693,ôā,13040,ęĂô
ôā,758,üĀ,13041,ôāü
üĀ,9721,úþû,13042,üĀú
úþû,12179,āúĀÿ,13043,úþûā
āúĀÿ,260,Ą,13044,āúĀÿĄ
Ą,234,ê,13045,Ąê
ê,116,t,13046,êt
t,214,Ö,13047,tÖ
Ö,4038,ÿĄ,13048,Öÿ
ÿĄ,1166,āýā,13049,ÿĄā
āýā,291,ģ,13050,āýāģ
ģ,323,Ń,13051,ģŃ
Ń,315,Ļ,13052,ŃĻ
Ļ,4295,āþĀ,13053,Ļā
āþĀ,8797,ĀþĀþþ,13054,āþĀĀ
ĀþĀþþ,11793,ÿĀþĀþĀ,13055,ĀþĀþþÿ
ÿĀþĀþĀ,11996,þÿÿÿÿÿÿÿĀÿ,13056,ÿĀþĀþĀþ
þÿÿÿÿÿÿÿĀÿ,2056,ÿþÿþĀ,13057,þÿÿÿÿÿÿÿĀÿÿ
ÿþÿþĀ,8363,þÿþĀþ,13058,ÿþÿþĀþ
þÿþĀþ,256,Ā,13059,þÿþĀþĀ
Ā,200,È,13060,ĀÈ
È,232,è,13061,Èè
è,295,ħ,13062,èħ
ħ,8063,ēý,13063,ħē
ēý,4162,ýăā,13064,ēýý
ýăā,3680,þăă,13065,ýăāþ
þăă,5420,úĄā,13066,þăăú
úĄā,8260,ÿĀÿÿĀ,13067,úĄāÿ
ÿĀÿÿĀ,1924,ÿÿþĀÿÿÿÿ,13068,ÿĀÿÿĀÿ
ÿÿþĀÿÿÿÿ,2069,þÿÿÿÿÿĀÿÿ,13069,ÿÿþĀÿÿÿÿþ
þÿÿÿÿÿĀÿÿ,9118,Āÿÿÿÿÿÿÿÿþ,13070,þÿÿÿÿÿĀÿÿĀ
Āÿÿÿÿÿÿÿÿþ,1509,ÿÿÿþÿÿ,13071,Āÿÿÿÿÿÿÿÿþÿ
ÿÿÿþÿÿ,714,þÿĀĀþ,13072,ÿÿÿþÿÿþ
þÿĀĀþ,9325,ÿÿÿāā,13073,þÿĀĀþÿ
ÿÿÿāā,1462,øþ,13074,ÿÿÿāāø
øþ,10753,þûā,13075,øþþ
þûā,3687,ÿüý,13076,þûāÿ
ÿüý,255,ÿ,13077,ÿüýÿ
ÿ,212,Ô,13078,ÿÔ
Ô,234,ê,13079,Ôê
ê,317,Ľ,13080,êĽ
Ľ,329,ŉ,13081,Ľŉ
ŉ,8383,ăāÿÿÿ,13082,ŉă
ăāÿÿÿ,9068,þÿÿÿÿĀþ,13083,ăāÿÿÿþ
þÿÿÿÿĀþ,2334,Āýý,13084,þÿÿÿÿĀþĀ
Āýý,209,Ñ,13085,ĀýýÑ
Ñ,170,ª,13086,Ñª
ª,309,ĵ,13087,ªĵ
ĵ,275,ē,13088,ĵē
ē,2221,ùý,13089,ēù
ùý,1035,Ąý,13090,ùýĄ
Ąý,259,ă,13091,Ąýă
ă,3149,÷Ą,13092,ă÷
÷Ą,6394,ćă,13093,÷Ąć
ćă,5954,ÿÿÿþÿĀ,13094,ćăÿ
ÿÿÿþÿĀ,5242,ĀþÿĀþÿÿ,13095,ÿÿÿþÿĀĀ
ĀþÿĀþÿÿ,3189,ÿÿÿÿÿÿÿÿÿÿÿÿÿÿÿþÿ,13096,ĀþÿĀþÿÿÿ
ÿÿÿÿÿÿÿÿÿÿÿÿÿÿÿþÿ,9302,Āþÿÿÿþ,13097,ÿÿÿÿÿÿÿÿÿÿÿÿÿÿÿþÿĀ
Āþÿÿÿþ,5074,ÿāÿþĀ,13098,Āþÿÿÿþÿ
ÿāÿþĀ,2977,ýÿÿÿĀ,13099,ÿāÿþĀý
ýÿÿÿĀ,11337,þĀÿþÿÿÿÿÿ,13100,ýÿÿÿĀþ
þĀÿþÿÿÿÿÿ,11611,ĀþþĀþ,13101,þĀÿþÿÿÿÿÿĀ
ĀþþĀþ,10439,ÿĀÿÿþÿÿ,13102,ĀþþĀþÿ
ÿĀÿÿþÿÿ,643,ÿÿā,13103,ÿĀÿÿþÿÿÿ
ÿÿā,3594,üāÿ,13104,ÿÿāü
üāÿ,758,üĀ,13105,üāÿü
üĀ,990,Ăþý,13106,üĀĂ
Ăþý,2147,þĂþ,13107,Ăþýþ
þĂþ,2383,úĄĂ,13108,þĂþú
úĄĂ,1076,ûĀ,13109,úĄĂû
ûĀ,3444,ïÖ,13110,ûĀï
ïÖ,233,é,13111,ïÖé
é,294,Ħ,13112,éĦ
Ħ,312,ĸ,13113,Ħĸ
ĸ,280,Ę,13114,ĸĘ
Ę,1939,ăû,13115,Ęă
ăû,5543,ûÿā,13116,ăûû
ûÿā,1860,÷ÿ,13117,ûÿā÷
÷ÿ,11574,üþÿú,13118,÷ÿü
üþÿú,2383,úĄĂ,13119,üþÿúú
úĄĂ,237,í,13120,úĄĂí
í,118,v,13121,ív
v,201,É,13122,vÉ
É,11499,Ćāā,13123,ÉĆ
Ćāā,526,Āþ,13124,ĆāāĀ
Āþ,260,Ą,13125,ĀþĄ
Ą,302,Į,13126,ĄĮ
Į,322,ł,13127,Įł
ł,305,ı,13128,łı
ı,10629,ĀÿĀý,13129,ıĀ
ĀÿĀý,2207,ÿÿĀÿþÿ,13130,ĀÿĀýÿ
ÿÿĀÿþÿ,12071,ÿÿÿÿÿþÿÿÿÿÿÿ,13131,ÿÿĀÿþÿÿ
ÿÿÿÿÿþÿÿÿÿÿÿ,13026,ĀÿÿÿþĀ,13132,ÿÿÿÿÿþÿÿÿÿÿÿĀ
ĀÿÿÿþĀ,9597,þĀÿýāÿ,13133,ĀÿÿÿþĀþ
þĀÿýāÿ,253,ý,13134,þĀÿýāÿý
ý,229,å,13135,ýå
å,206,Î,13136,åÎ
Î,2522,čĤ,13137,Îč
čĤ,3657,ćþ,13138,čĤć
ćþ,595,þþ,13139,ćþþ
þþ,2511,Ąþÿ,13140,þþĄ
Ąþÿ,3882,ăÿĂ,13141,Ąþÿă
ăÿĂ,1000,ÿāÿ,13142,ăÿĂÿ
ÿāÿ,11810,ÿāĀþ,13143,ÿāÿÿ
ÿāĀþ,3457,þĀÿÿÿÿÿ,13144,ÿāĀþþ
þĀÿÿÿÿÿ,726,ÿÿÿÿÿÿÿÿĀ,13145,þĀÿÿÿÿÿÿ
ÿÿÿÿÿÿÿÿĀ,1773,ÿþÿÿÿÿÿ,13146,ÿÿÿÿÿÿÿÿĀÿ
ÿþÿÿÿÿÿ,12981,þÿĀþĀþ,13147,ÿþÿÿÿÿÿþ
þÿĀþĀþ,12526,ĀþÿĀþĀþ,13148,þÿĀþĀþĀ
ĀþÿĀþĀþ,3523,ÿþĀý,13149,ĀþÿĀþĀþÿ
ÿþĀý,5891,ýûă,13150,ÿþĀýý
ýûă,1960,ÿû,13151,ýûăÿ
ÿû,9861,ÿúĂ,13152,ÿûÿ
ÿúĂ,254,þ,13153,ÿúĂþ
þ,217,Ù,13154,þÙ
Ù,228,ä,13155,Ùä
ä,293,ĥ,13156,äĥ
ĥ,345,ř,13157,ĥř
ř,987,ĉĄ,13158,řĉ
ĉĄ,8068,þÿÿĀþÿÿÿ,13159,ĉĄþ
þÿÿĀþÿÿÿ,5609,þāý,13160,þÿÿĀþÿÿÿþ
þāý,1336,Āþý,13161,þāýĀ
Āþý,244,ô,13162,Āþýô
ô,148,,13163,ô
,270,Ď,13164,Ď
Ď,8554,Ĩþ,13165,ĎĨ
Ĩþ,11284,ÿÿāĀ,13166,Ĩþÿ
ÿÿāĀ,8272,ûĀă,13167,ÿÿāĀû
ûĀă,11825,ąĂÿ,13168,ûĀăą
ąĂÿ,10549,þÿþāĀ,13169,ąĂÿþ
þÿþāĀ,6916,ýÿĀÿþÿ,13170,þÿþāĀý
ýÿĀÿþÿ,570,ÿÿÿÿÿÿÿÿÿÿÿÿÿÿÿÿÿÿ,13171,ýÿĀÿþÿÿ
ÿÿÿÿÿÿÿÿÿÿÿÿÿÿÿÿÿÿ,9828,þÿÿÿĀþĀþ,13172,ÿÿÿÿÿÿÿÿÿÿÿÿÿÿÿÿÿÿþ
þÿÿÿĀþĀþ,590,Āÿÿÿÿÿ,13173,þÿÿÿĀþĀþĀ
Āÿÿÿÿÿ,5610,ýÿĀþ,13174,Āÿÿÿÿÿý
ýÿĀþ,7638,ÿĀÿÿþÿ,13175,ýÿĀþÿ
ÿĀÿÿþÿ,2672,Āþÿÿÿÿÿÿÿ,13176,ÿĀÿÿþÿĀ
Āþÿÿÿÿÿÿÿ,3827,ĀþĀýĀ,13177,ĀþÿÿÿÿÿÿÿĀ
ĀþĀýĀ,4438,ĂúĀ,13178,ĀþĀýĀĂ
ĂúĀ,2625,Ăþü,13179,ĂúĀĂ
Ăþü,2787,āþĂ,13180,Ăþüā
āþĂ,5311,ûÿÿĀ,13181,āþĂû
ûÿÿĀ,3218,Ăú,13182,ûÿÿĀĂ
Ăú,11729,îÚ,13183,Ăúî
îÚ,234,ê,13184,îÚê
ê,287,ğ,13185,êğ
ğ,319,Ŀ,13186,ğĿ
Ŀ,8066,Ęā,13187,ĿĘ
Ęā,7914,Ăúý,13188,ĘāĂ
Ăúý,1130,āý,13189,Ăúýā
āý,1681,üú,13190,āýü
üú,1939,ăû,13191,üúă
ăû,1853,úü,13192,ăûú
úü,8743,ûąû,13193,úüû
ûąû,244,ô,13194,ûąûô
ô,113,q,13195,ôq
q,3088,ÇĈ,13196,qÇ
ÇĈ,10019,ÿāāĀ,13197,ÇĈÿ
ÿāāĀ,255,ÿ,13198,ÿāāĀÿ
ÿ,264,Ĉ,13199,ÿĈ
Ĉ,12829,ĹŃ,13200,ĈĹ
ĹŃ,9168,ĢĀ,13201,ĹŃĢ
ĢĀ,7719,þþĀþþ,13202,ĢĀþ
þþĀþþ,2672,Āþÿÿÿÿÿÿÿ,13203,þþĀþþĀ
Āþÿÿÿÿÿÿÿ,13070,þÿÿÿÿÿĀÿÿĀ,13204,Āþÿÿÿÿÿÿÿþ
þÿÿÿÿÿĀÿÿĀ,2311,þÿĀÿý,13205,þÿÿÿÿÿĀÿÿĀþ
þÿĀÿý,5000,ÿÿāÿ,13206,þÿĀÿýÿ
ÿÿāÿ,1232,üü,13207,ÿÿāÿü
üü,204,Ì,13208,üüÌ
Ì,233,é,13209,Ìé
é,282,Ě,13210,éĚ
Ě,287,ğ,13211,Ěğ
ğ,12185,ýþă,13212,ğý
ýþă,5929,Ăýþ,13213,ýþăĂ
Ăýþ,1322,Ćü,13214,ĂýþĆ
Ćü,11116,āāāÿ,13215,Ćüā
āāāÿ,1000,ÿāÿ,13216,āāāÿÿ
ÿāÿ,4522,Āÿÿÿÿÿÿÿÿÿÿÿÿÿÿÿÿÿÿÿÿÿÿÿ,13217,ÿāÿĀ
Āÿÿÿÿÿÿÿÿÿÿÿÿÿÿÿÿÿÿÿÿÿÿÿ,12699,ÿÿþĀþĀÿ,13218,Āÿÿÿÿÿÿÿÿÿÿÿÿÿÿÿÿÿÿÿÿÿÿÿÿ
ÿÿþĀþĀÿ,1958,ÿþÿÿÿĀþ,13219,ÿÿþĀþĀÿÿ
ÿþÿÿÿĀþ,524,ÿþ,13220,ÿþÿÿÿĀþÿ
ÿþ,4561,ùĆ,13221,ÿþù
ùĆ,12059,úûĂ,13222,ùĆú
úûĂ,11324,üÿþú,13223,úûĂü
üÿþú,224,à,13224,üÿþúà
à,10660,èđ,13225,àè
èđ,354,Ţ,13226,èđŢ
Ţ,6769,ĎĂ,13227,ŢĎ
ĎĂ,593,ÿÿÿÿÿÿþ,13228,ĎĂÿ
ÿÿÿÿÿÿþ,3262,āÿþþ,13229,ÿÿÿÿÿÿþā
āÿþþ,1181,þāÿ,13230,āÿþþþ
þāÿ,1292,üý,13231,þāÿü
üý,193,Á,13232,üýÁ
Á,188,¼,13233,Á¼
¼,317,Ľ,13234,¼Ľ
Ľ,907,ąĂ,13235,Ľą
ąĂ,1258,üþÿ,13236,ąĂü
üþÿ,10950,ăüþ,13237,üþÿă
ăüþ,1114,ćą,13238,ăüþć
ćą,5867,þþĀþĀ,13239,ćąþ
þþĀþĀ,7082,Āÿÿþÿþ,13240,þþĀþĀĀ
Āÿÿþÿþ,2314,ÿĀÿÿÿÿÿÿÿÿÿÿÿÿÿÿ,13241,Āÿÿþÿþÿ
ÿĀÿÿÿÿÿÿÿÿÿÿÿÿÿÿ,2105,þÿÿĀþÿÿ,13242,ÿĀÿÿÿÿÿÿÿÿÿÿÿÿÿÿþ
þÿÿĀþÿÿ,6187,þĀÿĀþ,13243,þÿÿĀþÿÿþ
þĀÿĀþ,9665,ÿþÿÿÿÿÿĀÿ,13244,þĀÿĀþÿ
ÿþÿÿÿÿÿĀÿ,680,ÿþÿÿĀÿ,13245,ÿþÿÿÿÿÿĀÿÿ
ÿþÿÿĀÿ,973,þþĀÿ,13246,ÿþÿÿĀÿþ
þþĀÿ,12924,þÿĀÿþÿ,13247,þþĀÿþ
þÿĀÿþÿ,2163,ĀþĀþ,13248,þÿĀÿþÿĀ
ĀþĀþ,1823,üĄ,13249,ĀþĀþü
üĄ,1591,þû,13250,üĄþ
þû,11737,ăāü,13251,þûă
ăāü,5938,üĂā,13252,ăāüü
üĂā,658,þĀý,13253,üĂāþ
þĀý,233,é,13254,þĀýé
é,220,Ü,13255,éÜ
Ü,231,ç,13256,Üç
ç,292,Ĥ,13257,çĤ
Ĥ,318,ľ,13258,Ĥľ
ľ,8452,ĝă,13259,ľĝ
ĝă,3218,Ăú,13260,ĝăĂ
Ăú,875,ûă,13261,Ăúû
ûă,6237,öĂ,13262,ûăö
öĂ,1466,ùĀ,13263,öĂù
ùĀ,1662,ûû,13264,ùĀû
ûû,1567,āü,13265,ûûā
āü,3439,üĀþ,13266,āüü
üĀþ,234,ê,13267,üĀþê
ê,107,k,13268,êk
k,213,Õ,13269,kÕ
Õ,13091,Ąýă,13270,ÕĄ
Ąýă,2764,ĀĂÿ,13271,ĄýăĀ
ĀĂÿ,12718,āċ,13272,ĀĂÿā
āċ,12436,ńŁ,13273,āċń
ńŁ,4777,ĕÿ,13274,ńŁĕ
ĕÿ,1023,ÿþþĀ,13275,ĕÿÿ
ÿþþĀ,6262,ýĀĀþÿ,13276,ÿþþĀý
ýĀĀþÿ,662,ÿÿÿÿÿþĀþ,13277,ýĀĀþÿÿ
ÿÿÿÿÿþĀþ,1446,ĀþĀÿþÿ,13278,ÿÿÿÿÿþĀþĀ
ĀþĀÿþÿ,13023,ÿĀþÿĀþ,13279,ĀþĀÿþÿÿ
ÿĀþÿĀþ,759,ĀÿĂ,13280,ÿĀþÿĀþĀ
ĀÿĂ,1566,øā,13281,ĀÿĂø
øā,253,ý,13282,øāý
ý,13036,îÓ,13283,ýî
îÓ,242,ò,13284,îÓò
ò,296,Ĩ,13285,òĨ
Ĩ,4015,ĎĄ,13286,ĨĎ
ĎĄ,949,úĀ,13287,ĎĄú
úĀ,8295,ăĀĀÿ,13288,úĀă
ăĀĀÿ,4212,āĀā,13289,ăĀĀÿā
āĀā,3996,ÿĀāĀ,13290,āĀāÿ
ÿĀāĀ,1642,Āÿÿÿÿÿÿÿÿÿÿÿÿÿÿÿþ,13291,ÿĀāĀĀ
Āÿÿÿÿÿÿÿÿÿÿÿÿÿÿÿþ,12163,Āþÿÿÿÿÿÿÿÿÿÿ,13292,ĀÿÿÿÿÿÿÿÿÿÿÿÿÿÿÿþĀ
Āþÿÿÿÿÿÿÿÿÿÿ,2981,ÿÿÿÿþĀ,13293,Āþÿÿÿÿÿÿÿÿÿÿÿ
ÿÿÿÿþĀ,1220,Āýÿ,13294,ÿÿÿÿþĀĀ
Āýÿ,3369,ýĀý,13295,Āýÿý
ýĀý,3136,üÿÿü,13296,ýĀýü
üÿÿü,1657,üýĀ,13297,üÿÿüü
üýĀ,8575,åÜ,13298,üýĀå
åÜ,270,Ď,13299,åÜĎ
Ď,358,Ŧ,13300,ĎŦ
Ŧ,273,đ,13301,Ŧđ
đ,9644,Ąÿÿÿÿ,13302,đĄ
Ąÿÿÿÿ,4935,ÿÿþÿĀÿ,13303,Ąÿÿÿÿÿ
ÿÿþÿĀÿ,4112,ÿþþā,13304,ÿÿþÿĀÿÿ
ÿþþā,913,ÿüÿ,13305,ÿþþāÿ
ÿüÿ,239,ï,13306,ÿüÿï
ï,144,,13307,ï
,290,Ģ,13308,Ģ
Ģ,1671,ĝþ,13309,Ģĝ
ĝþ,259,ă,13310,ĝþă
ă,4053,ùĂþ,13311,ăù
ùĂþ,1652,Āü,13312,ùĂþĀ
Āü,262,Ć,13313,ĀüĆ
Ć,1116,ąĀ,13314,Ćą
ąĀ,7302,ýĂþÿ,13315,ąĀý
ýĂþÿ,13248,þÿĀÿþÿĀ,13316,ýĂþÿþ
þÿĀÿþÿĀ,9519,ÿÿÿÿÿÿÿÿþÿÿ,13317,þÿĀÿþÿĀÿ
ÿÿÿÿÿÿÿÿþÿÿ,640,ÿÿÿÿþÿÿ,13318,ÿÿÿÿÿÿÿÿþÿÿÿ
ÿÿÿÿþÿÿ,12336,ĀþĀÿÿþÿ,13319,ÿÿÿÿþÿÿĀ
ĀþĀÿÿþÿ,578,ĀþĀÿ,13320,ĀþĀÿÿþÿĀ
ĀþĀÿ,12835,ýĀÿÿÿÿ,13321,ĀþĀÿý
ýĀÿÿÿÿ,10861,ÿÿÿÿÿþĀÿ,13322,ýĀÿÿÿÿÿ
ÿÿÿÿÿþĀÿ,739,þÿÿÿþ,13323,ÿÿÿÿÿþĀÿþ
þÿÿÿþ,11002,āÿþþÿ,13324,þÿÿÿþā
āÿþþÿ,8041,ÿĀÿĀþ,13325,āÿþþÿÿ
ÿĀÿĀþ,11025,ĀþþÿĀÿ,13326,ÿĀÿĀþĀ
ĀþþÿĀÿ,529,Āÿ,13327,ĀþþÿĀÿĀ
Āÿ,248,ø,13328,Āÿø
ø,232,è,13329,øè
è,221,Ý,13330,èÝ
Ý,238,î,13331,Ýî
î,297,ĩ,13332,îĩ
ĩ,317,Ľ,13333,ĩĽ
Ľ,6726,ęā,13334,Ľę
ęā,12581,Ăþýÿ,13335,ęāĂ
Ăþýÿ,2869,ýüĂ,13336,Ăþýÿý
ýüĂ,10354,ûüþý,13337,ýüĂû
ûüþý,701,þý,13338,ûüþýþ
þý,1121,ùþ,13339,þýù
ùþ,260,Ą,13340,ùþĄ
Ą,213,Õ,13341,ĄÕ
Õ,116,t,13342,Õt
t,217,Ù,13343,tÙ
Ù,1095,þĂ,13344,Ùþ
þĂ,3051,ăĀĀ,13345,þĂă
ăĀĀ,1015,Ăÿā,13346,ăĀĀĂ
Ăÿā,276,Ĕ,13347,ĂÿāĔ
Ĕ,5317,ŊĽ,13348,ĔŊ
ŊĽ,5172,Ċþ,13349,ŊĽĊ
Ċþ,782,ĀþÿÿþĀ,13350,ĊþĀ
ĀþÿÿþĀ,12684,þÿÿÿÿÿÿÿÿÿÿÿÿÿ,13351,ĀþÿÿþĀþ
þÿÿÿÿÿÿÿÿÿÿÿÿÿ,12870,ÿĀþÿÿÿÿÿ,13352,þÿÿÿÿÿÿÿÿÿÿÿÿÿÿ
ÿĀþÿÿÿÿÿ,5125,ÿÿÿā,13353,ÿĀþÿÿÿÿÿÿ
ÿÿÿā,3961,øÿ,13354,ÿÿÿāø
øÿ,953,þĄ,13355,øÿþ
þĄ,224,à,13356,þĄà
à,6710,×Ă,13357,à×
×Ă,292,Ĥ,13358,×ĂĤ
Ĥ,12820,ďù,13359,Ĥď
ďù,1243,āă,13360,ďùā
āă,10832,þĀĀā,13361,āăþ
þĀĀā,11023,āÿĀÿĀ,13362,þĀĀāā
āÿĀÿĀ,2764,ĀĂÿ,13363,āÿĀÿĀĀ
ĀĂÿ,13068,ÿĀÿÿĀÿ,13364,ĀĂÿÿ
ÿĀÿÿĀÿ,11811,þÿþÿÿÿÿ,13365,ÿĀÿÿĀÿþ
þÿþÿÿÿÿ,4670,ĀþĀÿÿÿÿþ,13366,þÿþÿÿÿÿĀ
ĀþĀÿÿÿÿþ,1701,ÿÿÿÿÿÿÿÿÿÿþÿ,13367,ĀþĀÿÿÿÿþÿ
ÿÿÿÿÿÿÿÿÿÿþÿ,2905,þÿýþ,13368,ÿÿÿÿÿÿÿÿÿÿþÿþ
þÿýþ,526,Āþ,13369,þÿýþĀ
Āþ,6608,ùăý,13370,Āþù
ùăý,3114,ûĆ,13371,ùăýû
ûĆ,246,ö,13372,ûĆö
ö,227,ã,13373,öã
ã,220,Ü,13374,ãÜ
Ü,278,Ė,13375,ÜĖ
Ė,346,Ś,13376,ĖŚ
Ś,279,ė,13377,Śė
ė,4403,ĄĀĀ,13378,ėĄ
ĄĀĀ,2242,üĂþ,13379,ĄĀĀü
üĂþ,619,ÿÿÿÿÿþā,13380,üĂþÿ
ÿÿÿÿÿþā,8890,þþĀÿý,13381,ÿÿÿÿÿþāþ
þþĀÿý,1467,Āû,13382,þþĀÿýĀ
Āû,184,¸,13383,Āû¸
¸,194,Â,13384,¸Â
Â,3562,ŃĂ,13385,ÂŃ
ŃĂ,5201,Āÿþÿÿþ,13386,ŃĂĀ
Āÿþÿÿþ,4172,ăăĂ,13387,Āÿþÿÿþă
ăăĂ,7324,ÿāþÿÿ,13388,ăăĂÿ
ÿāþÿÿ,10605,ÿÿÿÿÿÿĀÿÿ,13389,ÿāþÿÿÿ
ÿÿÿÿÿÿĀÿÿ,12182,þĀþĀþÿ,13390,ÿÿÿÿÿÿĀÿÿþ
þĀþĀþÿ,12527,þĀþĀþÿÿ,13391,þĀþĀþÿþ
þĀþĀþÿÿ,3628,ĀÿþþĀ,13392,þĀþĀþÿÿĀ
ĀÿþþĀ,13000,ÿþĀÿþÿÿ,13393,ĀÿþþĀÿ
ÿþĀÿþÿÿ,13204,Āþÿÿÿÿÿÿÿþ,13394,ÿþĀÿþÿÿĀ
Āþÿÿÿÿÿÿÿþ,12356,ÿĀþĀþÿ,13395,Āþÿÿÿÿÿÿÿþÿ
ÿĀþĀþÿ,10183,ĀþÿÿĀÿÿ,13396,ÿĀþĀþÿĀ
ĀþÿÿĀÿÿ,3410,ÿþĀþÿ,13397,ĀþÿÿĀÿÿÿ
ÿþĀþÿ,11984,þûĄ,13398,ÿþĀþÿþ
þûĄ,1666,āø,13399,þûĄā
āø,7636,ăĄþ,13400,āøă
ăĄþ,9091,ìß,13401,ăĄþì
ìß,223,ß,13402,ìßß
ß,11991,ĈĮ,13403,ßĈ
ĈĮ,307,ĳ,13404,ĈĮĳ
ĳ,3532,ĖĂ,13405,ĳĖ
ĖĂ,1421,āĀÿĀ,13406,ĖĂā
āĀÿĀ,1904,úā,13407,āĀÿĀú
úā,3962,ÿúý,13408,úāÿ
ÿúý,1095,þĂ,13409,ÿúýþ
þĂ,1566,øā,13410,þĂø
øā,249,ù,13411,øāù
ù,1088,õĆ,13412,ùõ
õĆ,260,Ą,13413,õĆĄ
Ą,193,Á,13414,ĄÁ
Á,117,u,13415,Áu
u,227,ã,13416,uã
ã,3878,Ćý,13417,ãĆ
Ćý,12765,ÿĀă,13418,Ćýÿ
ÿĀă,1888,ÿāĀ,13419,ÿĀăÿ
ÿāĀ,259,ă,13420,ÿāĀă
ă,293,ĥ,13421,ăĥ
ĥ,329,ŉ,13422,ĥŉ
ŉ,7846,ĵā,13423,ŉĵ
ĵā,5691,þĀÿþĀþ,13424,ĵāþ
þĀÿþĀþ,13353,ÿĀþÿÿÿÿÿÿ,13425,þĀÿþĀþÿ
ÿĀþÿÿÿÿÿÿ,656,ÿÿÿÿÿÿÿĀ,13426,ÿĀþÿÿÿÿÿÿÿ
ÿÿÿÿÿÿÿĀ,9703,ýĀþÿĀ,13427,ÿÿÿÿÿÿÿĀý
ýĀþÿĀ,4112,ÿþþā,13428,ýĀþÿĀÿ
ÿþþā,2432,ýĀú,13429,ÿþþāý
ýĀú,965,āÿü,13430,ýĀúā
āÿü,225,á,13431,āÿüá
á,214,Ö,13432,áÖ
Ö,5771,ċĝ,13433,Öċ
ċĝ,8190,Ėý,13434,ċĝĖ
Ėý,6608,ùăý,13435,Ėýù
ùăý,4909,ăÿĀ,13436,ùăýă
ăÿĀ,1792,ĀĀÿĀ,13437,ăÿĀĀ
ĀĀÿĀ,1178,ĀĂ,13438,ĀĀÿĀĀ
ĀĂ,4106,ĀÿĀÿĀ,13439,ĀĂĀ
ĀÿĀÿĀ,4084,ÿĀþÿ,13440,ĀÿĀÿĀÿ
ÿĀþÿ,13352,þÿÿÿÿÿÿÿÿÿÿÿÿÿÿ,13441,ÿĀþÿþ
þÿÿÿÿÿÿÿÿÿÿÿÿÿÿ,10935,ÿÿÿÿÿĀþý,13442,þÿÿÿÿÿÿÿÿÿÿÿÿÿÿÿ
ÿÿÿÿÿĀþý,1051,ÿÿÿý,13443,ÿÿÿÿÿĀþýÿ
ÿÿÿý,2455,ýþĀ,13444,ÿÿÿýý
ýþĀ,6845,ûăý,13445,ýþĀû
ûăý,831,ûā,13446,ûăýû
ûā,247,÷,13447,ûā÷
÷,222,Þ,13448,÷Þ
Þ,230,æ,13449,Þæ
æ,279,ė,13450,æė
ė,344,Ř,13451,ėŘ
Ř,13115,Ęă,13452,ŘĘ
Ęă,650,þÿÿÿĀ,13453,Ęăþ
þÿÿÿĀ,1870,Āÿþÿÿÿ,13454,þÿÿÿĀĀ
Āÿþÿÿÿ,5465,þĀÿÿþĀ,13455,Āÿþÿÿÿþ
þĀÿÿþĀ,1257,Āþü,13456,þĀÿÿþĀĀ
Āþü,234,ê,13457,Āþüê
ê,147,,13458,ê
,291,ģ,13459,ģ
ģ,286,Ğ,13460,ģĞ
Ğ,1823,üĄ,13461,Ğü
üĄ,3660,úĂþ,13462,üĄú
úĂþ,8945,Āþā,13463,úĂþĀ
Āþā,5108,ąĀĀā,13464,Āþāą
ąĀĀā,13175,ýÿĀþÿ,13465,ąĀĀāý
ýÿĀþÿ,625,ÿþÿĀÿ,13466,ýÿĀþÿÿ
ÿþÿĀÿ,11702,ÿÿÿÿÿÿþÿÿÿÿ,13467,ÿþÿĀÿÿ
ÿÿÿÿÿÿþÿÿÿÿ,12337,ÿÿĀþÿÿĀþĀ,13468,ÿÿÿÿÿÿþÿÿÿÿÿ
ÿÿĀþÿÿĀþĀ,2646,ýÿāÿ,13469,ÿÿĀþÿÿĀþĀý
ýÿāÿ,4176,ÿÿþÿÿþ,13470,ýÿāÿÿ
ÿÿþÿÿþ,4521,ÿÿÿĀþÿÿĀ,13471,ÿÿþÿÿþÿ
ÿÿÿĀþÿÿĀ,3297,þÿÿÿþÿ,13472,ÿÿÿĀþÿÿĀþ
þÿÿÿþÿ,6799,ĀÿÿĀý,13473,þÿÿÿþÿĀ
ĀÿÿĀý,599,ĀþÿÿĀ,13474,ĀÿÿĀýĀ
ĀþÿÿĀ,2334,Āýý,13475,ĀþÿÿĀĀ
Āýý,11889,āĂû,13476,Āýýā
āĂû,230,æ,13477,āĂûæ
æ,1630,ßí,13478,æß
ßí,288,Ġ,13479,ßíĠ
Ġ,306,Ĳ,13480,ĠĲ
Ĳ,290,Ģ,13481,ĲĢ
Ģ,1527,Ċā,13482,ĢĊ
Ċā,13217,ÿāÿĀ,13483,Ċāÿ
ÿāÿĀ,700,þþþ,13484,ÿāÿĀþ
þþþ,11084,āþû,13485,þþþā
āþû,9639,ÿûýû,13486,āþûÿ
ÿûýû,1960,ÿû,13487,ÿûýûÿ
ÿû,3115,Ćû,13488,ÿûĆ
Ćû,167,§,13489,Ćû§
§,130,,13490,§
,5906,ðą,13491,ð
ðą,2472,üāþ,13492,ðąü
üāþ,10741,ąýā,13493,üāþą
ąýā,644,āþ,13494,ąýāā
āþ,263,ć,13495,āþć
ć,315,Ļ,13496,ćĻ
Ļ,321,Ł,13497,ĻŁ
Ł,13166,Ĩþÿ,13498,ŁĨ
Ĩþÿ,2209,þĀÿÿþ,13499,Ĩþÿþ
þĀÿÿþ,780,ÿÿÿÿÿÿÿÿÿÿÿÿÿÿÿÿÿþ,13500,þĀÿÿþÿ
ÿÿÿÿÿÿÿÿÿÿÿÿÿÿÿÿÿþ,10415,ĀþÿþĀþ,13501,ÿÿÿÿÿÿÿÿÿÿÿÿÿÿÿÿÿþĀ
ĀþÿþĀþ,3525,ÿĀû,13502,ĀþÿþĀþÿ
ÿĀû,7848,Āýă,13503,ÿĀûĀ
Āýă,1049,ùą,13504,Āýăù
ùą,248,ø,13505,ùąø
ø,218,Ú,13506,øÚ
Ú,228,ä,13507,Úä
ä,264,Ĉ,13508,äĈ
Ĉ,291,ģ,13509,Ĉģ
ģ,6112,Ĉü,13510,ģĈ
Ĉü,1679,ăÿþĀ,13511,Ĉüă
ăÿþĀ,2691,ĂĀÿÿ,13512,ăÿþĀĂ
ĂĀÿÿ,1163,āāÿÿ,13513,ĂĀÿÿā
āāÿÿ,3311,ĀĀĀĀ,13514,āāÿÿĀ
ĀĀĀĀ,5821,ĀĀÿÿÿÿþ,13515,ĀĀĀĀĀ
ĀĀÿÿÿÿþ,10917,ÿÿÿÿÿĀÿÿÿÿ,13516,ĀĀÿÿÿÿþÿ
ÿÿÿÿÿĀÿÿÿÿ,7378,ÿÿÿþþÿÿ,13517,ÿÿÿÿÿĀÿÿÿÿÿ
ÿÿÿþþÿÿ,8049,þÿþÿþ,13518,ÿÿÿþþÿÿþ
þÿþÿþ,6126,ÿþüÿ,13519,þÿþÿþÿ
ÿþüÿ,2445,ÿüĀ,13520,ÿþüÿÿ
ÿüĀ,1591,þû,13521,ÿüĀþ
þû,246,ö,13522,þûö
ö,221,Ý,13523,öÝ
Ý,1730,ïğ,13524,Ýï
ïğ,338,Œ,13525,ïğŒ
Œ,7273,ĒĄý,13526,ŒĒ
ĒĄý,8727,āÿþÿĀ,13527,ĒĄýā
āÿþÿĀ,630,Āÿÿÿÿÿÿÿ,13528,āÿþÿĀĀ
Āÿÿÿÿÿÿÿ,2471,üĂü,13529,Āÿÿÿÿÿÿÿü
üĂü,4496,ĂĀý,13530,üĂüĂ
ĂĀý,1858,þú,13531,ĂĀýþ
þú,182,¶,13532,þú¶
¶,201,É,13533,¶É
É,321,Ł,13534,ÉŁ
Ł,4496,ĂĀý,13535,ŁĂ
ĂĀý,1538,āýĀ,13536,ĂĀýā
āýĀ,654,ýÿ,13537,āýĀý
ýÿ,2041,ĆĂ,13538,ýÿĆ
ĆĂ,13389,ÿāþÿÿÿ,13539,ĆĂÿ
ÿāþÿÿÿ,740,þÿĀÿÿ,13540,ÿāþÿÿÿþ
þÿĀÿÿ,7137,þÿÿÿÿÿĀþ,13541,þÿĀÿÿþ
þÿÿÿÿÿĀþ,11977,ĀþĀþĀþĀþÿ,13542,þÿÿÿÿÿĀþĀ
ĀþĀþĀþĀþÿ,4935,ÿÿþÿĀÿ,13543,ĀþĀþĀþĀþÿÿ
ÿÿþÿĀÿ,5201,Āÿþÿÿþ,13544,ÿÿþÿĀÿĀ
Āÿþÿÿþ,12151,ÿĀþþÿ,13545,Āÿþÿÿþÿ
ÿĀþþÿ,7458,ĀþÿĀþĀ,13546,ÿĀþþÿĀ
ĀþÿĀþĀ,725,ÿÿÿþĀÿÿ,13547,ĀþÿĀþĀÿ
ÿÿÿþĀÿÿ,7359,ÿþĀþÿÿ,13548,ÿÿÿþĀÿÿÿ
ÿþĀþÿÿ,2299,ÿĀü,13549,ÿþĀþÿÿÿ
ÿĀü,3878,Ćý,13550,ÿĀüĆ
Ćý,863,óè,13551,Ćýó
óè,219,Û,13552,óèÛ
Û,12445,þĤ,13553,Ûþ
þĤ,311,ķ,13554,þĤķ
ķ,2359,ĕć,13555,ķĕ
ĕć,4999,Āāāÿ,13556,ĕćĀ
Āāāÿ,4739,þĀÿþĀ,13557,Āāāÿþ
þĀÿþĀ,1083,ÿþû,13558,þĀÿþĀÿ
ÿþû,2149,āúĀ,13559,ÿþûā
āúĀ,703,üÿ,13560,āúĀü
üÿ,3331,øą,13561,üÿø
øą,239,ï,13562,øąï
ï,140,,13563,ï
,152,,13564,
,5996,ĄþĀþ,13565,Ą
ĄþĀþ,638,ĀÿÿĀ,13566,ĄþĀþĀ
ĀÿÿĀ,821,ĂāĀ,13567,ĀÿÿĀĂ
ĂāĀ,265,ĉ,13568,ĂāĀĉ
ĉ,330,Ŋ,13569,ĉŊ
Ŋ,11229,ĻĜ,13570,ŊĻ
ĻĜ,5610,ýÿĀþ,13571,ĻĜý
ýÿĀþ,5691,þĀÿþĀþ,13572,ýÿĀþþ
þĀÿþĀþ,11517,ĀþĀþĀþÿ,13573,þĀÿþĀþĀ
ĀþĀþĀþÿ,10821,þĀþĀþĀþÿ,13574,ĀþĀþĀþÿþ
þĀþĀþĀþÿ,12398,ĀÿÿþĀ,13575,þĀþĀþĀþÿĀ
ĀÿÿþĀ,6526,ÿÿĀú,13576,ĀÿÿþĀÿ
ÿÿĀú,2471,üĂü,13577,ÿÿĀúü
üĂü,13215,Ćüā,13578,üĂüĆ
Ćüā,252,ü,13579,Ćüāü
ü,213,Õ,13580,üÕ
Õ,220,Ü,13581,ÕÜ
Ü,267,ċ,13582,Üċ
ċ,13359,Ĥď,13583,ċĤ
Ĥď,9317,ýÿþĀ,13584,Ĥďý
ýÿþĀ,3780,āÿāĀ,13585,ýÿþĀā
āÿāĀ,11023,āÿĀÿĀ,13586,āÿāĀā
āÿĀÿĀ,873,ÿĀāÿ,13587,āÿĀÿĀÿ
ÿĀāÿ,9495,āÿÿÿĀþ,13588,ÿĀāÿā
āÿÿÿĀþ,10917,ÿÿÿÿÿĀÿÿÿÿ,13589,āÿÿÿĀþÿ
ÿÿÿÿÿĀÿÿÿÿ,10752,þÿÿÿÿþÿþ,13590,ÿÿÿÿÿĀÿÿÿÿþ
þÿÿÿÿþÿþ,11384,ÿýÿþþ,13591,þÿÿÿÿþÿþÿ
ÿýÿþþ,1156,ÿüþ,13592,ÿýÿþþÿ
ÿüþ,618,Āþþÿ,13593,ÿüþĀ
Āþþÿ,6847,êÛ,13594,Āþþÿê
êÛ,249,ù,13595,êÛù
ù,310,Ķ,13596,ùĶ
Ķ,322,ł,13597,Ķł
ł,11565,čăý,13598,łč
čăý,711,āĀ,13599,čăýā
āĀ,11783,úĀĀ,13600,āĀú
úĀĀ,1271,ĀĀÿþ,13601,úĀĀĀ
ĀĀÿþ,12417,ĀÿÿþÿĀÿÿ,13602,ĀĀÿþĀ
ĀÿÿþÿĀÿÿ,3595,ÿþĀþý,13603,ĀÿÿþÿĀÿÿÿ
ÿþĀþý,236,ì,13604,ÿþĀþýì
ì,150,,13605,ì
,280,Ę,13606,Ę
Ę,4508,ħù,13607,Ęħ
ħù,10231,ÿĂÿ,13608,ħùÿ
ÿĂÿ,9993,ÿÿÿÿā,13609,ÿĂÿÿ
ÿÿÿÿā,1128,Ąă,13610,ÿÿÿÿāĄ
Ąă,11141,ýþÿÿÿ,13611,Ąăý
ýþÿÿÿ,2456,ĀýĀ,13612,ýþÿÿÿĀ
ĀýĀ,1979,Āÿÿÿÿÿÿþ,13613,ĀýĀĀ
Āÿÿÿÿÿÿþ,8249,ÿþĀþĀþ,13614,Āÿÿÿÿÿÿþÿ
ÿþĀþĀþ,657,Āþÿÿÿÿþ,13615,ÿþĀþĀþĀ
Āþÿÿÿÿþ,12812,ÿÿÿĀü,13616,Āþÿÿÿÿþÿ
ÿÿÿĀü,1231,ăü,13617,ÿÿÿĀüă
ăü,11608,ăûĂ,13618,ăüă
ăûĂ,996,ýÿÿþ,13619,ăûĂý
ýÿÿþ,539,Āÿÿ,13620,ýÿÿþĀ
Āÿÿ,2086,āþý,13621,Āÿÿā
āþý,10127,ýăý,13622,āþýý
ýăý,1880,āÿþý,13623,ýăýā
āÿþý,6300,Ăüāÿ,13624,āÿþýĂ
Ăüāÿ,3371,þĀĀü,13625,Ăüāÿþ
þĀĀü,11999,ÿë,13626,þĀĀüÿ
ÿë,226,â,13627,ÿëâ
â,233,é,13628,âé
é,264,Ĉ,13629,éĈ
Ĉ,301,ĭ,13630,Ĉĭ
ĭ,6721,ĲĔ,13631,ĭĲ
ĲĔ,4999,Āāāÿ,13632,ĲĔĀ
Āāāÿ,6334,Āÿþÿþ,13633,ĀāāÿĀ
Āÿþÿþ,626,ÿÿÿĀÿÿ,13634,Āÿþÿþÿ
ÿÿÿĀÿÿ,2535,ûýþ,13635,ÿÿÿĀÿÿû
ûýþ,3143,Ā÷,13636,ûýþĀ
Ā÷,10687,ćÒ,13637,Ā÷ć
ćÒ,121,y,13638,ćÒy
y,196,Ä,13639,yÄ
Ä,13439,ĀĂĀ,13640,ÄĀ
ĀĂĀ,665,ĀÿÿÿÿĀ,13641,ĀĂĀĀ
ĀÿÿÿÿĀ,4411,ĂÿĂ,13642,ĀÿÿÿÿĀĂ
ĂÿĂ,277,ĕ,13643,ĂÿĂĕ
ĕ,335,ŏ,13644,ĕŏ
ŏ,4559,Ķč,13645,ŏĶ
Ķč,13171,ýÿĀÿþÿÿ,13646,Ķčý
ýÿĀÿþÿÿ,11249,þĀþĀþĀþĀþ,13647,ýÿĀÿþÿÿþ
þĀþĀþĀþĀþ,12644,ĀþĀþĀþĀÿ,13648,þĀþĀþĀþĀþĀ
ĀþĀþĀþĀÿ,13398,ÿþĀþÿþ,13649,ĀþĀþĀþĀÿÿ
ÿþĀþÿþ,939,þÿþþĂ,13650,ÿþĀþÿþþ
þÿþþĂ,5967,úăþ,13651,þÿþþĂú
úăþ,6381,āüĀ,13652,úăþā
āüĀ,4239,Ëù,13653,āüĀË
Ëù,5746,õý,13654,Ëùõ
õý,1457,ğĝ,13655,õýğ
ğĝ,1623,÷Ă,13656,ğĝ÷
÷Ă,6352,üāĂ,13657,÷Ăü
üāĂ,2401,üĂĂ,13658,üāĂü
üĂĂ,3606,üāā,13659,üĂĂü
üāā,712,ĀĀĀ,13660,üāāĀ
ĀĀĀ,10892,þĀÿĀÿÿ,13661,ĀĀĀþ
þĀÿĀÿÿ,13143,ÿāÿÿ,13662,þĀÿĀÿÿÿ
ÿāÿÿ,2137,Āÿÿÿþÿÿ,13663,ÿāÿÿĀ
Āÿÿÿþÿÿ,4009,þĀü,13664,Āÿÿÿþÿÿþ
þĀü,4729,ĀĀýÿ,13665,þĀüĀ
ĀĀýÿ,11097,āþüÿ,13666,ĀĀýÿā
āþüÿ,5214,þýĀÿ,13667,āþüÿþ
þýĀÿ,2606,úþă,13668,þýĀÿú
úþă,9178,þö,13669,úþăþ
þö,230,æ,13670,þöæ
æ,13508,äĈ,13671,æä
äĈ,330,Ŋ,13672,äĈŊ
Ŋ,5711,ıĂ,13673,Ŋı
ıĂ,1887,ĀĀÿþÿ,13674,ıĂĀ
ĀĀÿþÿ,5025,ÿÿþĀÿþÿ,13675,ĀĀÿþÿÿ
ÿÿþĀÿþÿ,2978,ĀþĀÿþĀÿ,13676,ÿÿþĀÿþÿĀ
ĀþĀÿþĀÿ,4266,ÿÿþĀþĀ,13677,ĀþĀÿþĀÿÿ
ÿÿþĀþĀ,11227,ú¶,13678,ÿÿþĀþĀú
ú¶,203,Ë,13679,ú¶Ë
Ë,7338,ĶČ,13680,ËĶ
ĶČ,10753,þûā,13681,ĶČþ
þûā,645,þĀÿÿ,13682,þûāþ
þĀÿÿ,4544,āĂă,13683,þĀÿÿā
āĂă,1334,þĀÿÿÿþ,13684,āĂăþ
þĀÿÿÿþ,13148,þÿĀþĀþĀ,13685,þĀÿÿÿþþ
þÿĀþĀþĀ,13542,þÿÿÿÿÿĀþĀ,13686,þÿĀþĀþĀþ
þÿÿÿÿÿĀþĀ,5610,ýÿĀþ,13687,þÿÿÿÿÿĀþĀý
ýÿĀþ,6222,ĀþÿĀÿþ,13688,ýÿĀþĀ
ĀþÿĀÿþ,523,þÿ,13689,ĀþÿĀÿþþ
þÿ,10950,ăüþ,13690,þÿă
ăüþ,1867,üāĀ,13691,ăüþü
üāĀ,6398,āþĀÿ,13692,üāĀā
āþĀÿ,3818,þÿþÿā,13693,āþĀÿþ
þÿþÿā,1591,þû,13694,þÿþÿāþ
þû,10326,ąù,13695,þûą
ąù,841,ĂĂ,13696,ąùĂ
ĂĂ,11890,ûāĀ,13697,ĂĂû
ûāĀ,2062,ĀĀý,13698,ûāĀĀ
ĀĀý,242,ò,13699,ĀĀýò
ò,8854,íð,13700,òí
íð,227,ã,13701,íðã
ã,257,ā,13702,ãā
ā,283,ě,13703,āě
ě,305,ı,13704,ěı
ı,11191,ĤĊ,13705,ıĤ
ĤĊ,7488,āĀĀĀ,13706,ĤĊā
āĀĀĀ,572,þÿÿÿÿÿÿ,13707,āĀĀĀþ
þÿÿÿÿÿÿ,1260,üā,13708,þÿÿÿÿÿÿü
üā,875,ûă,13709,üāû
ûă,1346,āû,13710,ûăā
āû,12936,Āÿú,13711,āûĀ
Āÿú,998,Ăý,13712,ĀÿúĂ
Ăý,162,¢,13713,Ăý¢
¢,131,,13714,¢
,234,ê,13715,ê
ê,6395,ăĂăĂ,13716,êă
ăĂăĂ,10126,āĀĀý,13717,ăĂăĂā
āĀĀý,12151,ÿĀþþÿ,13718,āĀĀýÿ
ÿĀþþÿ,299,ī,13719,ÿĀþþÿī
ī,324,ń,13720,īń
ń,309,ĵ,13721,ńĵ
ĵ,11238,ýāÿÿÿ,13722,ĵý
ýāÿÿÿ,12926,þÿĀÿþÿÿ,13723,ýāÿÿÿþ
þÿĀÿþÿÿ,1485,ÿÿÿÿÿÿÿÿÿÿÿÿÿĀþ,13724,þÿĀÿþÿÿÿ
ÿÿÿÿÿÿÿÿÿÿÿÿÿĀþ,2385,ÿÿþþÿ,13725,ÿÿÿÿÿÿÿÿÿÿÿÿÿĀþÿ
ÿÿþþÿ,6497,ÿĂø,13726,ÿÿþþÿÿ
ÿĂø,254,þ,13727,ÿĂøþ
þ,2808,ćû,13728,þć
ćû,3837,ûć,13729,ćûû
ûć,254,þ,13730,ûćþ
þ,224,à,13731,þà
à,213,Õ,13732,àÕ
Õ,354,Ţ,13733,ÕŢ
Ţ,239,ï,13734,Ţï
ï,180,´,13735,ï´
´,240,ð,13736,´ð
ð,287,ğ,13737,ðğ
ğ,9813,Ĝą,13738,ğĜ
Ĝą,1558,ûý,13739,Ĝąû
ûý,3744,ĀāÿĀ,13740,ûýĀ
ĀāÿĀ,12525,ăüÿĀ,13741,ĀāÿĀă
ăüÿĀ,11197,ĀāÿĀĀ,13742,ăüÿĀĀ
ĀāÿĀĀ,6613,þĀÿÿĀ,13743,ĀāÿĀĀþ
þĀÿÿĀ,7809,ĀþÿþĀ,13744,þĀÿÿĀĀ
ĀþÿþĀ,848,ÿÿĀþþ,13745,ĀþÿþĀÿ
ÿÿĀþþ,683,ĀĀþþ,13746,ÿÿĀþþĀ
ĀĀþþ,1151,þþþĀ,13747,ĀĀþþþ
þþþĀ,8145,ÿþýÿ,13748,þþþĀÿ
ÿþýÿ,1511,ÿÿþÿþ,13749,ÿþýÿÿ
ÿÿþÿþ,232,è,13750,ÿÿþÿþè
è,225,á,13751,èá
á,243,ó,13752,áó
ó,287,ğ,13753,óğ
ğ,337,ő,13754,ğő
ő,13378,ėĄ,13755,őė
ėĄ,13244,þĀÿĀþÿ,13756,ėĄþ
þĀÿĀþÿ,2014,ÿÿÿÿÿÿÿÿÿÿÿÿĀÿ,13757,þĀÿĀþÿÿ
ÿÿÿÿÿÿÿÿÿÿÿÿĀÿ,610,ÿþÿÿÿÿ,13758,ÿÿÿÿÿÿÿÿÿÿÿÿĀÿÿ
ÿþÿÿÿÿ,6952,ýí,13759,ÿþÿÿÿÿý
ýí,145,,13760,ýí
,281,ę,13761,ę
ę,4583,ĥÿ,13762,ęĥ
ĥÿ,5929,Ăýþ,13763,ĥÿĂ
Ăýþ,5125,ÿÿÿā,13764,Ăýþÿ
ÿÿÿā,3352,ĂĀĂ,13765,ÿÿÿāĂ
ĂĀĂ,5256,ÿÿþĀý,13766,ĂĀĂÿ
ÿÿþĀý,12623,ÿĀÿþĀþĀ,13767,ÿÿþĀýÿ
ÿĀÿþĀþĀ,11251,þÿÿĀÿþÿ,13768,ÿĀÿþĀþĀþ
þÿÿĀÿþÿ,10822,ÿÿÿÿþĀþĀ,13769,þÿÿĀÿþÿÿ
ÿÿÿÿþĀþĀ,9993,ÿÿÿÿā,13770,ÿÿÿÿþĀþĀÿ
ÿÿÿÿā,13106,üĀĂ,13771,ÿÿÿÿāü
üĀĂ,13250,üĄþ,13772,üĀĂü
üĄþ,12844,ûĀĀÿÿÿ,13773,üĄþû
ûĀĀÿÿÿ,2872,þĀþþ,13774,ûĀĀÿÿÿþ
þĀþþ,1348,āÿüÿ,13775,þĀþþā
āÿüÿ,7585,ĀüĀ,13776,āÿüÿĀ
ĀüĀ,1252,÷ú,13777,ĀüĀ÷
÷ú,10495,ðí,13778,÷úð
ðí,240,ð,13779,ðíð
ð,1088,õĆ,13780,ðõ
õĆ,275,ē,13781,õĆē
ē,12328,ĪĢ,13782,ēĪ
ĪĢ,5132,ĕĀ,13783,ĪĢĕ
ĕĀ,1160,ĀĀĀÿĀ,13784,ĕĀĀ
ĀĀĀÿĀ,5085,ÿÿĀþÿÿÿÿ,13785,ĀĀĀÿĀÿ
ÿÿĀþÿÿÿÿ,3719,ýþā,13786,ÿÿĀþÿÿÿÿý
ýþā,9622,ĀüĂÿ,13787,ýþāĀ
ĀüĂÿ,654,ýÿ,13788,ĀüĂÿý
ýÿ,220,Ü,13789,ýÿÜ
Ü,122,z,13790,Üz
z,180,´,13791,z´
´,3269,ăă,13792,´ă
ăă,2280,ĊĂ,13793,ăăĊ
ĊĂ,5190,ĉċ,13794,ĊĂĉ
ĉċ,833,ćĆ,13795,ĉċć
ćĆ,3218,Ăú,13796,ćĆĂ
Ăú,6328,ú÷ü,13797,Ăúú
ú÷ü,5390,øù,13798,ú÷üø
øù,309,ĵ,13799,øùĵ
ĵ,320,ŀ,13800,ĵŀ
ŀ,4508,ħù,13801,ŀħ
ħù,1099,āþÿÿ,13802,ħùā
āþÿÿ,4297,Āÿþþÿ,13803,āþÿÿĀ
Āÿþþÿ,1395,Āÿÿÿÿÿÿÿÿÿÿÿÿÿÿ,13804,ĀÿþþÿĀ
Āÿÿÿÿÿÿÿÿÿÿÿÿÿÿ,7061,þĀÿþþ,13805,Āÿÿÿÿÿÿÿÿÿÿÿÿÿÿþ
þĀÿþþ,5441,ĀþĀü,13806,þĀÿþþĀ
ĀþĀü,2384,Ăþÿ,13807,ĀþĀüĂ
Ăþÿ,3594,üāÿ,13808,Ăþÿü
üāÿ,250,ú,13809,üāÿú
ú,191,¿,13810,ú¿
¿,305,ı,13811,¿ı
ı,333,ō,13812,ıō
ō,258,Ă,13813,ōĂ
Ă,225,á,13814,Ăá
á,178,²,13815,á²
²,224,à,13816,²à
à,269,č,13817,àč
č,287,ğ,13818,čğ
ğ,2001,čą,13819,ğč
čą,11534,ùþĂ,13820,čąù
ùþĂ,774,ÿĀĀĀ,13821,ùþĂÿ
ÿĀĀĀ,5255,ÿāþÿ,13822,ÿĀĀĀÿ
ÿāþÿ,3880,ĀāĀ,13823,ÿāþÿĀ
ĀāĀ,2158,ĀÿĀÿÿþ,13824,ĀāĀĀ
ĀÿĀÿÿþ,4096,þĀĀÿÿ,13825,ĀÿĀÿÿþþ
þĀĀÿÿ,794,þþÿþ,13826,þĀĀÿÿþ
þþÿþ,12809,þÿāÿ,13827,þþÿþþ
þÿāÿ,5214,þýĀÿ,13828,þÿāÿþ
þýĀÿ,11890,ûāĀ,13829,þýĀÿû
ûāĀ,1323,üÿÿ,13830,ûāĀü
üÿÿ,236,ì,13831,üÿÿì
ì,227,ã,13832,ìã
ã,240,ð,13833,ãð
ð,257,ā,13834,ðā
ā,11483,ĮŊ,13835,āĮ
ĮŊ,987,ĉĄ,13836,ĮŊĉ
ĉĄ,3991,úą,13837,ĉĄú
úą,9273,þĀÿÿÿÿþ,13838,úąþ
þĀÿÿÿÿþ,3645,ÿÿĀÿÿÿÿÿþ,13839,þĀÿÿÿÿþÿ
ÿÿĀÿÿÿÿÿþ,677,ĀÿÿÿĀþ,13840,ÿÿĀÿÿÿÿÿþĀ
ĀÿÿÿĀþ,2240,ÿÿþþ,13841,ĀÿÿÿĀþÿ
ÿÿþþ,251,û,13842,ÿÿþþû
û,202,Ê,13843,ûÊ
Ê,177,±,13844,Ê±
±,5564,ķĎ,13845,±ķ
ķĎ,6834,āþÿþÿÿ,13846,ķĎā
āþÿþÿÿ,10617,ÿĂĀ,13847,āþÿþÿÿÿ
ÿĂĀ,1673,ăÿÿĀ,13848,ÿĂĀă
ăÿÿĀ,969,þýā,13849,ăÿÿĀþ
þýā,7700,þþÿÿÿÿ,13850,þýāþ
þþÿÿÿÿ,693,ÿÿÿĀÿÿÿÿ,13851,þþÿÿÿÿÿ
ÿÿÿĀÿÿÿÿ,7342,þÿÿÿÿÿÿÿĀ,13852,ÿÿÿĀÿÿÿÿþ
þÿÿÿÿÿÿÿĀ,4282,þþĂü,13853,þÿÿÿÿÿÿÿĀþ
þþĂü,3330,Āø,13854,þþĂüĀ
Āø,224,à,13855,Āøà
à,254,þ,13856,àþ
þ,4678,ĈĂă,13857,þĈ
ĈĂă,4767,āāÿā,13858,ĈĂăā
āāÿā,8154,ÿýÿÿ,13859,āāÿāÿ
ÿýÿÿ,4383,úúĀ,13860,ÿýÿÿú
úúĀ,245,õ,13861,úúĀõ
õ,13862,õõ,13862,õõ
õõ,244,ô,13863,õõô
ô,7944,ûĂĄ,13864,ôû
ûĂĄ,7706,ĒĚ,13865,ûĂĄĒ
ĒĚ,281,ę,13866,ĒĚę
ę,1067,ėđ,13867,ęė
ėđ,4173,Ăăă,13868,ėđĂ
Ăăă,2427,ÿÿü,13869,Ăăăÿ
ÿÿü,13609,ÿĂÿÿ,13870,ÿÿüÿ
ÿĂÿÿ,6288,ÿÿÿÿþĀÿ,13871,ÿĂÿÿÿ
ÿÿÿÿþĀÿ,5916,üāÿÿ,13872,ÿÿÿÿþĀÿü
üāÿÿ,538,ÿĀ,13873,üāÿÿÿ
ÿĀ,1290,úú,13874,ÿĀú
úú,153,,13875,úú
,139,,13876,
,6349,÷ü,13877,÷
÷ü,262,Ć,13878,÷üĆ
Ć,268,Č,13879,ĆČ
Č,268,Č,13880,ČČ
Č,3065,Ħč,13881,ČĦ
Ħč,5794,ĊĀ,13882,ĦčĊ
ĊĀ,846,ýā,13883,ĊĀý
ýā,876,ăÿ,13884,ýāă
ăÿ,1460,ûÿ,13885,ăÿû
ûÿ,246,ö,13886,ûÿö
ö,246,ö,13887,öö
ö,277,ĕ,13888,öĕ
ĕ,312,ĸ,13889,ĕĸ
ĸ,10348,Đý,13890,ĸĐ
Đý,3521,ĀÿĀÿþÿ,13891,ĐýĀ
ĀÿĀÿþÿ,10056,ÿÿĀÿÿÿÿÿÿ,13892,ĀÿĀÿþÿÿ
ÿÿĀÿÿÿÿÿÿ,9413,ÿþÿÿÿÿÿÿÿ,13893,ÿÿĀÿÿÿÿÿÿÿ
ÿþÿÿÿÿÿÿÿ,1892,þÿÿÿĀþ,13894,ÿþÿÿÿÿÿÿÿþ
þÿÿÿĀþ,649,þÿþ,13895,þÿÿÿĀþþ
þÿþ,7411,Ăþþÿ,13896,þÿþĂ
Ăþþÿ,1567,āü,13897,Ăþþÿā
āü,214,Ö,13898,āüÖ
Ö,241,ñ,13899,Öñ
ñ,359,ŧ,13900,ñŧ
ŧ,267,ċ,13901,ŧċ
ċ,2454,ąý,13902,ċą
ąý,246,ö,13903,ąýö
ö,183,·,13904,ö·
·,203,Ë,13905,·Ë
Ë,3479,ÿė,13906,Ëÿ
ÿė,276,Ĕ,13907,ÿėĔ
Ĕ,13018,ĉĂþ,13908,Ĕĉ
ĉĂþ,7045,üÿÿĀ,13909,ĉĂþü
üÿÿĀ,13514,āāÿÿĀ,13910,üÿÿĀā
āāÿÿĀ,1834,ÿĀÿþÿ,13911,āāÿÿĀÿ
ÿĀÿþÿ,13026,ĀÿÿÿþĀ,13912,ÿĀÿþÿĀ
ĀÿÿÿþĀ,630,Āÿÿÿÿÿÿÿ,13913,ĀÿÿÿþĀĀ
Āÿÿÿÿÿÿÿ,10046,ýþÿÿþ,13914,Āÿÿÿÿÿÿÿý
ýþÿÿþ,2413,þĀĀþ,13915,ýþÿÿþþ
þĀĀþ,252,ü,13916,þĀĀþü
ü,238,î,13917,üî
î,230,æ,13918,îæ
æ,238,î,13919,æî
î,2557,ýĎ,13920,îý
ýĎ,325,Ņ,13921,ýĎŅ
Ņ,7296,İă,13922,Ņİ
İă,796,āĀþ,13923,İăā
āĀþ,1131,ýĂĀ,13924,āĀþý
ýĂĀ,13473,þÿÿÿþÿĀ,13925,ýĂĀþ
þÿÿÿþÿĀ,5373,ÿÿÿÿÿþÿĀ,13926,þÿÿÿþÿĀÿ
ÿÿÿÿÿþÿĀ,11903,ÿÿÿĀÿþÿÿ,13927,ÿÿÿÿÿþÿĀÿ
ÿÿÿĀÿþÿÿ,5626,ÿûû,13928,ÿÿÿĀÿþÿÿÿ
ÿûû,151,,13929,ÿûû
,247,÷,13930,÷
÷,4350,ĺ÷,13931,÷ĺ
ĺ÷,11616,ĂĀþÿ,13932,ĺ÷Ă
ĂĀþÿ,563,ÿÿĀÿ,13933,ĂĀþÿÿ
ÿÿĀÿ,9661,ąÿĀ,13934,ÿÿĀÿą
ąÿĀ,7700,þþÿÿÿÿ,13935,ąÿĀþ
þþÿÿÿÿ,9952,Āÿÿÿÿÿÿÿþ,13936,þþÿÿÿÿĀ
Āÿÿÿÿÿÿÿþ,2138,ÿÿÿÿÿÿĀþ,13937,Āÿÿÿÿÿÿÿþÿ
ÿÿÿÿÿÿĀþ,4628,ÿĀþÿÿ,13938,ÿÿÿÿÿÿĀþÿ
ÿĀþÿÿ,6833,þĀÿā,13939,ÿĀþÿÿþ
þĀÿā,249,ù,13940,þĀÿāù
ù,208,Ð,13941,ùÐ
Ð,225,á,13942,Ðá
á,1708,òĄ,13943,áò
òĄ,1482,Ąÿ,13944,òĄĄ
Ąÿ,10616,ĂāĀþÿ,13945,ĄÿĂ
ĂāĀþÿ,3330,Āø,13946,ĂāĀþÿĀ
Āø,1567,āü,13947,Āøā
āü,241,ñ,13948,āüñ
ñ,283,ě,13949,ñě
ě,289,ġ,13950,ěġ
ġ,259,ă,13951,ġă
ă,272,Đ,13952,ăĐ
Đ,268,Č,13953,ĐČ
Č,10178,Đč,13954,ČĐ
Đč,1034,ćĄ,13955,Đčć
ćĄ,907,ąĂ,13956,ćĄą
ąĂ,2391,þą,13957,ąĂþ
þą,10019,ÿāāĀ,13958,þąÿ
ÿāāĀ,5198,ĀÿþÿÿĀÿ,13959,ÿāāĀĀ
ĀÿþÿÿĀÿ,8832,ÿÿÿÿýĀ,13960,ĀÿþÿÿĀÿÿ
ÿÿÿÿýĀ,844,ÿÿý,13961,ÿÿÿÿýĀÿ
ÿÿý,998,Ăý,13962,ÿÿýĂ
Ăý,186,º,13963,Ăýº
º,131,,13964,º
,205,Í,13965,Í
Í,760,Ăā,13966,ÍĂ
Ăā,1329,ĊĊ,13967,ĂāĊ
ĊĊ,295,ħ,13968,ĊĊħ
ħ,8674,ĥý,13969,ħĥ
ĥý,3639,ĄĆ,13970,ĥýĄ
ĄĆ,267,ċ,13971,ĄĆċ
ċ,273,đ,13972,ċđ
đ,266,Ċ,13973,đĊ
Ċ,1339,öð,13974,Ċö
öð,5298,æû,13975,öðæ
æû,644,āþ,13976,æûā
āþ,271,ď,13977,āþď
ď,312,ĸ,13978,ďĸ
ĸ,12950,ĂĂý,13979,ĸĂ
ĂĂý,11339,ÿÿþĀþĀþ,13980,ĂĂýÿ
ÿÿþĀþĀþ,12398,ĀÿÿþĀ,13981,ÿÿþĀþĀþĀ
ĀÿÿþĀ,10573,þĀþÿÿÿÿ,13982,ĀÿÿþĀþ
þĀþÿÿÿÿ,10220,ÿÿÿÿþÿĀÿ,13983,þĀþÿÿÿÿÿ
ÿÿÿÿþÿĀÿ,2937,ÿÿþĀÿþ,13984,ÿÿÿÿþÿĀÿÿ
ÿÿþĀÿþ,252,ü,13985,ÿÿþĀÿþü
ü,262,Ć,13986,üĆ
Ć,3331,øą,13987,Ćø
øą,236,ì,13988,øąì
ì,196,Ä,13989,ìÄ
Ä,340,Ŕ,13990,ÄŔ
Ŕ,305,ı,13991,Ŕı
ı,2815,Ąÿÿ,13992,ıĄ
Ąÿÿ,1950,øĂ,13993,Ąÿÿø
øĂ,222,Þ,13994,øĂÞ
Þ,180,´,13995,Þ´
´,234,ê,13996,´ê
ê,253,ý,13997,êý
ý,6495,ĘĖ,13998,ýĘ
ĘĖ,5172,Ċþ,13999,ĘĖĊ
Ċþ,697,þÿþþ,14000,Ċþþ
þÿþþ,880,üÿā,14001,þÿþþü
üÿā,2153,ĂĂþ,14002,üÿāĂ
ĂĂþ,10926,ĀÿÿĀĀ,14003,ĂĂþĀ
ĀÿÿĀĀ,586,ĀĀþÿ,14004,ĀÿÿĀĀĀ
ĀĀþÿ,11032,þþþÿÿÿ,14005,ĀĀþÿþ
þþþÿÿÿ,8051,ÿĀþü,14006,þþþÿÿÿÿ
ÿĀþü,12950,ĂĂý,14007,ÿĀþüĂ
ĂĂý,2893,ùü,14008,ĂĂýù
ùü,251,û,14009,ùüû
û,231,ç,14010,ûç
ç,239,ï,14011,çï
ï,250,ú,14012,ïú
ú,243,ó,14013,úó
ó,267,ċ,14014,óċ
ċ,297,ĩ,14015,ċĩ
ĩ,324,ń,14016,ĩń
ń,3237,ďĄ,14017,ńď
ďĄ,1182,ÿüă,14018,ďĄÿ
ÿüă,1334,þĀÿÿÿþ,14019,ÿüăþ
þĀÿÿÿþ,2045,Āÿÿÿþÿ,14020,þĀÿÿÿþĀ
Āÿÿÿþÿ,9973,āþÿÿÿÿþĀ,14021,Āÿÿÿþÿā
āþÿÿÿÿþĀ,726,ÿÿÿÿÿÿÿÿĀ,14022,āþÿÿÿÿþĀÿ
ÿÿÿÿÿÿÿÿĀ,249,ù,14023,ÿÿÿÿÿÿÿÿĀù
ù,222,Þ,14024,ùÞ
Þ,154,,14025,Þ
,10298,ĭĝ,14026,ĭ
ĭĝ,996,ýÿÿþ,14027,ĭĝý
ýÿÿþ,574,ÿÿÿĀ,14028,ýÿÿþÿ
ÿÿÿĀ,2719,ĂĀĀ,14029,ÿÿÿĀĂ
ĂĀĀ,12422,āþýĀ,14030,ĂĀĀā
āþýĀ,13071,Āÿÿÿÿÿÿÿÿþÿ,14031,āþýĀĀ
Āÿÿÿÿÿÿÿÿþÿ,557,þÿÿÿÿÿ,14032,Āÿÿÿÿÿÿÿÿþÿþ
þÿÿÿÿÿ,7266,āþÿÿÿþ,14033,þÿÿÿÿÿā
āþÿÿÿþ,3498,ÿÿĂ,14034,āþÿÿÿþÿ
ÿÿĂ,3719,ýþā,14035,ÿÿĂý
ýþā,232,è,14036,ýþāè
è,195,Ã,14037,èÃ
Ã,201,É,14038,ÃÉ
É,237,í,14039,Éí
í,14030,ĂĀĀā,14040,íĂ
ĂĀĀā,5097,ÿÿþÿā,14041,ĂĀĀāÿ
ÿÿþÿā,1515,ý÷,14042,ÿÿþÿāý
ý÷,257,ā,14043,ý÷ā
ā,273,đ,14044,āđ
đ,381,Ž,14045,đŽ
Ž,300,Ĭ,14046,ŽĬ
Ĭ,6872,úýÿ,14047,Ĭú
úýÿ,3238,ĄĂā,14048,úýÿĄ
ĄĂā,761,āĄ,14049,ĄĂāā
āĄ,5251,ĄĄ,14050,āĄĄ
ĄĄ,5347,þĄÿ,14051,ĄĄþ
þĄÿ,723,þĀĀ,14052,þĄÿþ
þĀĀ,659,ýĀÿ,14053,þĀĀý
ýĀÿ,12290,āþÿĀþÿ,14054,ýĀÿā
āþÿĀþÿ,10232,ÿýĀþþ,14055,āþÿĀþÿÿ
ÿýĀþþ,192,À,14056,ÿýĀþþÀ
À,142,,14057,À
,191,¿,14058,¿
¿,1672,þă,14059,¿þ
þă,2196,ĂĆ,14060,þăĂ
ĂĆ,271,ď,14061,ĂĆď
ď,303,į,14062,ďį
į,283,ě,14063,įě
ě,250,ú,14064,ěú
ú,276,Ĕ,14065,úĔ
Ĕ,8570,ĕē,14066,Ĕĕ
ĕē,1035,Ąý,14067,ĕēĄ
Ąý,2110,üĀü,14068,Ąýü
üĀü,220,Ü,14069,üĀüÜ
Ü,230,æ,14070,Üæ
æ,1521,ăý,14071,æă
ăý,291,ģ,14072,ăýģ
ģ,11854,ħÿü,14073,ģħ
ħÿü,10032,āĀÿþ,14074,ħÿüā
āĀÿþ,10847,ĀþþĀÿ,14075,āĀÿþĀ
ĀþþĀÿ,7937,Āþÿÿÿÿÿþ,14076,ĀþþĀÿĀ
Āþÿÿÿÿÿþ,2138,ÿÿÿÿÿÿĀþ,14077,Āþÿÿÿÿÿþÿ
ÿÿÿÿÿÿĀþ,13664,Āÿÿÿþÿÿþ,14078,ÿÿÿÿÿÿĀþĀ
Āÿÿÿþÿÿþ,9078,ăýþ,14079,Āÿÿÿþÿÿþă
ăýþ,1554,Ă÷,14080,ăýþĂ
Ă÷,198,Æ,14081,Ă÷Æ
Æ,284,Ĝ,14082,ÆĜ
Ĝ,12470,ŜĄ,14083,ĜŜ
ŜĄ,2410,ÿĀý,14084,ŜĄÿ
ÿĀý,3075,āÿú,14085,ÿĀýā
āÿú,251,û,14086,āÿúû
û,206,Î,14087,ûÎ
Î,1028,Æç,14088,ÎÆ
Æç,257,ā,14089,Æçā
ā,272,Đ,14090,āĐ
Đ,12490,ĔČ,14091,ĐĔ
ĔČ,2073,ćÿ,14092,ĔČć
ćÿ,2766,ÿĀþýĀ,14093,ćÿÿ
ÿĀþýĀ,12310,þÿÿÿÿÿÿĀÿ,14094,ÿĀþýĀþ
þÿÿÿÿÿÿĀÿ,3579,āĀþĀ,14095,þÿÿÿÿÿÿĀÿā
āĀþĀ,11956,þĀþÿü,14096,āĀþĀþ
þĀþÿü,1880,āÿþý,14097,þĀþÿüā
āÿþý,1664,üø,14098,āÿþýü
üø,977,öë,14099,üøö
öë,1295,ñý,14100,öëñ
ñý,1232,üü,14101,ñýü
üü,295,ħ,14102,üüħ
ħ,320,ŀ,14103,ħŀ
ŀ,286,Ğ,14104,ŀĞ
Ğ,3983,ăĀþ,14105,Ğă
ăĀþ,685,āÿþ,14106,ăĀþā
āÿþ,8248,üăÿ,14107,āÿþü
üăÿ,11955,ÿÿÿÿÿÿÿÿÿĀþ,14108,üăÿÿ
ÿÿÿÿÿÿÿÿÿĀþ,13427,ÿÿÿÿÿÿÿĀý,14109,ÿÿÿÿÿÿÿÿÿĀþÿ
ÿÿÿÿÿÿÿĀý,8982,ÿĀÿýĀ,14110,ÿÿÿÿÿÿÿĀýÿ
ÿĀÿýĀ,10466,Āúý,14111,ÿĀÿýĀĀ
Āúý,178,²,14112,Āúý²
²,208,Ð,14113,²Ð
Ð,313,Ĺ,14114,ÐĹ
Ĺ,3657,ćþ,14115,Ĺć
ćþ,9872,ĀþĀþÿÿ,14116,ćþĀ
ĀþĀþÿÿ,11200,ĀāĂ,14117,ĀþĀþÿÿĀ
ĀāĂ,3628,ĀÿþþĀ,14118,ĀāĂĀ
ĀÿþþĀ,12684,þÿÿÿÿÿÿÿÿÿÿÿÿÿ,14119,ĀÿþþĀþ
þÿÿÿÿÿÿÿÿÿÿÿÿÿ,3984,þÿĀĀÿÿ,14120,þÿÿÿÿÿÿÿÿÿÿÿÿÿþ
þÿĀĀÿÿ,8745,ÿþþÿÿþÿ,14121,þÿĀĀÿÿÿ
ÿþþÿÿþÿ,3218,Ăú,14122,ÿþþÿÿþÿĂ
Ăú,210,Ò,14123,ĂúÒ
Ò,190,¾,14124,Ò¾
¾,215,×,14125,¾×
×,12999,ýÿÿĀÿ,14126,×ý
ýÿÿĀÿ,743,þÿþý,14127,ýÿÿĀÿþ
þÿþý,2806,Āāü,14128,þÿþýĀ
Āāü,252,ü,14129,Āāüü
ü,273,đ,14130,üđ
đ,363,ū,14131,đū
ū,323,Ń,14132,ūŃ
Ń,1904,úā,14133,Ńú
úā,5133,ĀąĄ,14134,úāĀ
ĀąĄ,1672,þă,14135,ĀąĄþ
þă,2322,Ĉý,14136,þăĈ
Ĉý,14051,ĄĄþ,14137,ĈýĄ
ĄĄþ,5554,þāÿþ,14138,ĄĄþþ
þāÿþ,9350,āÿþÿÿÿ,14139,þāÿþā
āÿþÿÿÿ,6486,ÿÿþĀü,14140,āÿþÿÿÿÿ
ÿÿþĀü,184,¸,14141,ÿÿþĀü¸
¸,156,,14142,¸
,188,¼,14143,¼
¼,3991,úą,14144,¼ú
úą,1784,ûĄ,14145,úąû
ûĄ,263,ć,14146,ûĄć
ć,275,ē,14147,ćē
ē,299,ī,14148,ēī
ī,283,ě,14149,īě
ě,260,Ą,14150,ěĄ
Ą,292,Ĥ,14151,ĄĤ
Ĥ,3706,đā,14152,Ĥđ
đā,3141,þþýý,14153,đāþ
þþýý,1662,ûû,14154,þþýýû
ûû,231,ç,14155,ûûç
ç,224,à,14156,çà
à,1325,āą,14157,àā
āą,6721,ĲĔ,14158,āąĲ
ĲĔ,13311,ăù,14159,ĲĔă
ăù,3353,Ăÿþÿ,14160,ăùĂ
Ăÿþÿ,13219,ÿÿþĀþĀÿÿ,14161,Ăÿþÿÿ
ÿÿþĀþĀÿÿ,3053,ÿÿÿÿÿÿÿÿÿÿÿÿþÿÿ,14162,ÿÿþĀþĀÿÿÿ
ÿÿÿÿÿÿÿÿÿÿÿÿþÿÿ,7360,ÿĀþÿÿÿ,14163,ÿÿÿÿÿÿÿÿÿÿÿÿþÿÿÿ
ÿĀþÿÿÿ,2565,þĀÿĀ,14164,ÿĀþÿÿÿþ
þĀÿĀ,214,Ö,14165,þĀÿĀÖ
Ö,231,ç,14166,Öç
ç,357,ť,14167,çť
ť,276,Ĕ,14168,ťĔ
Ĕ,4072,ąÿÿ,14169,Ĕą
ąÿÿ,1769,Āûă,14170,ąÿÿĀ
Āûă,9432,ýüÿ,14171,Āûăý
ýüÿ,247,÷,14172,ýüÿ÷
÷,219,Û,14173,÷Û
Û,200,È,14174,ÛÈ
È,222,Þ,14175,ÈÞ
Þ,7958,ûĈ,14176,Þû
ûĈ,9206,Ďą,14177,ûĈĎ
Ďą,5260,ċĊ,14178,Ďąċ
ċĊ,13539,ĆĂÿ,14179,ċĊĆ
ĆĂÿ,5635,þÿĀþĀ,14180,ĆĂÿþ
þÿĀþĀ,12732,ÿÿþÿÿÿÿĀ,14181,þÿĀþĀÿ
ÿÿþÿÿÿÿĀ,13107,Ăþýþ,14182,ÿÿþÿÿÿÿĀĂ
Ăþýþ,2940,ÿú,14183,Ăþýþÿ
ÿú,754,øø,14184,ÿúø
øø,11261,ôñ,14185,øøô
ôñ,244,ô,14186,ôñô
ô,2221,ùý,14187,ôù
ùý,2196,ĂĆ,14188,ùýĂ
ĂĆ,295,ħ,14189,ĂĆħ
ħ,314,ĺ,14190,ħĺ
ĺ,13378,ėĄ,14191,ĺė
ėĄ,8756,ĂĀÿĀ,14192,ėĄĂ
ĂĀÿĀ,5916,üāÿÿ,14193,ĂĀÿĀü
üāÿÿ,1574,ýāÿĀ,14194,üāÿÿý
ýāÿĀ,6994,þĀþÿÿĀþ,14195,ýāÿĀþ
þĀþÿÿĀþ,714,þÿĀĀþ,14196,þĀþÿÿĀþþ
þÿĀĀþ,10647,þĀÿÿÿþÿĀ,14197,þÿĀĀþþ
þĀÿÿÿþÿĀ,1083,ÿþû,14198,þĀÿÿÿþÿĀÿ
ÿþû,11274,ąûþ,14199,ÿþûą
ąûþ,238,î,14200,ąûþî
î,9110,č,14201,î
č,302,Į,14202,čĮ
Į,3971,þÿþÿĀ,14203,Įþ
þÿþÿĀ,698,þÿý,14204,þÿþÿĀþ
þÿý,12652,Ăăāþ,14205,þÿýĂ
Ăăāþ,13352,þÿÿÿÿÿÿÿÿÿÿÿÿÿÿ,14206,Ăăāþþ
þÿÿÿÿÿÿÿÿÿÿÿÿÿÿ,12735,þĀþĀþÿĀ,14207,þÿÿÿÿÿÿÿÿÿÿÿÿÿÿþ
þĀþĀþÿĀ,13398,ÿþĀþÿþ,14208,þĀþĀþÿĀÿ
ÿþĀþÿþ,2012,ÿă,14209,ÿþĀþÿþÿ
ÿă,949,úĀ,14210,ÿăú
úĀ,1403,ëÅ,14211,úĀë
ëÅ,9492,¾ò,14212,ëÅ¾
¾ò,2771,þĀĀÿþ,14213,¾òþ
þĀĀÿþ,1272,þÿā,14214,þĀĀÿþþ
þÿā,1726,ĀþĂ,14215,þÿāĀ
ĀþĂ,3331,øą,14216,ĀþĂø
øą,249,ù,14217,øąù
ù,4662,ŐŜ,14218,ùŐ
ŐŜ,2177,ēĂ,14219,ŐŜē
ēĂ,3030,ùć,14220,ēĂù
ùć,1479,ĆĀ,14221,ùćĆ
ĆĀ,820,ăĂ,14222,ĆĀă
ăĂ,10484,Ąÿā,14223,ăĂĄ
Ąÿā,11515,ĀÿþĀþĀ,14224,ĄÿāĀ
ĀÿþĀþĀ,4884,ÿÿÿþþÿ,14225,ĀÿþĀþĀÿ
ÿÿÿþþÿ,233,é,14226,ÿÿÿþþÿé
é,176,°,14227,é°
°,165,¥,14228,°¥
¥,206,Î,14229,¥Î
Î,11869,ýāĀĀā,14230,Îý
ýāĀĀā,261,ą,14231,ýāĀĀāą
ą,275,ē,14232,ąē
ē,296,Ĩ,14233,ēĨ
Ĩ,284,Ĝ,14234,ĨĜ
Ĝ,276,Ĕ,14235,ĜĔ
Ĕ,6111,ĤĈ,14236,ĔĤ
ĤĈ,3439,üĀþ,14237,ĤĈü
üĀþ,1664,üø,14238,üĀþü
üø,4284,ûýý,14239,üøû
ûýý,226,â,14240,ûýýâ
â,9479,îĂ,14241,âî
îĂ,273,đ,14242,îĂđ
đ,3268,Ĳă,14243,đĲ
Ĳă,990,Ăþý,14244,ĲăĂ
Ăþý,13026,ĀÿÿÿþĀ,14245,ĂþýĀ
ĀÿÿÿþĀ,632,ÿÿÿÿÿÿÿÿÿÿÿÿÿÿÿÿþ,14246,ĀÿÿÿþĀÿ
ÿÿÿÿÿÿÿÿÿÿÿÿÿÿÿÿþ,3627,ĀþÿÿÿÿÿÿĀ,14247,ÿÿÿÿÿÿÿÿÿÿÿÿÿÿÿÿþĀ
ĀþÿÿÿÿÿÿĀ,1400,ýāÿ,14248,ĀþÿÿÿÿÿÿĀý
ýāÿ,4872,èÏ,14249,ýāÿè
èÏ,7897,ŋĴ,14250,èÏŋ
ŋĴ,13142,ăÿĂÿ,14251,ŋĴă
ăÿĂÿ,13985,ÿÿþĀÿþü,14252,ăÿĂÿÿ
ÿÿþĀÿþü,1467,Āû,14253,ÿÿþĀÿþüĀ
Āû,233,é,14254,Āûé
é,209,Ñ,14255,éÑ
Ñ,11834,Úã,14256,ÑÚ
Úã,1014,āÿĂ,14257,Úãā
āÿĂ,1326,ąć,14258,āÿĂą
ąć,1600,ĈĆ,14259,ąćĈ
ĈĆ,1725,ćĀ,14260,ĈĆć
ćĀ,3309,ĄāĂ,14261,ćĀĄ
ĄāĂ,2665,ÿþÿā,14262,ĄāĂÿ
ÿþÿā,2327,ÿýû,14263,ÿþÿāÿ
ÿýû,6801,úù,14264,ÿýûú
úù,5390,øù,14265,úùø
øù,5508,ù÷,14266,øùù
ù÷,2382,ùþú,14267,ù÷ù
ùþú,1823,üĄ,14268,ùþúü
üĄ,9311,ĉĘ,14269,üĄĉ
ĉĘ,298,Ī,14270,ĉĘĪ
Ī,292,Ĥ,14271,ĪĤ
Ĥ,4015,ĎĄ,14272,ĤĎ
ĎĄ,959,ĂÿĀ,14273,ĎĄĂ
ĂÿĀ,4202,ýĂÿÿ,14274,ĂÿĀý
ýĂÿÿ,5241,üāÿĀ,14275,ýĂÿÿü
üāÿĀ,13724,þÿĀÿþÿÿÿ,14276,üāÿĀþ
þÿĀÿþÿÿÿ,4223,ÿÿþÿĀ,14277,þÿĀÿþÿÿÿÿ
ÿÿþÿĀ,13027,ĀþþĀÿÿ,14278,ÿÿþÿĀĀ
ĀþþĀÿÿ,6401,Āþÿÿÿÿÿÿý,14279,ĀþþĀÿÿĀ
Āþÿÿÿÿÿÿý,1199,þü,14280,Āþÿÿÿÿÿÿýþ
þü,216,Ø,14281,þüØ
Ø,159,,14282,Ø
,3936,ĴĘ,14283,Ĵ
ĴĘ,1759,øĄ,14284,ĴĘø
øĄ,2334,Āýý,14285,øĄĀ
Āýý,6159,Ąüÿ,14286,ĀýýĄ
Ąüÿ,2355,āÿā,14287,Ąüÿā
āÿā,14140,āÿþÿÿÿÿ,14288,āÿāā
āÿþÿÿÿÿ,4563,ÿÿÿÿÿÿÿÿÿþ,14289,āÿþÿÿÿÿÿ
ÿÿÿÿÿÿÿÿÿþ,10009,ĀþÿÿĀÿþÿ,14290,ÿÿÿÿÿÿÿÿÿþĀ
ĀþÿÿĀÿþÿ,10119,ÿþāü,14291,ĀþÿÿĀÿþÿÿ
ÿþāü,13311,ăù,14292,ÿþāüă
ăù,1130,āý,14293,ăùā
āý,206,Î,14294,āýÎ
Î,199,Ç,14295,ÎÇ
Ç,209,Ñ,14296,ÇÑ
Ñ,13462,üĄú,14297,Ñü
üĄú,12354,Ăýÿÿÿ,14298,üĄúĂ
Ăýÿÿÿ,6288,ÿÿÿÿþĀÿ,14299,Ăýÿÿÿÿ
ÿÿÿÿþĀÿ,282,Ě,14300,ÿÿÿÿþĀÿĚ
Ě,340,Ŕ,14301,ĚŔ
Ŕ,11077,Ňď,14302,ŔŇ
Ňď,525,þĀ,14303,Ňďþ
þĀ,1129,ăā,14304,þĀă
ăā,11352,ąĀĂ,14305,ăāą
ąĀĂ,1794,Ăÿþ,14306,ąĀĂĂ
Ăÿþ,12780,Āþýþ,14307,ĂÿþĀ
Āþýþ,963,ăÿþ,14308,Āþýþă
ăÿþ,241,ñ,14309,ăÿþñ
ñ,195,Ã,14310,ñÃ
Ã,182,¶,14311,Ã¶
¶,180,´,14312,¶´
´,12493,íÿ,14313,´í
íÿ,5665,þāþþ,14314,íÿþ
þāþþ,818,ăą,14315,þāþþă
ăą,268,Č,14316,ăąČ
Č,295,ħ,14317,Čħ
ħ,6152,Ĥě,14318,ħĤ
Ĥě,6380,Ĥā,14319,ĤěĤ
Ĥā,543,ýĀ,14320,Ĥāý
ýĀ,2971,÷ý,14321,ýĀ÷
÷ý,7915,ýøü,14322,÷ýý
ýøü,1858,þú,14323,ýøüþ
þú,226,â,14324,þúâ
â,243,ó,14325,âó
ó,262,Ć,14326,óĆ
Ć,285,ĝ,14327,Ćĝ
ĝ,300,Ĭ,14328,ĝĬ
Ĭ,10511,üÿĀþ,14329,Ĭü
üÿĀþ,800,ÿĀÿÿþ,14330,üÿĀþÿ
ÿĀÿÿþ,778,ĀþÿĀÿ,14331,ÿĀÿÿþĀ
ĀþÿĀÿ,8882,ÿÿÿþÿÿÿĀ,14332,ĀþÿĀÿÿ
ÿÿÿþÿÿÿĀ,2997,ÿÿÿÿþþ,14333,ÿÿÿþÿÿÿĀÿ
ÿÿÿÿþþ,989,āĂ,14334,ÿÿÿÿþþā
āĂ,1310,øĀ,14335,āĂø
øĀ,11274,ąûþ,14336,øĀą
ąûþ,857,ÿāý,14337,ąûþÿ
ÿāý,2776,úÅ,14338,ÿāýú
úÅ,288,Ġ,14339,úÅĠ
Ġ,345,ř,14340,Ġř
ř,4403,ĄĀĀ,14341,řĄ
ĄĀĀ,1740,ÿÿÿÿĀþÿÿ,14342,ĄĀĀÿ
ÿÿÿÿĀþÿÿ,697,þÿþþ,14343,ÿÿÿÿĀþÿÿþ
þÿþþ,701,þý,14344,þÿþþþ
þý,230,æ,14345,þýæ
æ,230,æ,14346,ææ
æ,218,Ú,14347,æÚ
Ú,226,â,14348,Úâ
â,13864,ôû,14349,âô
ôû,1657,üýĀ,14350,ôûü
üýĀ,1245,Ăāā,14351,üýĀĂ
Ăāā,847,āÿþÿ,14352,Ăāāā
āÿþÿ,659,ýĀÿ,14353,āÿþÿý
ýĀÿ,3845,üýü,14354,ýĀÿü
üýü,1239,Āÿþă,14355,üýüĀ
Āÿþă,7778,Ăć,14356,ĀÿþăĂ
Ăć,274,Ē,14357,ĂćĒ
Ē,4101,ĜĠ,14358,ĒĜ
ĜĠ,278,Ė,14359,ĜĠĖ
Ė,7071,đĀĀ,14360,Ėđ
đĀĀ,8150,ĀĀĀĀÿ,14361,đĀĀĀ
ĀĀĀĀÿ,12162,ÿÿÿÿÿÿÿÿÿÿÿÿÿÿÿþĀ,14362,ĀĀĀĀÿÿ
ÿÿÿÿÿÿÿÿÿÿÿÿÿÿÿþĀ,13246,ÿþÿÿĀÿþ,14363,ÿÿÿÿÿÿÿÿÿÿÿÿÿÿÿþĀÿ
ÿþÿÿĀÿþ,4514,ÿÿĀþÿÿĀÿ,14364,ÿþÿÿĀÿþÿ
ÿÿĀþÿÿĀÿ,8485,üāÿþ,14365,ÿÿĀþÿÿĀÿü
üāÿþ,952,øăþ,14366,üāÿþø
øăþ,174,®,14367,øăþ®
®,207,Ï,14368,®Ï
Ï,317,Ľ,14369,ÏĽ
Ľ,2808,ćû,14370,Ľć
ćû,683,ĀĀþþ,14371,ćûĀ
ĀĀþþ,788,āÿĀ,14372,ĀĀþþā
āÿĀ,1796,āĀÿÿÿ,14373,āÿĀā
āĀÿÿÿ,1979,Āÿÿÿÿÿÿþ,14374,āĀÿÿÿĀ
Āÿÿÿÿÿÿþ,12310,þÿÿÿÿÿÿĀÿ,14375,Āÿÿÿÿÿÿþþ
þÿÿÿÿÿÿĀÿ,8915,Āþÿÿþÿ,14376,þÿÿÿÿÿÿĀÿĀ
Āþÿÿþÿ,778,ĀþÿĀÿ,14377,ĀþÿÿþÿĀ
ĀþÿĀÿ,529,Āÿ,14378,ĀþÿĀÿĀ
Āÿ,226,â,14379,Āÿâ
â,201,É,14380,âÉ
É,192,À,14381,ÉÀ
À,3072,õü,14382,Àõ
õü,263,ć,14383,õüć
ć,3961,øÿ,14384,ćø
øÿ,1703,ĀþÿÿþĀÿ,14385,øÿĀ
ĀþÿÿþĀÿ,522,ÿÿþ,14386,ĀþÿÿþĀÿÿ
ÿÿþ,3837,ûć,14387,ÿÿþû
ûć,286,Ğ,14388,ûćĞ
Ğ,319,Ŀ,14389,ĞĿ
Ŀ,321,Ł,14390,ĿŁ
Ł,287,ğ,14391,Łğ
ğ,7087,ĊĆ,14392,ğĊ
ĊĆ,5347,þĄÿ,14393,ĊĆþ
þĄÿ,13787,ýþāĀ,14394,þĄÿý
ýþāĀ,1025,üĀý,14395,ýþāĀü
üĀý,228,ä,14396,üĀýä
ä,198,Æ,14397,äÆ
Æ,195,Ã,14398,ÆÃ
Ã,198,Æ,14399,ÃÆ
Æ,14176,Þû,14400,ÆÞ
Þû,1179,Ăýā,14401,ÞûĂ
Ăýā,879,ÿü,14402,Ăýāÿ
ÿü,13091,Ąýă,14403,ÿüĄ
Ąýă,268,Č,14404,ĄýăČ
Č,283,ě,14405,Čě
ě,10094,Ĵĕ,14406,ěĴ
Ĵĕ,2115,ħĂ,14407,Ĵĕħ
ħĂ,3384,Ąö,14408,ħĂĄ
Ąö,7051,ÿùü,14409,Ąöÿ
ÿùü,1944,ûûý,14410,ÿùüû
ûûý,249,ù,14411,ûûýù
ù,246,ö,14412,ùö
ö,231,ç,14413,öç
ç,2686,ýĄ,14414,çý
ýĄ,308,Ĵ,14415,ýĄĴ
Ĵ,4409,đý,14416,Ĵđ
đý,1231,ăü,14417,đýă
ăü,13133,ĀÿÿÿþĀþ,14418,ăüĀ
ĀÿÿÿþĀþ,2368,ÿÿĀÿÿÿÿ,14419,ĀÿÿÿþĀþÿ
ÿÿĀÿÿÿÿ,2108,þÿÿÿĀÿÿÿÿ,14420,ÿÿĀÿÿÿÿþ
þÿÿÿĀÿÿÿÿ,545,ÿÿĀ,14421,þÿÿÿĀÿÿÿÿÿ
ÿÿĀ,1049,ùą,14422,ÿÿĀù
ùą,2149,āúĀ,14423,ùąā
āúĀ,12936,Āÿú,14424,āúĀĀ
Āÿú,265,ĉ,14425,Āÿúĉ
ĉ,197,Å,14426,ĉÅ
Å,248,ø,14427,Åø
ø,360,Ũ,14428,øŨ
Ũ,6769,ĎĂ,14429,ŨĎ
ĎĂ,2643,āĀÿÿÿÿ,14430,ĎĂā
āĀÿÿÿÿ,4563,ÿÿÿÿÿÿÿÿÿþ,14431,āĀÿÿÿÿÿ
ÿÿÿÿÿÿÿÿÿþ,3207,ûþý,14432,ÿÿÿÿÿÿÿÿÿþû
ûþý,14013,úó,14433,ûþýú
úó,238,î,14434,úóî
î,233,é,14435,îé
é,10495,ðí,14436,éð
ðí,745,úö,14437,ðíú
úö,1201,öú,14438,úöö
öú,880,üÿā,14439,öúü
üÿā,3880,ĀāĀ,14440,üÿāĀ
ĀāĀ,2196,ĂĆ,14441,ĀāĀĂ
ĂĆ,8813,ĉĊ,14442,ĂĆĉ
ĉĊ,262,Ć,14443,ĉĊĆ
Ć,1598,đĎ,14444,Ćđ
đĎ,1598,đĎ,14445,đĎđ
đĎ,3791,ĉāĀ,14446,đĎĉ
ĉāĀ,4574,āāĀÿ,14447,ĉāĀā
āāĀÿ,2749,ÿÿÿÿÿÿÿÿÿÿÿÿÿÿÿÿÿÿÿÿÿÿÿÿÿÿÿÿÿþÿĀ,14448,āāĀÿÿ
ÿÿÿÿÿÿÿÿÿÿÿÿÿÿÿÿÿÿÿÿÿÿÿÿÿÿÿÿÿþÿĀ,13769,þÿÿĀÿþÿÿ,14449,ÿÿÿÿÿÿÿÿÿÿÿÿÿÿÿÿÿÿÿÿÿÿÿÿÿÿÿÿÿþÿĀþ
þÿÿĀÿþÿÿ,2838,þþþý,14450,þÿÿĀÿþÿÿþ
þþþý,243,ó,14451,þþþýó
ó,156,,14452,ó
,250,ú,14453,ú
ú,308,Ĵ,14454,úĴ
Ĵ,1937,ąø,14455,Ĵą
ąø,11258,þăÿ,14456,ąøþ
þăÿ,574,ÿÿÿĀ,14457,þăÿÿ
ÿÿÿĀ,8711,āÿĀþ,14458,ÿÿÿĀā
āÿĀþ,13177,ĀþÿÿÿÿÿÿÿĀ,14459,āÿĀþĀ
ĀþÿÿÿÿÿÿÿĀ,11978,ÿÿÿÿÿÿþÿĀÿ,14460,ĀþÿÿÿÿÿÿÿĀÿ
ÿÿÿÿÿÿþÿĀÿ,2362,þÿÿÿý,14461,ÿÿÿÿÿÿþÿĀÿþ
þÿÿÿý,2687,Ąû,14462,þÿÿÿýĄ
Ąû,4295,āþĀ,14463,Ąûā
āþĀ,249,ù,14464,āþĀù
ù,210,Ò,14465,ùÒ
Ò,193,Á,14466,ÒÁ
Á,213,Õ,14467,ÁÕ
Õ,5679,ýÿÿÿĀÿ,14468,Õý
ýÿÿÿĀÿ,7048,þÿÿþĀÿÿ,14469,ýÿÿÿĀÿþ
þÿÿþĀÿÿ,5048,ÿāû,14470,þÿÿþĀÿÿÿ
ÿāû,7497,üăċ,14471,ÿāûü
üăċ,285,ĝ,14472,üăċĝ
ĝ,299,ī,14473,ĝī
ī,8339,ĥę,14474,īĥ
ĥę,274,Ē,14475,ĥęĒ
Ē,4557,ĎĀ,14476,ĒĎ
ĎĀ,750,öî,14477,ĎĀö
öî,227,ã,14478,öîã
ã,231,ç,14479,ãç
ç,8358,ÖÓ,14480,çÖ
ÖÓ,222,Þ,14481,ÖÓÞ
Þ,1201,öú,14482,Þö
öú,4277,āăĂ,14483,öúā
āăĂ,7772,āĀþÿ,14484,āăĂā
āĀþÿ,4961,ûÿþ,14485,āĀþÿû
ûÿþ,263,ć,14486,ûÿþć
ć,276,Ĕ,14487,ćĔ
Ĕ,310,Ķ,14488,ĔĶ
Ķ,281,ę,14489,Ķę
ę,301,ĭ,14490,ęĭ
ĭ,1409,Ćüþ,14491,ĭĆ
Ćüþ,4037,öÿ,14492,Ćüþö
öÿ,7468,úüú,14493,öÿú
úüú,7020,üüõ,14494,úüúü
üüõ,242,ò,14495,üüõò
ò,6470,ôĂ,14496,òô
ôĂ,274,Ē,14497,ôĂĒ
Ē,8122,ĵþ,14498,Ēĵ
ĵþ,953,þĄ,14499,ĵþþ
þĄ,1992,ûāÿ,14500,þĄû
ûāÿ,13392,þĀþĀþÿÿĀ,14501,ûāÿþ
þĀþĀþÿÿĀ,668,ÿÿÿÿþÿÿÿ,14502,þĀþĀþÿÿĀÿ
ÿÿÿÿþÿÿÿ,583,Āÿÿÿÿþ,14503,ÿÿÿÿþÿÿÿĀ
Āÿÿÿÿþ,12141,āüþăþ,14504,Āÿÿÿÿþā
āüþăþ,1672,þă,14505,āüþăþþ
þă,11366,øĂĂ,14506,þăø
øĂĂ,3413,ÙÛ,14507,øĂĂÙ
ÙÛ,352,Š,14508,ÙÛŠ
Š,4402,ġĄ,14509,Šġ
ġĄ,6287,ÿĀĀÿÿÿ,14510,ġĄÿ
ÿĀĀÿÿÿ,556,ÿÿÿÿÿÿÿÿÿÿÿþ,14511,ÿĀĀÿÿÿÿ
ÿÿÿÿÿÿÿÿÿÿÿþ,697,þÿþþ,14512,ÿÿÿÿÿÿÿÿÿÿÿþþ
þÿþþ,6244,ýĀþþ,14513,þÿþþý
ýĀþþ,4844,ÿýüý,14514,ýĀþþÿ
ÿýüý,991,ýýĀ,14515,ÿýüýý
ýýĀ,13641,ĀĂĀĀ,14516,ýýĀĀ
ĀĂĀĀ,4317,āÿĀĀ,14517,ĀĂĀĀā
āÿĀĀ,909,ĀĀĀÿ,14518,āÿĀĀĀ
ĀĀĀÿ,3565,āÿþā,14519,ĀĀĀÿā
āÿþā,13218,Āÿÿÿÿÿÿÿÿÿÿÿÿÿÿÿÿÿÿÿÿÿÿÿÿ,14520,āÿþāĀ
Āÿÿÿÿÿÿÿÿÿÿÿÿÿÿÿÿÿÿÿÿÿÿÿÿ,10795,ÿÿÿÿÿÿÿþÿÿÿ,14521,Āÿÿÿÿÿÿÿÿÿÿÿÿÿÿÿÿÿÿÿÿÿÿÿÿÿ
ÿÿÿÿÿÿÿþÿÿÿ,679,þĀÿÿÿ,14522,ÿÿÿÿÿÿÿþÿÿÿþ
þĀÿÿÿ,11176,ýāýĀ,14523,þĀÿÿÿý
ýāýĀ,2829,þüþ,14524,ýāýĀþ
þüþ,222,Þ,14525,þüþÞ
Þ,157,,14526,Þ
,295,ħ,14527,ħ
ħ,289,ġ,14528,ħġ
ġ,1481,úĄ,14529,ġú
úĄ,2667,üÿÿÿ,14530,úĄü
üÿÿÿ,773,ĀÿÿĀÿ,14531,üÿÿÿĀ
ĀÿÿĀÿ,13602,ĀĀÿþĀ,14532,ĀÿÿĀÿĀ
ĀĀÿþĀ,12527,þĀþĀþÿÿ,14533,ĀĀÿþĀþ
þĀþĀþÿÿ,642,ÿÿÿÿÿþÿÿ,14534,þĀþĀþÿÿÿ
ÿÿÿÿÿþÿÿ,2921,ĀþĀÿÿ,14535,ÿÿÿÿÿþÿÿĀ
ĀþĀÿÿ,1501,ýă,14536,ĀþĀÿÿý
ýă,982,ùĂ,14537,ýăù
ùĂ,3606,üāā,14538,ùĂü
üāā,231,ç,14539,üāāç
ç,203,Ë,14540,çË
Ë,191,¿,14541,Ë¿
¿,1471,òû,14542,¿ò
òû,4490,Ăýÿ,14543,òûĂ
Ăýÿ,13177,ĀþÿÿÿÿÿÿÿĀ,14544,ĂýÿĀ
ĀþÿÿÿÿÿÿÿĀ,5796,ýāĀþ,14545,ĀþÿÿÿÿÿÿÿĀý
ýāĀþ,595,þþ,14546,ýāĀþþ
þþ,1689,÷ā,14547,þþ÷
÷ā,2556,Ăÿý,14548,÷āĂ
Ăÿý,2231,ûúû,14549,Ăÿýû
ûúû,1558,ûý,14550,ûúûû
ûý,9505,ÿĂā,14551,ûýÿ
ÿĂā,950,ĀĄ,14552,ÿĂāĀ
ĀĄ,5300,ċĈ,14553,ĀĄċ
ċĈ,13902,ċą,14554,ċĈċ
ċą,11926,úõ,14555,ċąú
úõ,243,ó,14556,úõó
ó,5274,õÿ,14557,óõ
õÿ,265,ĉ,14558,õÿĉ
ĉ,14474,īĥ,14559,ĉī
īĥ,300,Ĭ,14560,īĥĬ
Ĭ,272,Đ,14561,ĬĐ
Đ,756,üþ,14562,Đü
üþ,4385,öý,14563,üþö
öý,5824,üúü,14564,öýü
üúü,8670,ùûù,14565,üúüù
ùûù,1039,öò,14566,ùûùö
öò,710,ÿā,14567,öòÿ
ÿā,302,Į,14568,ÿāĮ
Į,6726,ęā,14569,Įę
ęā,1025,üĀý,14570,ęāü
üĀý,3353,Ăÿþÿ,14571,üĀýĂ
Ăÿþÿ,13960,ĀÿþÿÿĀÿÿ,14572,ĂÿþÿĀ
ĀÿþÿÿĀÿÿ,5199,ÿÿþÿÿÿĀÿ,14573,ĀÿþÿÿĀÿÿÿ
ÿÿþÿÿÿĀÿ,2343,ÿÿÿþÿþ,14574,ÿÿþÿÿÿĀÿÿ
ÿÿÿþÿþ,7039,ăüü,14575,ÿÿÿþÿþă
ăüü,2002,ąü,14576,ăüüą
ąü,1672,þă,14577,ąüþ
þă,234,ê,14578,þăê
ê,200,È,14579,êÈ
È,321,Ł,14580,ÈŁ
Ł,3121,łĄ,14581,Łł
łĄ,2134,ýāĀĀ,14582,łĄý
ýāĀĀ,555,ÿÿÿÿÿÿÿÿÿÿÿÿÿÿ,14583,ýāĀĀÿ
ÿÿÿÿÿÿÿÿÿÿÿÿÿÿ,5899,ýÿþÿ,14584,ÿÿÿÿÿÿÿÿÿÿÿÿÿÿý
ýÿþÿ,12922,ĀĀÿÿÿÿÿÿÿ,14585,ýÿþÿĀ
ĀĀÿÿÿÿÿÿÿ,11885,ÿÿÿýĀ,14586,ĀĀÿÿÿÿÿÿÿÿ
ÿÿÿýĀ,12919,ĀÿÿÿþÿĀÿ,14587,ÿÿÿýĀĀ
ĀÿÿÿþÿĀÿ,11976,ÿĀþÿÿÿĀ,14588,ĀÿÿÿþÿĀÿÿ
ÿĀþÿÿÿĀ,2443,ÿÿÿÿÿÿÿÿÿÿÿÿÿÿÿÿÿÿÿÿÿÿÿÿÿÿÿÿÿÿÿþÿ,14589,ÿĀþÿÿÿĀÿ
ÿÿÿÿÿÿÿÿÿÿÿÿÿÿÿÿÿÿÿÿÿÿÿÿÿÿÿÿÿÿÿþÿ,1017,ÿÿþĀÿÿ,14590,ÿÿÿÿÿÿÿÿÿÿÿÿÿÿÿÿÿÿÿÿÿÿÿÿÿÿÿÿÿÿÿþÿÿ
ÿÿþĀÿÿ,3230,ýĀÿĀ,14591,ÿÿþĀÿÿý
ýĀÿĀ,1150,ýāþ,14592,ýĀÿĀý
ýāþ,1558,ûý,14593,ýāþû
ûý,194,Â,14594,ûýÂ
Â,184,¸,14595,Â¸
¸,305,ı,14596,¸ı
ı,285,ĝ,14597,ıĝ
ĝ,246,ö,14598,ĝö
ö,1819,ąú,14599,öą
ąú,8997,āÿþÿÿ,14600,ąúā
āÿþÿÿ,12805,Āÿāþÿ,14601,āÿþÿÿĀ
Āÿāþÿ,1217,ÿÿÿÿÿÿÿÿÿÿÿÿÿÿÿÿÿþÿ,14602,Āÿāþÿÿ
ÿÿÿÿÿÿÿÿÿÿÿÿÿÿÿÿÿþÿ,563,ÿÿĀÿ,14603,ÿÿÿÿÿÿÿÿÿÿÿÿÿÿÿÿÿþÿÿ
ÿÿĀÿ,10798,āûā,14604,ÿÿĀÿā
āûā,1537,Āýā,14605,āûāĀ
Āýā,14087,ûÎ,14606,Āýāû
ûÎ,201,É,14607,ûÎÉ
É,208,Ð,14608,ÉÐ
Ð,1324,ÿþýā,14609,Ðÿ
ÿþýā,13322,ýĀÿÿÿÿÿ,14610,ÿþýāý
ýĀÿÿÿÿÿ,13104,ÿÿāü,14611,ýĀÿÿÿÿÿÿ
ÿÿāü,7524,ÿĀýĀĀ,14612,ÿÿāüÿ
ÿĀýĀĀ,6241,üþýü,14613,ÿĀýĀĀü
üþýü,879,ÿü,14614,üþýüÿ
ÿü,4955,ùýÿ,14615,ÿüù
ùýÿ,11235,ûĂĀ,14616,ùýÿû
ûĂĀ,260,Ą,14617,ûĂĀĄ
Ą,267,ċ,14618,Ąċ
ċ,3168,ěĜ,14619,ċě
ěĜ,2763,ĔĀ,14620,ěĜĔ
ĔĀ,5312,Āć,14621,ĔĀĀ
Āć,247,÷,14622,Āć÷
÷,8734,ïó,14623,÷ï
ïó,215,×,14624,ïó×
×,261,ą,14625,×ą
ą,311,ķ,14626,ąķ
ķ,287,ğ,14627,ķğ
ğ,11054,ĥú,14628,ğĥ
ĥú,1465,ýù,14629,ĥúý
ýù,2122,üýú,14630,ýùü
üýú,6213,ùúü,14631,üýúù
ùúü,14412,ùö,14632,ùúüù
ùö,1252,÷ú,14633,ùö÷
÷ú,1970,ĀĎ,14634,÷úĀ
ĀĎ,9627,ĵą,14635,ĀĎĵ
ĵą,8258,āþþĀĀ,14636,ĵąā
āþþĀĀ,13467,ÿþÿĀÿÿ,14637,āþþĀĀÿ
ÿþÿĀÿÿ,13145,þĀÿÿÿÿÿÿ,14638,ÿþÿĀÿÿþ
þĀÿÿÿÿÿÿ,9414,ÿÿÿÿÿÿÿÿþĀ,14639,þĀÿÿÿÿÿÿÿ
ÿÿÿÿÿÿÿÿþĀ,5681,ÿÿüă,14640,ÿÿÿÿÿÿÿÿþĀÿ
ÿÿüă,1591,þû,14641,ÿÿüăþ
þû,265,ĉ,14642,þûĉ
ĉ,240,ð,14643,ĉð
ð,196,Ä,14644,ðÄ
Ä,296,Ĩ,14645,ÄĨ
Ĩ,9905,ŏĈ,14646,Ĩŏ
ŏĈ,1256,āÿÿĀ,14647,ŏĈā
āÿÿĀ,1890,Āÿÿÿÿÿÿÿÿÿÿÿÿÿþ,14648,āÿÿĀĀ
Āÿÿÿÿÿÿÿÿÿÿÿÿÿþ,2064,þÿÿĀĀþ,14649,Āÿÿÿÿÿÿÿÿÿÿÿÿÿþþ
þÿÿĀĀþ,9457,þþĀĀ,14650,þÿÿĀĀþþ
þþĀĀ,4466,ýÿÿÿÿ,14651,þþĀĀý
ýÿÿÿÿ,624,Āÿÿÿÿþÿ,14652,ýÿÿÿÿĀ
Āÿÿÿÿþÿ,1305,ĀĀÿÿ,14653,ĀÿÿÿÿþÿĀ
ĀĀÿÿ,12195,Āþþþ,14654,ĀĀÿÿĀ
Āþþþ,12698,āÿĀÿÿÿ,14655,Āþþþā
āÿĀÿÿÿ,2644,ÿÿÿÿÿÿÿÿÿÿÿÿÿÿÿÿÿÿÿÿÿÿÿÿÿÿÿÿþÿĀ,14656,āÿĀÿÿÿÿ
ÿÿÿÿÿÿÿÿÿÿÿÿÿÿÿÿÿÿÿÿÿÿÿÿÿÿÿÿþÿĀ,11250,þÿÿĀþþ,14657,ÿÿÿÿÿÿÿÿÿÿÿÿÿÿÿÿÿÿÿÿÿÿÿÿÿÿÿÿþÿĀþ
þÿÿĀþþ,1700,ÿþĀĀÿ,14658,þÿÿĀþþÿ
ÿþĀĀÿ,3359,úă,14659,ÿþĀĀÿú
úă,976,ýö,14660,úăý
ýö,171,«,14661,ýö«
«,220,Ü,14662,«Ü
Ü,12156,ĵĊ,14663,Üĵ
ĵĊ,10230,ĂüĀÿ,14664,ĵĊĂ
ĂüĀÿ,2670,ÿþÿÿĀÿĀ,14665,ĂüĀÿÿ
ÿþÿÿĀÿĀ,1835,ÿÿÿÿÿÿĀ,14666,ÿþÿÿĀÿĀÿ
ÿÿÿÿÿÿĀ,1159,ýĀþĀ,14667,ÿÿÿÿÿÿĀý
ýĀþĀ,12047,þĀþĀÿÿÿþ,14668,ýĀþĀþ
þĀþĀÿÿÿþ,2155,ÿĀþþ,14669,þĀþĀÿÿÿþÿ
ÿĀþþ,7716,āĀýÿ,14670,ÿĀþþā
āĀýÿ,604,Āþþ,14671,āĀýÿĀ
Āþþ,258,Ă,14672,ĀþþĂ
Ă,231,ç,14673,Ăç
ç,204,Ì,14674,çÌ
Ì,195,Ã,14675,ÌÃ
Ã,232,è,14676,Ãè
è,1177,ĂþĀ,14677,èĂ
ĂþĀ,14611,ýĀÿÿÿÿÿÿ,14678,ĂþĀý
ýĀÿÿÿÿÿÿ,637,ÿþĀ,14679,ýĀÿÿÿÿÿÿÿ
ÿþĀ,12654,Ăüþā,14680,ÿþĀĂ
Ăüþā,12571,Āûü,14681,ĂüþāĀ
Āûü,3428,ýýü,14682,Āûüý
ýýü,10841,þýþý,14683,ýýüþ
þýþý,699,ýþ,14684,þýþýý
ýþ,261,ą,14685,ýþą
ą,12412,Ėĩ,14686,ąĖ
Ėĩ,2660,ğă,14687,Ėĩğ
ğă,244,ô,14688,ğăô
ô,1619,ĔĞ,14689,ôĔ
ĔĞ,265,ĉ,14690,ĔĞĉ
ĉ,1728,èÜ,14691,ĉè
èÜ,251,û,14692,èÜû
û,193,Á,14693,ûÁ
Á,4159,ěĨ,14694,Áě
ěĨ,301,ĭ,14695,ěĨĭ
ĭ,1482,Ąÿ,14696,ĭĄ
Ąÿ,1252,÷ú,14697,Ąÿ÷
÷ú,1945,ýúý,14698,÷úý
ýúý,5391,ùù,14699,ýúýù
ùù,14099,üøö,14700,ùùü
üøö,4845,ýĀû,14701,üøöý
ýĀû,298,Ī,14702,ýĀûĪ
Ī,13951,ġă,14703,Īġ
ġă,4755,ûĀÿ,14704,ġăû
ûĀÿ,11255,āþÿþĀ,14705,ûĀÿā
āþÿþĀ,13548,ÿÿÿþĀÿÿÿ,14706,āþÿþĀÿ
ÿÿÿþĀÿÿÿ,14584,ÿÿÿÿÿÿÿÿÿÿÿÿÿÿý,14707,ÿÿÿþĀÿÿÿÿ
ÿÿÿÿÿÿÿÿÿÿÿÿÿÿý,4452,Ăüā,14708,ÿÿÿÿÿÿÿÿÿÿÿÿÿÿýĂ
Ăüā,259,ă,14709,Ăüāă
ă,244,ô,14710,ăô
ô,203,Ë,14711,ôË
Ë,259,ă,14712,Ëă
ă,360,Ũ,14713,ăŨ
Ũ,10906,ĊĂÿ,14714,ŨĊ
ĊĂÿ,8262,ĀþĀĀÿÿ,14715,ĊĂÿĀ
ĀþĀĀÿÿ,14512,ÿÿÿÿÿÿÿÿÿÿÿþþ,14716,ĀþĀĀÿÿÿ
ÿÿÿÿÿÿÿÿÿÿÿþþ,7361,ÿÿĀÿÿþÿÿ,14717,ÿÿÿÿÿÿÿÿÿÿÿþþÿ
ÿÿĀÿÿþÿÿ,10318,Āÿÿÿþÿÿÿÿ,14718,ÿÿĀÿÿþÿÿĀ
Āÿÿÿþÿÿÿÿ,1215,ÿĀÿÿÿÿÿÿÿ,14719,Āÿÿÿþÿÿÿÿÿ
ÿĀÿÿÿÿÿÿÿ,1832,ĀýÿĀ,14720,ÿĀÿÿÿÿÿÿÿĀ
ĀýÿĀ,3592,ÿĀÿÿÿÿÿÿÿÿÿÿÿÿÿÿÿÿ,14721,ĀýÿĀÿ
ÿĀÿÿÿÿÿÿÿÿÿÿÿÿÿÿÿÿ,13097,ÿÿÿÿÿÿÿÿÿÿÿÿÿÿÿþÿĀ,14722,ÿĀÿÿÿÿÿÿÿÿÿÿÿÿÿÿÿÿÿ
ÿÿÿÿÿÿÿÿÿÿÿÿÿÿÿþÿĀ,5557,þÿÿĀþÿþ,14723,ÿÿÿÿÿÿÿÿÿÿÿÿÿÿÿþÿĀþ
þÿÿĀþÿþ,13962,ÿÿýĂ,14724,þÿÿĀþÿþÿ
ÿÿýĂ,5209,ûĄü,14725,ÿÿýĂû
ûĄü,254,þ,14726,ûĄüþ
þ,240,ð,14727,þð
ð,157,,14728,ð
,251,û,14729,û
û,5711,ıĂ,14730,ûı
ıĂ,1016,āþÿ,14731,ıĂā
āþÿ,1153,āþþþ,14732,āþÿā
āþþþ,14656,āÿĀÿÿÿÿ,14733,āþþþā
āÿĀÿÿÿÿ,13981,ÿÿþĀþĀþĀ,14734,āÿĀÿÿÿÿÿ
ÿÿþĀþĀþĀ,12335,þĀþÿÿþĀ,14735,ÿÿþĀþĀþĀþ
þĀþÿÿþĀ,12836,ÿþÿĀĀ,14736,þĀþÿÿþĀÿ
ÿþÿĀĀ,8136,þÿÿþÿÿĀ,14737,ÿþÿĀĀþ
þÿÿþÿÿĀ,255,ÿ,14738,þÿÿþÿÿĀÿ
ÿ,210,Ò,14739,ÿÒ
Ò,205,Í,14740,ÒÍ
Í,200,È,14741,ÍÈ
È,1902,üÿþ,14742,Èü
üÿþ,4267,Āþÿÿÿÿÿÿÿÿ,14743,üÿþĀ
Āþÿÿÿÿÿÿÿÿ,1272,þÿā,14744,Āþÿÿÿÿÿÿÿÿþ
þÿā,1323,üÿÿ,14745,þÿāü
üÿÿ,1947,āüþ,14746,üÿÿā
āüþ,9531,ýüýþü,14747,āüþý
ýüýþü,4410,ýþĂ,14748,ýüýþüý
ýþĂ,2496,ĒĴ,14749,ýþĂĒ
ĒĴ,284,Ĝ,14750,ĒĴĜ
Ĝ,1803,òĂ,14751,Ĝò
òĂ,288,Ġ,14752,òĂĠ
Ġ,3894,ĜĂ,14753,ĠĜ
ĜĂ,10069,úì,14754,ĜĂú
úì,219,Û,14755,úìÛ
Û,212,Ô,14756,ÛÔ
Ô,225,á,14757,Ôá
á,323,Ń,14758,áŃ
Ń,277,ĕ,14759,Ńĕ
ĕ,1634,ğā,14760,ĕğ
ğā,9170,ôÿ,14761,ğāô
ôÿ,1251,û÷,14762,ôÿû
û÷,827,þø,14763,û÷þ
þø,1661,úøû,14764,þøú
úøû,1662,ûû,14765,úøûû
ûû,1152,Āā,14766,ûûĀ
Āā,263,ć,14767,Āāć
ć,309,ĵ,14768,ćĵ
ĵ,3922,ċĀ,14769,ĵċ
ċĀ,6861,üÿĂ,14770,ċĀü
üÿĂ,7629,ýĀÿþ,14771,üÿĂý
ýĀÿþ,12336,ĀþĀÿÿþÿ,14772,ýĀÿþĀ
ĀþĀÿÿþÿ,13758,ÿÿÿÿÿÿÿÿÿÿÿÿĀÿÿ,14773,ĀþĀÿÿþÿÿ
ÿÿÿÿÿÿÿÿÿÿÿÿĀÿÿ,8917,þĀā,14774,ÿÿÿÿÿÿÿÿÿÿÿÿĀÿÿþ
þĀā,3223,ùĄ,14775,þĀāù
ùĄ,248,ø,14776,ùĄø
ø,216,Ø,14777,øØ
Ø,236,ì,14778,Øì
ì,358,Ŧ,14779,ìŦ
Ŧ,275,ē,14780,Ŧē
ē,8221,ĄÿĀÿ,14781,ēĄ
ĄÿĀÿ,4096,þĀĀÿÿ,14782,ĄÿĀÿþ
þĀĀÿÿ,5942,ÿÿÿÿÿÿÿÿÿÿÿÿýÿ,14783,þĀĀÿÿÿ
ÿÿÿÿÿÿÿÿÿÿÿÿýÿ,4703,ĀÿþÿĀ,14784,ÿÿÿÿÿÿÿÿÿÿÿÿýÿĀ
ĀÿþÿĀ,13319,ÿÿÿÿþÿÿĀ,14785,ĀÿþÿĀÿ
ÿÿÿÿþÿÿĀ,13961,ÿÿÿÿýĀÿ,14786,ÿÿÿÿþÿÿĀÿ
ÿÿÿÿýĀÿ,10183,ĀþÿÿĀÿÿ,14787,ÿÿÿÿýĀÿĀ
ĀþÿÿĀÿÿ,11781,ĀþýĂ,14788,ĀþÿÿĀÿÿĀ
ĀþýĂ,2845,ÿÿÿÿÿÿÿÿÿÿÿÿÿÿÿÿÿÿÿÿÿÿÿÿÿÿÿÿÿÿÿþÿĀÿ,14789,ĀþýĂÿ
ÿÿÿÿÿÿÿÿÿÿÿÿÿÿÿÿÿÿÿÿÿÿÿÿÿÿÿÿÿÿÿþÿĀÿ,559,þÿĀÿ,14790,ÿÿÿÿÿÿÿÿÿÿÿÿÿÿÿÿÿÿÿÿÿÿÿÿÿÿÿÿÿÿÿþÿĀÿþ
þÿĀÿ,1260,üā,14791,þÿĀÿü
üā,1481,úĄ,14792,üāú
úĄ,2156,þĀÿýā,14793,úĄþ
þĀÿýā,827,þø,14794,þĀÿýāþ
þø,232,è,14795,þøè
è,157,,14796,è
,8470,ċķ,14797,ċ
ċķ,1310,øĀ,14798,ċķø
øĀ,3684,ĀĀÿþþ,14799,øĀĀ
ĀĀÿþþ,13217,ÿāÿĀ,14800,ĀĀÿþþÿ
ÿāÿĀ,13072,ÿÿÿþÿÿþ,14801,ÿāÿĀÿ
ÿÿÿþÿÿþ,4119,ÿÿÿÿÿÿĀÿ,14802,ÿÿÿþÿÿþÿ
ÿÿÿÿÿÿĀÿ,9829,þĀþĀþĀ,14803,ÿÿÿÿÿÿĀÿþ
þĀþĀþĀ,974,ÿþĀþ,14804,þĀþĀþĀÿ
ÿþĀþ,1166,āýā,14805,ÿþĀþā
āýā,9718,Ăù,14806,āýāĂ
Ăù,257,ā,14807,Ăùā
ā,238,î,14808,āî
î,206,Î,14809,îÎ
Î,197,Å,14810,ÎÅ
Å,225,á,14811,Åá
á,997,þÿĂ,14812,áþ
þÿĂ,11792,ýÿÿÿÿÿÿÿÿ,14813,þÿĂý
ýÿÿÿÿÿÿÿÿ,4415,ĀÿýĀ,14814,ýÿÿÿÿÿÿÿÿĀ
ĀÿýĀ,1138,āþü,14815,ĀÿýĀā
āþü,8848,þþþýý,14816,āþüþ
þþþýý,2828,üüþ,14817,þþþýýü
üüþ,6383,āĈ,14818,üüþā
āĈ,307,ĳ,14819,āĈĳ
ĳ,293,ĥ,14820,ĳĥ
ĥ,1818,õą,14821,ĥõ
õą,10395,Ĥę,14822,õąĤ
Ĥę,1461,ÿø,14823,Ĥęÿ
ÿø,248,ø,14824,ÿøø
ø,231,ç,14825,øç
ç,219,Û,14826,çÛ
Û,198,Æ,14827,ÛÆ
Æ,281,ę,14828,Æę
ę,297,ĩ,14829,ęĩ
ĩ,2358,ęĕ,14830,ĩę
ęĕ,5508,ù÷,14831,ęĕù
ù÷,1515,ý÷,14832,ù÷ý
ý÷,11692,Ăô,14833,ý÷Ă
Ăô,1385,úý,14834,Ăôú
úý,5782,øû,14835,úýø
øû,6861,üÿĂ,14836,øûü
üÿĂ,256,Ā,14837,üÿĂĀ
Ā,283,ě,14838,Āě
ě,5597,ĭĀ,14839,ěĭ
ĭĀ,4561,ùĆ,14840,ĭĀù
ùĆ,3526,ûĂû,14841,ùĆû
ûĂû,12796,āÿĀþÿ,14842,ûĂûā
āÿĀþÿ,7268,ÿĀÿþÿÿÿÿ,14843,āÿĀþÿÿ
ÿĀÿþÿÿÿÿ,8424,ÿÿÿÿÿÿÿÿÿĀÿ,14844,ÿĀÿþÿÿÿÿÿ
ÿÿÿÿÿÿÿÿÿĀÿ,1047,ýĀĀ,14845,ÿÿÿÿÿÿÿÿÿĀÿý
ýĀĀ,13986,üĆ,14846,ýĀĀü
üĆ,1278,ûÙ,14847,üĆû
ûÙ,221,Ý,14848,ûÙÝ
Ý,351,ş,14849,Ýş
ş,292,Ĥ,14850,şĤ
Ĥ,2764,ĀĂÿ,14851,ĤĀ
ĀĂÿ,6028,ýĀĀÿĀ,14852,ĀĂÿý
ýĀĀÿĀ,6055,ÿÿÿÿÿÿÿÿÿÿÿÿÿþÿÿ,14853,ýĀĀÿĀÿ
ÿÿÿÿÿÿÿÿÿÿÿÿÿþÿÿ,13145,þĀÿÿÿÿÿÿ,14854,ÿÿÿÿÿÿÿÿÿÿÿÿÿþÿÿþ
þĀÿÿÿÿÿÿ,7586,ĀþÿÿÿÿĀÿ,14855,þĀÿÿÿÿÿÿĀ
ĀþÿÿÿÿĀÿ,1773,ÿþÿÿÿÿÿ,14856,ĀþÿÿÿÿĀÿÿ
ÿþÿÿÿÿÿ,12758,ýĀĀÿÿÿ,14857,ÿþÿÿÿÿÿý
ýĀĀÿÿÿ,14722,ÿĀÿÿÿÿÿÿÿÿÿÿÿÿÿÿÿÿÿ,14858,ýĀĀÿÿÿÿ
ÿĀÿÿÿÿÿÿÿÿÿÿÿÿÿÿÿÿÿ,10668,ÿÿÿÿÿÿÿÿÿÿÿÿÿÿþÿ,14859,ÿĀÿÿÿÿÿÿÿÿÿÿÿÿÿÿÿÿÿÿ
ÿÿÿÿÿÿÿÿÿÿÿÿÿÿþÿ,5200,ÿĀþÿÿĀ,14860,ÿÿÿÿÿÿÿÿÿÿÿÿÿÿþÿÿ
ÿĀþÿÿĀ,3728,ÿþÿÿÿĀÿ,14861,ÿĀþÿÿĀÿ
ÿþÿÿÿĀÿ,2161,þþĀþ,14862,ÿþÿÿÿĀÿþ
þþĀþ,248,ø,14863,þþĀþø
ø,219,Û,14864,øÛ
Û,163,£,14865,Û£
£,1174,ĜĪ,14866,£Ĝ
ĜĪ,8123,þýĂ,14867,ĜĪþ
þýĂ,9684,ýÿă,14868,þýĂý
ýÿă,6608,ùăý,14869,ýÿăù
ùăý,2341,Āÿÿÿÿÿÿÿÿÿÿÿÿÿÿÿÿÿÿÿÿ,14870,ùăýĀ
Āÿÿÿÿÿÿÿÿÿÿÿÿÿÿÿÿÿÿÿÿ,12958,þÿÿÿÿÿĀÿþ,14871,Āÿÿÿÿÿÿÿÿÿÿÿÿÿÿÿÿÿÿÿÿþ
þÿÿÿÿÿĀÿþ,1537,Āýā,14872,þÿÿÿÿÿĀÿþĀ
Āýā,218,Ú,14873,ĀýāÚ
Ú,207,Ï,14874,ÚÏ
Ï,194,Â,14875,ÏÂ
Â,7038,õă,14876,Âõ
õă,14531,üÿÿÿĀ,14877,õăü
üÿÿÿĀ,6146,ĀþþĀ,14878,üÿÿÿĀĀ
ĀþþĀ,3409,Āÿÿÿþÿÿÿ,14879,ĀþþĀĀ
Āÿÿÿþÿÿÿ,2869,ýüĂ,14880,Āÿÿÿþÿÿÿý
ýüĂ,6080,÷ÿý,14881,ýüĂ÷
÷ÿý,654,ýÿ,14882,÷ÿýý
ýÿ,1876,ćġ,14883,ýÿć
ćġ,9596,ĳþ,14884,ćġĳ
ĳþ,4430,ùĳ,14885,ĳþù
ùĳ,3806,Đÿ,14886,ùĳĐ
Đÿ,5508,ù÷,14887,Đÿù
ù÷,11531,óå,14888,ù÷ó
óå,214,Ö,14889,óåÖ
Ö,213,Õ,14890,ÖÕ
Õ,323,Ń,14891,ÕŃ
Ń,259,ă,14892,Ńă
ă,11106,ģĀĀ,14893,ăģ
ģĀĀ,7316,ùúù,14894,ģĀĀù
ùúù,8356,ùûú,14895,ùúùù
ùûú,5143,øý,14896,ùûúø
øý,4163,āüÿ,14897,øýā
āüÿ,2041,ĆĂ,14898,āüÿĆ
ĆĂ,1572,ĺĄ,14899,ĆĂĺ
ĺĄ,1286,Ćþ,14900,ĺĄĆ
Ćþ,3719,ýþā,14901,Ćþý
ýþā,10219,þÿÿĀþĀÿ,14902,ýþāþ
þÿÿĀþĀÿ,5199,ÿÿþÿÿÿĀÿ,14903,þÿÿĀþĀÿÿ
ÿÿþÿÿÿĀÿ,596,þÿĀþ,14904,ÿÿþÿÿÿĀÿþ
þÿĀþ,10953,ýĀĂþ,14905,þÿĀþý
ýĀĂþ,9651,ÿÿýþ,14906,ýĀĂþÿ
ÿÿýþ,10527,āþĄ,14907,ÿÿýþā
āþĄ,215,×,14908,āþĄ×
×,217,Ù,14909,×Ù
Ù,342,Ŗ,14910,ÙŖ
Ŗ,304,İ,14911,Ŗİ
İ,5411,ĂĀÿþ,14912,İĂ
ĂĀÿþ,1977,ÿĀÿĀ,14913,ĂĀÿþÿ
ÿĀÿĀ,14860,ÿÿÿÿÿÿÿÿÿÿÿÿÿÿþÿÿ,14914,ÿĀÿĀÿ
ÿÿÿÿÿÿÿÿÿÿÿÿÿÿþÿÿ,2046,ÿÿÿÿÿÿÿĀÿþ,14915,ÿÿÿÿÿÿÿÿÿÿÿÿÿÿþÿÿÿ
ÿÿÿÿÿÿÿĀÿþ,10457,ÿþÿÿĀÿÿÿ,14916,ÿÿÿÿÿÿÿĀÿþÿ
ÿþÿÿĀÿÿÿ,10701,ÿÿÿÿÿÿÿÿÿÿÿÿÿĀÿ,14917,ÿþÿÿĀÿÿÿÿ
ÿÿÿÿÿÿÿÿÿÿÿÿÿĀÿ,1484,ÿÿÿÿÿÿÿÿÿÿÿÿÿÿÿÿÿÿÿÿÿÿÿÿÿÿÿÿÿþÿ,14918,ÿÿÿÿÿÿÿÿÿÿÿÿÿĀÿÿ
ÿÿÿÿÿÿÿÿÿÿÿÿÿÿÿÿÿÿÿÿÿÿÿÿÿÿÿÿÿþÿ,4514,ÿÿĀþÿÿĀÿ,14919,ÿÿÿÿÿÿÿÿÿÿÿÿÿÿÿÿÿÿÿÿÿÿÿÿÿÿÿÿÿþÿÿ
ÿÿĀþÿÿĀÿ,2107,ÿþÿĀÿþ,14920,ÿÿĀþÿÿĀÿÿ
ÿþÿĀÿþ,8011,ýāü,14921,ÿþÿĀÿþý
ýāü,3330,Āø,14922,ýāüĀ
Āø,207,Ï,14923,ĀøÏ
Ï,174,®,14924,Ï®
®,298,Ī,14925,®Ī
Ī,286,Ğ,14926,ĪĞ
Ğ,8967,þûĀĀ,14927,Ğþ
þûĀĀ,7958,ûĈ,14928,þûĀĀû
ûĈ,9706,ùāĀ,14929,ûĈù
ùāĀ,9621,ÿÿÿÿÿÿÿÿÿÿÿÿÿþĀ,14930,ùāĀÿ
ÿÿÿÿÿÿÿÿÿÿÿÿÿþĀ,4681,þĀÿÿÿþÿÿ,14931,ÿÿÿÿÿÿÿÿÿÿÿÿÿþĀþ
þĀÿÿÿþÿÿ,12623,ÿĀÿþĀþĀ,14932,þĀÿÿÿþÿÿÿ
ÿĀÿþĀþĀ,12571,Āûü,14933,ÿĀÿþĀþĀĀ
Āûü,5769,ÆÏ,14934,ĀûüÆ
ÆÏ,214,Ö,14935,ÆÏÖ
Ö,933,üĂĀ,14936,Öü
üĂĀ,8962,ýþþÿ,14937,üĂĀý
ýþþÿ,2666,āĀü,14938,ýþþÿā
āĀü,13892,ĀÿĀÿþÿÿ,14939,āĀüĀ
ĀÿĀÿþÿÿ,10652,ÿþüþ,14940,ĀÿĀÿþÿÿÿ
ÿþüþ,831,ûā,14941,ÿþüþû
ûā,1118,úÿ,14942,ûāú
úÿ,14044,āđ,14943,úÿā
āđ,9442,Ļċ,14944,āđĻ
Ļċ,244,ô,14945,Ļċô
ô,2852,ĩĜ,14946,ôĩ
ĩĜ,9718,Ăù,14947,ĩĜĂ
Ăù,1003,òñ,14948,Ăùò
òñ,11832,÷ì,14949,òñ÷
÷ì,188,¼,14950,÷ì¼
¼,5596,ďĭ,14951,¼ď
ďĭ,3496,ĄĠ,14952,ďĭĄ
ĄĠ,5861,ýøù,14953,ĄĠý
ýøù,8356,ùûú,14954,ýøùù
ùûú,3749,ûø,14955,ùûúû
ûø,3641,ýĆ,14956,ûøý
ýĆ,6043,ûăþ,14957,ýĆû
ûăþ,255,ÿ,14958,ûăþÿ
ÿ,283,ě,14959,ÿě
ě,298,Ī,14960,ěĪ
Ī,1697,ăĀ,14961,Īă
ăĀ,14516,ýýĀĀ,14962,ăĀý
ýýĀĀ,561,ÿÿĀþÿ,14963,ýýĀĀÿ
ÿÿĀþÿ,3409,Āÿÿÿþÿÿÿ,14964,ÿÿĀþÿĀ
Āÿÿÿþÿÿÿ,6334,Āÿþÿþ,14965,ĀÿÿÿþÿÿÿĀ
Āÿþÿþ,6600,ĀĀÿĀþ,14966,ĀÿþÿþĀ
ĀĀÿĀþ,9126,þþāÿý,14967,ĀĀÿĀþþ
þþāÿý,259,ă,14968,þþāÿýă
ă,1062,ÝÕ,14969,ăÝ
ÝÕ,331,ŋ,14970,ÝÕŋ
ŋ,311,ķ,14971,ŋķ
ķ,4222,ąĀÿ,14972,ķą
ąĀÿ,5082,ÿþÿĀÿĀ,14973,ąĀÿÿ
ÿþÿĀÿĀ,14915,ÿÿÿÿÿÿÿÿÿÿÿÿÿÿþÿÿÿ,14974,ÿþÿĀÿĀÿ
ÿÿÿÿÿÿÿÿÿÿÿÿÿÿþÿÿÿ,12722,ÿÿÿÿÿÿÿĀþ,14975,ÿÿÿÿÿÿÿÿÿÿÿÿÿÿþÿÿÿÿ
ÿÿÿÿÿÿÿĀþ,2670,ÿþÿÿĀÿĀ,14976,ÿÿÿÿÿÿÿĀþÿ
ÿþÿÿĀÿĀ,1276,þÿÿþÿÿ,14977,ÿþÿÿĀÿĀþ
þÿÿþÿÿ,11079,ÿĀÿÿÿÿÿÿĀ,14978,þÿÿþÿÿÿ
ÿĀÿÿÿÿÿÿĀ,793,ÿÿÿÿÿÿÿÿÿÿÿÿÿÿÿÿÿÿÿÿÿÿÿÿÿÿÿÿÿÿþ,14979,ÿĀÿÿÿÿÿÿĀÿ
ÿÿÿÿÿÿÿÿÿÿÿÿÿÿÿÿÿÿÿÿÿÿÿÿÿÿÿÿÿÿþ,13928,ÿÿÿĀÿþÿÿÿ,14980,ÿÿÿÿÿÿÿÿÿÿÿÿÿÿÿÿÿÿÿÿÿÿÿÿÿÿÿÿÿÿþÿ
ÿÿÿĀÿþÿÿÿ,2068,ÿÿÿÿÿÿþþ,14981,ÿÿÿĀÿþÿÿÿÿ
ÿÿÿÿÿÿþþ,11871,āþýü,14982,ÿÿÿÿÿÿþþā
āþýü,185,¹,14983,āþýü¹
¹,193,Á,14984,¹Á
Á,14569,Įę,14985,ÁĮ
Įę,5441,ĀþĀü,14986,ĮęĀ
ĀþĀü,3405,ýĄþ,14987,ĀþĀüý
ýĄþ,13021,ÿÿÿÿÿÿÿÿÿÿÿþÿ,14988,ýĄþÿ
ÿÿÿÿÿÿÿÿÿÿÿþÿ,14803,ÿÿÿÿÿÿĀÿþ,14989,ÿÿÿÿÿÿÿÿÿÿÿþÿÿ
ÿÿÿÿÿÿĀÿþ,13022,ÿĀÿÿÿÿþÿ,14990,ÿÿÿÿÿÿĀÿþÿ
ÿĀÿÿÿÿþÿ,5876,ÿþă,14991,ÿĀÿÿÿÿþÿÿ
ÿþă,1427,üè,14992,ÿþăü
üè,204,Ì,14993,üèÌ
Ì,193,Á,14994,ÌÁ
Á,236,ì,14995,Áì
ì,3565,āÿþā,14996,ìā
āÿþā,4818,ÿýÿ,14997,āÿþāÿ
ÿýÿ,14665,ĂüĀÿÿ,14998,ÿýÿĂ
ĂüĀÿÿ,2773,ÿÿÿÿÿþþ,14999,ĂüĀÿÿÿ
ÿÿÿÿÿþþ,10533,ûāýû,15000,ÿÿÿÿÿþþû
ûāýû,4038,ÿĄ,15001,ûāýûÿ
ÿĄ,300,Ĭ,15002,ÿĄĬ
Ĭ,300,Ĭ,15003,ĬĬ
Ĭ,2495,õĒ,15004,Ĭõ
õĒ,7007,ĭā,15005,õĒĭ
ĭā,805,ùò,15006,ĭāù
ùò,245,õ,15007,ùòõ
õ,244,ô,15008,õô
ô,239,ï,15009,ôï
ï,6477,ÜÔ,15010,ïÜ
ÜÔ,316,ļ,15011,ÜÔļ
ļ,901,Ćĉ,15012,ļĆ
Ćĉ,3756,Ėü,15013,ĆĉĖ
Ėü,828,øú,15014,Ėüø
øú,7208,úùú,15015,øúú
úùú,5761,ùÿĂ,15016,úùúù
ùÿĂ,1235,ĀĂý,15017,ùÿĂĀ
ĀĂý,1240,ăĄ,15018,ĀĂýă
ăĄ,5632,ĵĎ,15019,ăĄĵ
ĵĎ,8145,ÿþýÿ,15020,ĵĎÿ
ÿþýÿ,2157,āÿþĀ,15021,ÿþýÿā
āÿþĀ,5480,ÿþĀÿÿþ,15022,āÿþĀÿ
ÿþĀÿÿþ,13614,Āÿÿÿÿÿÿþÿ,15023,ÿþĀÿÿþĀ
Āÿÿÿÿÿÿþÿ,13912,ÿĀÿþÿĀ,15024,Āÿÿÿÿÿÿþÿÿ
ÿĀÿþÿĀ,1247,ÿÿþý,15025,ÿĀÿþÿĀÿ
ÿÿþý,260,Ą,15026,ÿÿþýĄ
Ą,226,â,15027,Ąâ
â,206,Î,15028,âÎ
Î,323,Ń,15029,ÎŃ
Ń,322,ł,15030,Ńł
ł,8383,ăāÿÿÿ,15031,łă
ăāÿÿÿ,13893,ÿÿĀÿÿÿÿÿÿÿ,15032,ăāÿÿÿÿ
ÿÿĀÿÿÿÿÿÿÿ,1701,ÿÿÿÿÿÿÿÿÿÿþÿ,15033,ÿÿĀÿÿÿÿÿÿÿÿ
ÿÿÿÿÿÿÿÿÿÿþÿ,13131,ÿÿĀÿþÿÿ,15034,ÿÿÿÿÿÿÿÿÿÿþÿÿ
ÿÿĀÿþÿÿ,6055,ÿÿÿÿÿÿÿÿÿÿÿÿÿþÿÿ,15035,ÿÿĀÿþÿÿÿ
ÿÿÿÿÿÿÿÿÿÿÿÿÿþÿÿ,783,ĀÿÿĀþ,15036,ÿÿÿÿÿÿÿÿÿÿÿÿÿþÿÿĀ
ĀÿÿĀþ,14121,þÿĀĀÿÿÿ,15037,ĀÿÿĀþþ
þÿĀĀÿÿÿ,2238,ÿÿÿÿÿÿÿÿÿÿÿÿÿÿÿÿÿÿÿÿÿÿÿÿÿÿÿÿþÿ,15038,þÿĀĀÿÿÿÿ
ÿÿÿÿÿÿÿÿÿÿÿÿÿÿÿÿÿÿÿÿÿÿÿÿÿÿÿÿþÿ,13103,ÿĀÿÿþÿÿÿ,15039,ÿÿÿÿÿÿÿÿÿÿÿÿÿÿÿÿÿÿÿÿÿÿÿÿÿÿÿÿþÿÿ
ÿĀÿÿþÿÿÿ,13541,þÿĀÿÿþ,15040,ÿĀÿÿþÿÿÿþ
þÿĀÿÿþ,7637,þāþþÿ,15041,þÿĀÿÿþþ
þāþþÿ,248,ø,15042,þāþþÿø
ø,186,º,15043,øº
º,192,À,15044,ºÀ
À,309,ĵ,15045,Àĵ
ĵ,278,Ė,15046,ĵĖ
Ė,1591,þû,15047,Ėþ
þû,1322,Ćü,15048,þûĆ
Ćü,3591,üĂÿ,15049,Ćüü
üĂÿ,15034,ÿÿÿÿÿÿÿÿÿÿþÿÿ,15050,üĂÿÿ
ÿÿÿÿÿÿÿÿÿÿþÿÿ,2160,ÿÿÿÿÿĀÿþ,15051,ÿÿÿÿÿÿÿÿÿÿþÿÿÿ
ÿÿÿÿÿĀÿþ,15025,ÿĀÿþÿĀÿ,15052,ÿÿÿÿÿĀÿþÿ
ÿĀÿþÿĀÿ,2282,þÿþāÿ,15053,ÿĀÿþÿĀÿþ
þÿþāÿ,9795,üÑ,15054,þÿþāÿü
üÑ,206,Î,15055,üÑÎ
Î,10302,Éþ,15056,ÎÉ
Éþ,7413,ýÿÿā,15057,Éþý
ýÿÿā,12421,ÿýÿā,15058,ýÿÿāÿ
ÿýÿā,8250,þÿþĀÿÿ,15059,ÿýÿāþ
þÿþĀÿÿ,10774,ÿÿýă,15060,þÿþĀÿÿÿ
ÿÿýă,3961,øÿ,15061,ÿÿýăø
øÿ,999,ýþÿ,15062,øÿý
ýþÿ,7442,ĒĻ,15063,ýþÿĒ
ĒĻ,1482,Ąÿ,15064,ĒĻĄ
Ąÿ,312,ĸ,15065,Ąÿĸ
ĸ,13987,Ćø,15066,ĸĆ
Ćø,6512,öï,15067,Ćøö
öï,239,ï,15068,öïï
ï,5746,õý,15069,ïõ
õý,204,Ì,15070,õýÌ
Ì,13931,÷ĺ,15071,Ì÷
÷ĺ,654,ýÿ,15072,÷ĺý
ýÿ,6680,Ĕû,15073,ýÿĔ
Ĕû,10410,ûùû,15074,Ĕûû
ûùû,2831,ûûü,15075,ûùûû
ûûü,2073,ćÿ,15076,ûûüć
ćÿ,13838,úąþ,15077,ćÿú
úąþ,256,Ā,15078,úąþĀ
Ā,287,ğ,15079,Āğ
ğ,9527,Ĭþ,15080,ğĬ
Ĭþ,11900,þþÿāÿ,15081,Ĭþþ
þþÿāÿ,6763,þþĀÿÿ,15082,þþÿāÿþ
þþĀÿÿ,12811,ÿÿÿþÿĀÿÿÿ,15083,þþĀÿÿÿ
ÿÿÿþÿĀÿÿÿ,4223,ÿÿþÿĀ,15084,ÿÿÿþÿĀÿÿÿÿ
ÿÿþÿĀ,12851,ýÿĀÿÿÿ,15085,ÿÿþÿĀý
ýÿĀÿÿÿ,7362,ÿýă,15086,ýÿĀÿÿÿÿ
ÿýă,231,ç,15087,ÿýăç
ç,202,Ê,15088,çÊ
Ê,317,Ľ,15089,ÊĽ
Ľ,12129,Ňă,15090,ĽŇ
Ňă,14913,ĂĀÿþÿ,15091,ŇăĂ
ĂĀÿþÿ,15038,þÿĀĀÿÿÿÿ,15092,ĂĀÿþÿþ
þÿĀĀÿÿÿÿ,11610,ÿÿÿÿÿÿÿÿÿÿÿÿÿÿþĀ,15093,þÿĀĀÿÿÿÿÿ
ÿÿÿÿÿÿÿÿÿÿÿÿÿÿþĀ,13983,þĀþÿÿÿÿÿ,15094,ÿÿÿÿÿÿÿÿÿÿÿÿÿÿþĀþ
þĀþÿÿÿÿÿ,13304,ÿÿþÿĀÿÿ,15095,þĀþÿÿÿÿÿÿ
ÿÿþÿĀÿÿ,3410,ÿþĀþÿ,15096,ÿÿþÿĀÿÿÿ
ÿþĀþÿ,14653,ĀÿÿÿÿþÿĀ,15097,ÿþĀþÿĀ
ĀÿÿÿÿþÿĀ,14859,ÿĀÿÿÿÿÿÿÿÿÿÿÿÿÿÿÿÿÿÿ,15098,ĀÿÿÿÿþÿĀÿ
ÿĀÿÿÿÿÿÿÿÿÿÿÿÿÿÿÿÿÿÿ,675,ÿÿÿÿÿÿÿÿÿÿÿÿþ,15099,ÿĀÿÿÿÿÿÿÿÿÿÿÿÿÿÿÿÿÿÿÿ
ÿÿÿÿÿÿÿÿÿÿÿÿþ,10744,ĀÿÿþÿÿĀÿ,15100,ÿÿÿÿÿÿÿÿÿÿÿÿþĀ
ĀÿÿþÿÿĀÿ,572,þÿÿÿÿÿÿ,15101,ĀÿÿþÿÿĀÿþ
þÿÿÿÿÿÿ,6429,ýĀÿĀÿ,15102,þÿÿÿÿÿÿý
ýĀÿĀÿ,1914,üāø,15103,ýĀÿĀÿü
üāø,3873,´Â,15104,üāø´
´Â,313,Ĺ,15105,´ÂĹ
Ĺ,3990,ėú,15106,Ĺė
ėú,7489,ĀÿÿĀÿÿÿ,15107,ėúĀ
ĀÿÿĀÿÿÿ,15051,ÿÿÿÿÿÿÿÿÿÿþÿÿÿ,15108,ĀÿÿĀÿÿÿÿ
ÿÿÿÿÿÿÿÿÿÿþÿÿÿ,12983,ÿÿÿÿÿÿĀÿÿÿÿ,15109,ÿÿÿÿÿÿÿÿÿÿþÿÿÿÿ
ÿÿÿÿÿÿĀÿÿÿÿ,6486,ÿÿþĀü,15110,ÿÿÿÿÿÿĀÿÿÿÿÿ
ÿÿþĀü,11641,Ąûò,15111,ÿÿþĀüĄ
Ąûò,208,Ð,15112,ĄûòÐ
Ð,193,Á,15113,ÐÁ
Á,2805,ãĀ,15114,Áã
ãĀ,1380,þüÿ,15115,ãĀþ
þüÿ,10859,āÿýā,15116,þüÿā
āÿýā,12310,þÿÿÿÿÿÿĀÿ,15117,āÿýāþ
þÿÿÿÿÿÿĀÿ,9842,ÿûýþ,15118,þÿÿÿÿÿÿĀÿÿ
ÿûýþ,710,ÿā,15119,ÿûýþÿ
ÿā,298,Ī,15120,ÿāĪ
Ī,298,Ī,15121,ĪĪ
Ī,250,ú,15122,Īú
ú,279,ė,15123,úė
ė,14821,ĥõ,15124,ėĥ
ĥõ,805,ùò,15125,ĥõù
ùò,241,ñ,15126,ùòñ
ñ,11462,ñ÷,15127,ññ
ñ÷,242,ò,15128,ñ÷ò
ò,202,Ê,15129,òÊ
Ê,301,ĭ,15130,Êĭ
ĭ,7622,Ěÿ,15131,ĭĚ
Ěÿ,7161,úĊ,15132,Ěÿú
úĊ,2739,ýúû,15133,úĊý
ýúû,12508,üþĀĂ,15134,ýúûü
üþĀĂ,3383,āýĄ,15135,üþĀĂā
āýĄ,1049,ùą,15136,āýĄù
ùą,263,ć,15137,ùąć
ć,8336,ĶĊ,15138,ćĶ
ĶĊ,13698,ûāĀĀ,15139,ĶĊû
ûāĀĀ,1219,þþÿÿĀ,15140,ûāĀĀþ
þþÿÿĀ,13541,þÿĀÿÿþ,15141,þþÿÿĀþ
þÿĀÿÿþ,717,ÿĀÿÿÿÿÿ,15142,þÿĀÿÿþÿ
ÿĀÿÿÿÿÿ,2140,þÿÿý,15143,ÿĀÿÿÿÿÿþ
þÿÿý,12767,ĀĂþþ,15144,þÿÿýĀ
ĀĂþþ,513,ÿÿ,15145,ĀĂþþÿ
ÿÿ,260,Ą,15146,ÿÿĄ
Ą,225,á,15147,Ąá
á,205,Í,15148,áÍ
Í,316,ļ,15149,Íļ
ļ,328,ň,15150,ļň
ň,950,ĀĄ,15151,ňĀ
ĀĄ,5161,ĀþÿĀþþ,15152,ĀĄĀ
ĀþÿĀþþ,6275,Āāþ,15153,ĀþÿĀþþĀ
Āāþ,13805,Āÿÿÿÿÿÿÿÿÿÿÿÿÿÿþ,15154,ĀāþĀ
Āÿÿÿÿÿÿÿÿÿÿÿÿÿÿþ,13467,ÿþÿĀÿÿ,15155,Āÿÿÿÿÿÿÿÿÿÿÿÿÿÿþÿ
ÿþÿĀÿÿ,5703,Āÿÿÿÿþÿÿ,15156,ÿþÿĀÿÿĀ
Āÿÿÿÿþÿÿ,5364,þĀÿþÿĀ,15157,Āÿÿÿÿþÿÿþ
þĀÿþÿĀ,1448,ÿÿÿÿÿÿÿÿÿÿþ,15158,þĀÿþÿĀÿ
ÿÿÿÿÿÿÿÿÿÿþ,14586,ĀĀÿÿÿÿÿÿÿÿ,15159,ÿÿÿÿÿÿÿÿÿÿþĀ
ĀĀÿÿÿÿÿÿÿÿ,1576,ÿÿÿÿÿÿÿÿÿÿÿÿÿÿÿÿÿÿÿÿÿÿÿþ,15160,ĀĀÿÿÿÿÿÿÿÿÿ
ÿÿÿÿÿÿÿÿÿÿÿÿÿÿÿÿÿÿÿÿÿÿÿþ,4972,ÿÿĀþÿÿÿ,15161,ÿÿÿÿÿÿÿÿÿÿÿÿÿÿÿÿÿÿÿÿÿÿÿþÿ
ÿÿĀþÿÿÿ,10456,ĀÿÿþÿĀÿ,15162,ÿÿĀþÿÿÿĀ
ĀÿÿþÿĀÿ,14205,þÿýĂ,15163,ĀÿÿþÿĀÿþ
þÿýĂ,2223,þÿÿû,15164,þÿýĂþ
þÿÿû,10002,āõ,15165,þÿÿûā
āõ,183,·,15166,āõ·
·,199,Ç,15167,·Ç
Ç,308,Ĵ,15168,ÇĴ
Ĵ,8167,Ĕā,15169,ĴĔ
Ĕā,12092,ýĄû,15170,Ĕāý
ýĄû,14931,ÿÿÿÿÿÿÿÿÿÿÿÿÿþĀþ,15171,ýĄûÿ
ÿÿÿÿÿÿÿÿÿÿÿÿÿþĀþ,11167,ÿÿÿÿÿÿÿĀÿÿÿ,15172,ÿÿÿÿÿÿÿÿÿÿÿÿÿþĀþÿ
ÿÿÿÿÿÿÿĀÿÿÿ,3124,ÿÿÿþā,15173,ÿÿÿÿÿÿÿĀÿÿÿÿ
ÿÿÿþā,6145,ýÿĀĀ,15174,ÿÿÿþāý
ýÿĀĀ,221,Ý,15175,ýÿĀĀÝ
Ý,1027,ÍÆ,15176,ÝÍ
ÍÆ,2195,ïĂ,15177,ÍÆï
ïĂ,11923,Āüÿā,15178,ïĂĀ
Āüÿā,4716,þÿÿÿĀÿþÿ,15179,Āüÿāþ
þÿÿÿĀÿþÿ,10629,ĀÿĀý,15180,þÿÿÿĀÿþÿĀ
ĀÿĀý,9219,ýýÿÿ,15181,ĀÿĀýý
ýýÿÿ,265,ĉ,15182,ýýÿÿĉ
ĉ,314,ĺ,15183,ĉĺ
ĺ,1013,čā,15184,ĺč
čā,4486,Īą,15185,čāĪ
Īą,247,÷,15186,Īą÷
÷,243,ó,15187,÷ó
ó,239,ï,15188,óï
ï,751,îû,15189,ïî
îû,260,Ą,15190,îûĄ
Ą,5498,ãÛ,15191,Ąã
ãÛ,2727,ļĂ,15192,ãÛļ
ļĂ,6527,úĄÿ,15193,ļĂú
úĄÿ,844,ÿÿý,15194,úĄÿÿ
ÿÿý,858,ýÿĀ,15195,ÿÿýý
ýÿĀ,8149,ăþÿĀ,15196,ýÿĀă
ăþÿĀ,846,ýā,15197,ăþÿĀý
ýā,299,ī,15198,ýāī
ī,286,Ğ,15199,īĞ
Ğ,10840,ÿþÿĀþþ,15200,Ğÿ
ÿþÿĀþþ,2866,þĀĂ,15201,ÿþÿĀþþþ
þĀĂ,1219,þþÿÿĀ,15202,þĀĂþ
þþÿÿĀ,13467,ÿþÿĀÿÿ,15203,þþÿÿĀÿ
ÿþÿĀÿÿ,5954,ÿÿÿþÿĀ,15204,ÿþÿĀÿÿÿ
ÿÿÿþÿĀ,10988,þĀÿþĀĀ,15205,ÿÿÿþÿĀþ
þĀÿþĀĀ,254,þ,15206,þĀÿþĀĀþ
þ,223,ß,15207,þß
ß,213,Õ,15208,ßÕ
Õ,313,Ĺ,15209,ÕĹ
Ĺ,327,Ň,15210,ĹŇ
Ň,3776,ąă,15211,Ňą
ąă,1992,ûāÿ,15212,ąăû
ûāÿ,4628,ÿĀþÿÿ,15213,ûāÿÿ
ÿĀþÿÿ,7026,āþÿĀÿ,15214,ÿĀþÿÿā
āþÿĀÿ,1604,ÿÿÿÿÿÿÿÿÿÿÿÿþÿ,15215,āþÿĀÿÿ
ÿÿÿÿÿÿÿÿÿÿÿÿþÿ,8152,þĀÿÿĀÿ,15216,ÿÿÿÿÿÿÿÿÿÿÿÿþÿþ
þĀÿÿĀÿ,14917,ÿþÿÿĀÿÿÿÿ,15217,þĀÿÿĀÿÿ
ÿþÿÿĀÿÿÿÿ,13542,þÿÿÿÿÿĀþĀ,15218,ÿþÿÿĀÿÿÿÿþ
þÿÿÿÿÿĀþĀ,15118,þÿÿÿÿÿÿĀÿÿ,15219,þÿÿÿÿÿĀþĀþ
þÿÿÿÿÿÿĀÿÿ,4426,ÿÿÿÿÿÿÿÿÿÿÿÿÿÿÿÿÿÿÿÿÿÿÿÿÿÿÿÿÿý,15220,þÿÿÿÿÿÿĀÿÿÿ
ÿÿÿÿÿÿÿÿÿÿÿÿÿÿÿÿÿÿÿÿÿÿÿÿÿÿÿÿÿý,7391,ÿĀĀþÿÿ,15221,ÿÿÿÿÿÿÿÿÿÿÿÿÿÿÿÿÿÿÿÿÿÿÿÿÿÿÿÿÿýÿ
ÿĀĀþÿÿ,1074,ÿÿÿÿÿĀþÿ,15222,ÿĀĀþÿÿÿ
ÿÿÿÿÿĀþÿ,12993,ÿþĀĀþ,15223,ÿÿÿÿÿĀþÿÿ
ÿþĀĀþ,596,þÿĀþ,15224,ÿþĀĀþþ
þÿĀþ,3749,ûø,15225,þÿĀþû
ûø,2754,ºÃ,15226,ûøº
ºÃ,10094,Ĵĕ,15227,ºÃĴ
Ĵĕ,14289,āÿþÿÿÿÿÿ,15228,Ĵĕā
āÿþÿÿÿÿÿ,15159,ÿÿÿÿÿÿÿÿÿÿþĀ,15229,āÿþÿÿÿÿÿÿ
ÿÿÿÿÿÿÿÿÿÿþĀ,14421,þÿÿÿĀÿÿÿÿÿ,15230,ÿÿÿÿÿÿÿÿÿÿþĀþ
þÿÿÿĀÿÿÿÿÿ,672,þÿÿĀĀ,15231,þÿÿÿĀÿÿÿÿÿþ
þÿÿĀĀ,4831,úăÿ,15232,þÿÿĀĀú
úăÿ,4226,ýûÒ,15233,úăÿý
ýûÒ,206,Î,15234,ýûÒÎ
Î,206,Î,15235,ÎÎ
Î,9706,ùāĀ,15236,Îù
ùāĀ,14330,üÿĀþÿ,15237,ùāĀü
üÿĀþÿ,10380,ÿĀÿÿÿĀ,15238,üÿĀþÿÿ
ÿĀÿÿÿĀ,2299,ÿĀü,15239,ÿĀÿÿÿĀÿ
ÿĀü,1832,ĀýÿĀ,15240,ÿĀüĀ
ĀýÿĀ,285,ĝ,15241,ĀýÿĀĝ
ĝ,306,Ĳ,15242,ĝĲ
Ĳ,251,û,15243,Ĳû
û,3064,ĊĦ,15244,ûĊ
ĊĦ,247,÷,15245,ĊĦ÷
÷,810,ôî,15246,÷ô
ôî,245,õ,15247,ôîõ
õ,1708,òĄ,15248,õò
òĄ,3031,ćý,15249,òĄć
ćý,247,÷,15250,ćý÷
÷,5760,ċù,15251,÷ċ
ċù,1198,Ąþ,15252,ċùĄ
Ąþ,949,úĀ,15253,Ąþú
úĀ,2308,ĂĀÿ,15254,úĀĂ
ĂĀÿ,6012,üĀÿÿ,15255,ĂĀÿü
üĀÿÿ,13313,ĀüĆ,15256,üĀÿÿĀ
ĀüĆ,270,Ď,15257,ĀüĆĎ
Ď,4692,ĵĀ,15258,Ďĵ
ĵĀ,13325,āÿþþÿÿ,15259,ĵĀā
āÿþþÿÿ,13828,þÿāÿþ,15260,āÿþþÿÿþ
þÿāÿþ,2364,ĀþĀÿþÿĀ,15261,þÿāÿþĀ
ĀþĀÿþÿĀ,518,ÿÿÿÿÿÿÿ,15262,ĀþĀÿþÿĀÿ
ÿÿÿÿÿÿÿ,736,āþþ,15263,ÿÿÿÿÿÿÿā
āþþ,8490,ýÿĂ,15264,āþþý
ýÿĂ,245,õ,15265,ýÿĂõ
õ,235,ë,15266,õë
ë,214,Ö,15267,ëÖ
Ö,13497,ĻŁ,15268,ÖĻ
ĻŁ,6483,Ćāÿ,15269,ĻŁĆ
Ćāÿ,5084,ÿÿÿĀþÿÿÿ,15270,Ćāÿÿ
ÿÿÿĀþÿÿÿ,6701,ÿÿÿĀÿÿÿÿÿÿÿ,15271,ÿÿÿĀþÿÿÿÿ
ÿÿÿĀÿÿÿÿÿÿÿ,14163,ÿÿÿÿÿÿÿÿÿÿÿÿþÿÿÿ,15272,ÿÿÿĀÿÿÿÿÿÿÿÿ
ÿÿÿÿÿÿÿÿÿÿÿÿþÿÿÿ,14976,ÿÿÿÿÿÿÿĀþÿ,15273,ÿÿÿÿÿÿÿÿÿÿÿÿþÿÿÿÿ
ÿÿÿÿÿÿÿĀþÿ,8676,ĀÿÿþÿÿÿĀ,15274,ÿÿÿÿÿÿÿĀþÿĀ
ĀÿÿþÿÿÿĀ,3408,ÿÿþÿÿĀ,15275,ĀÿÿþÿÿÿĀÿ
ÿÿþÿÿĀ,779,ÿÿÿÿÿÿÿÿÿÿÿÿÿÿÿÿÿÿÿÿÿÿÿÿÿÿÿÿÿÿÿ,15276,ÿÿþÿÿĀÿ
ÿÿÿÿÿÿÿÿÿÿÿÿÿÿÿÿÿÿÿÿÿÿÿÿÿÿÿÿÿÿÿ,6145,ýÿĀĀ,15277,ÿÿÿÿÿÿÿÿÿÿÿÿÿÿÿÿÿÿÿÿÿÿÿÿÿÿÿÿÿÿÿý
ýÿĀĀ,9413,ÿþÿÿÿÿÿÿÿ,15278,ýÿĀĀÿ
ÿþÿÿÿÿÿÿÿ,7808,ÿÿÿÿþÿĀ,15279,ÿþÿÿÿÿÿÿÿÿ
ÿÿÿÿþÿĀ,11235,ûĂĀ,15280,ÿÿÿÿþÿĀû
ûĂĀ,1289,ÿÿú,15281,ûĂĀÿ
ÿÿú,248,ø,15282,ÿÿúø
ø,189,½,15283,ø½
½,193,Á,15284,½Á
Á,301,ĭ,15285,Áĭ
ĭ,12557,ěÿ,15286,ĭě
ěÿ,13056,ÿĀþĀþĀþ,15287,ěÿÿ
ÿĀþĀþĀþ,6935,ÿÿÿĀÿÿÿÿÿþ,15288,ÿĀþĀþĀþÿ
ÿÿÿĀÿÿÿÿÿþ,15035,ÿÿĀÿþÿÿÿ,15289,ÿÿÿĀÿÿÿÿÿþÿ
ÿÿĀÿþÿÿÿ,10605,ÿÿÿÿÿÿĀÿÿ,15290,ÿÿĀÿþÿÿÿÿ
ÿÿÿÿÿÿĀÿÿ,2471,üĂü,15291,ÿÿÿÿÿÿĀÿÿü
üĂü,11061,āð,15292,üĂüā
āð,208,Ð,15293,āðÐ
Ð,197,Å,15294,ÐÅ
Å,226,â,15295,Åâ
â,3223,ùĄ,15296,âù
ùĄ,1411,üÿă,15297,ùĄü
üÿă,9754,úÿĀ,15298,üÿăú
úÿĀ,15291,ÿÿÿÿÿÿĀÿÿü,15299,úÿĀÿ
ÿÿÿÿÿÿĀÿÿü,2012,ÿă,15300,ÿÿÿÿÿÿĀÿÿüÿ
ÿă,303,į,15301,ÿăį
į,289,ġ,15302,įġ
ġ,248,ø,15303,ġø
ø,281,ę,15304,øę
ę,273,đ,15305,ęđ
đ,238,î,15306,đî
î,1003,òñ,15307,îò
òñ,5761,ùÿĂ,15308,òñù
ùÿĂ,9714,ĂĀā,15309,ùÿĂĂ
ĂĀā,1025,üĀý,15310,ĂĀāü
üĀý,5678,Āāý,15311,üĀýĀ
Āāý,2241,þāĀü,15312,Āāýþ
þāĀü,11879,ÿĂý,15313,þāĀüÿ
ÿĂý,5486,þąĂ,15314,ÿĂýþ
þąĂ,307,ĳ,15315,þąĂĳ
ĳ,10971,ēú,15316,ĳē
ēú,1180,āþÿþ,15317,ēúā
āþÿþ,7991,āĀýÿÿ,15318,āþÿþā
āĀýÿÿ,10009,ĀþÿÿĀÿþÿ,15319,āĀýÿÿĀ
ĀþÿÿĀÿþÿ,11770,ĀþĀÿÿÿÿÿ,15320,ĀþÿÿĀÿþÿĀ
ĀþĀÿÿÿÿÿ,10965,þÿĀýā,15321,ĀþĀÿÿÿÿÿþ
þÿĀýā,254,þ,15322,þÿĀýāþ
þ,3253,ÞÓ,15323,þÞ
ÞÓ,329,ŉ,15324,ÞÓŉ
ŉ,6035,ļĄ,15325,ŉļ
ļĄ,11708,Ăÿýā,15326,ļĄĂ
Ăÿýā,1740,ÿÿÿÿĀþÿÿ,15327,Ăÿýāÿ
ÿÿÿÿĀþÿÿ,3484,ÿĀÿÿÿÿÿÿÿÿÿÿÿÿÿÿÿ,15328,ÿÿÿÿĀþÿÿÿ
ÿĀÿÿÿÿÿÿÿÿÿÿÿÿÿÿÿ,1424,þÿÿÿÿÿÿÿÿÿÿ,15329,ÿĀÿÿÿÿÿÿÿÿÿÿÿÿÿÿÿþ
þÿÿÿÿÿÿÿÿÿÿ,12070,þĀþĀÿÿÿÿ,15330,þÿÿÿÿÿÿÿÿÿÿþ
þĀþĀÿÿÿÿ,5046,ÿĀÿþÿÿÿ,15331,þĀþĀÿÿÿÿÿ
ÿĀÿþÿÿÿ,10161,ĀÿþÿÿÿĀÿ,15332,ÿĀÿþÿÿÿĀ
ĀÿþÿÿÿĀÿ,14980,ÿÿÿÿÿÿÿÿÿÿÿÿÿÿÿÿÿÿÿÿÿÿÿÿÿÿÿÿÿÿþÿ,15333,ĀÿþÿÿÿĀÿÿ
ÿÿÿÿÿÿÿÿÿÿÿÿÿÿÿÿÿÿÿÿÿÿÿÿÿÿÿÿÿÿþÿ,882,Āÿÿÿÿÿÿÿÿÿÿÿÿ,15334,ÿÿÿÿÿÿÿÿÿÿÿÿÿÿÿÿÿÿÿÿÿÿÿÿÿÿÿÿÿÿþÿĀ
Āÿÿÿÿÿÿÿÿÿÿÿÿ,13769,þÿÿĀÿþÿÿ,15335,Āÿÿÿÿÿÿÿÿÿÿÿÿþ
þÿÿĀÿþÿÿ,704,ÿþÿý,15336,þÿÿĀÿþÿÿÿ
ÿþÿý,250,ú,15337,ÿþÿýú
ú,188,¼,15338,ú¼
¼,192,À,15339,¼À
À,290,Ģ,15340,ÀĢ
Ģ,7033,ĢĄ,15341,ĢĢ
ĢĄ,4865,ûĀý,15342,ĢĄû
ûĀý,10642,ÿăÿ,15343,ûĀýÿ
ÿăÿ,14772,ýĀÿþĀ,15344,ÿăÿý
ýĀÿþĀ,14639,þĀÿÿÿÿÿÿÿ,15345,ýĀÿþĀþ
þĀÿÿÿÿÿÿÿ,12548,ÿÿþÿÿÿÿÿÿ,15346,þĀÿÿÿÿÿÿÿÿ
ÿÿþÿÿÿÿÿÿ,6715,Āÿÿü,15347,ÿÿþÿÿÿÿÿÿĀ
Āÿÿü,1035,Ąý,15348,ĀÿÿüĄ
Ąý,2168,úć,15349,Ąýú
úć,250,ú,15350,úćú
ú,13136,åÎ,15351,úå
åÎ,195,Ã,15352,åÎÃ
Ã,11553,ïþ,15353,Ãï
ïþ,9872,ĀþĀþÿÿ,15354,ïþĀ
ĀþĀþÿÿ,7922,ÿÿĀþÿÿĀþ,15355,ĀþĀþÿÿÿ
ÿÿĀþÿÿĀþ,522,ÿÿþ,15356,ÿÿĀþÿÿĀþÿ
ÿÿþ,268,Č,15357,ÿÿþČ
Č,9660,ļą,15358,Čļ
ļą,255,ÿ,15359,ļąÿ
ÿ,284,Ĝ,15360,ÿĜ
Ĝ,7837,úí,15361,Ĝú
úí,5663,ö÷,15362,úíö
ö÷,711,āĀ,15363,ö÷ā
āĀ,2911,Ćÿ,15364,āĀĆ
Ćÿ,14982,ÿÿÿÿÿÿþþā,15365,Ćÿÿ
ÿÿÿÿÿÿþþā,4354,āýý,15366,ÿÿÿÿÿÿþþāā
āýý,1271,ĀĀÿþ,15367,āýýĀ
ĀĀÿþ,3619,ąğ,15368,ĀĀÿþą
ąğ,10510,Ĩü,15369,ąğĨ
Ĩü,4723,ăø,15370,Ĩüă
ăø,1183,ăÿÿ,15371,ăøă
ăÿÿ,3457,þĀÿÿÿÿÿ,15372,ăÿÿþ
þĀÿÿÿÿÿ,2313,þÿĀþÿÿ,15373,þĀÿÿÿÿÿþ
þÿĀþÿÿ,9738,ăö,15374,þÿĀþÿÿă
ăö,10891,ĄĀþ,15375,ăöĄ
ĄĀþ,1432,āýÿ,15376,ĄĀþā
āýÿ,13916,þĀĀþü,15377,āýÿþ
þĀĀþü,210,Ò,15378,þĀĀþüÒ
Ò,233,é,15379,Òé
é,332,Ō,15380,éŌ
Ō,6777,Ĵă,15381,ŌĴ
Ĵă,5227,Āāÿÿÿ,15382,ĴăĀ
Āāÿÿÿ,15142,þÿĀÿÿþÿ,15383,Āāÿÿÿþ
þÿĀÿÿþÿ,14521,Āÿÿÿÿÿÿÿÿÿÿÿÿÿÿÿÿÿÿÿÿÿÿÿÿÿ,15384,þÿĀÿÿþÿĀ
Āÿÿÿÿÿÿÿÿÿÿÿÿÿÿÿÿÿÿÿÿÿÿÿÿÿ,7886,ÿÿÿþĀþ,15385,Āÿÿÿÿÿÿÿÿÿÿÿÿÿÿÿÿÿÿÿÿÿÿÿÿÿÿ
ÿÿÿþĀþ,15385,Āÿÿÿÿÿÿÿÿÿÿÿÿÿÿÿÿÿÿÿÿÿÿÿÿÿÿ,15386,ÿÿÿþĀþĀ
Āÿÿÿÿÿÿÿÿÿÿÿÿÿÿÿÿÿÿÿÿÿÿÿÿÿÿ,1101,ÿÿÿÿÿÿÿÿÿÿÿÿÿÿÿÿÿÿÿÿÿÿÿÿÿÿÿÿÿÿÿÿÿÿÿÿÿÿ,15387,Āÿÿÿÿÿÿÿÿÿÿÿÿÿÿÿÿÿÿÿÿÿÿÿÿÿÿÿ
ÿÿÿÿÿÿÿÿÿÿÿÿÿÿÿÿÿÿÿÿÿÿÿÿÿÿÿÿÿÿÿÿÿÿÿÿÿÿ,10654,þÿþĀÿþ,15388,ÿÿÿÿÿÿÿÿÿÿÿÿÿÿÿÿÿÿÿÿÿÿÿÿÿÿÿÿÿÿÿÿÿÿÿÿÿÿþ
þÿþĀÿþ,4327,ĀÿÿþÿĀ,15389,þÿþĀÿþĀ
ĀÿÿþÿĀ,1681,üú,15390,ĀÿÿþÿĀü
üú,198,Æ,15391,üúÆ
Æ,181,µ,15392,Æµ
µ,285,ĝ,15393,µĝ
ĝ,6611,Ĩā,15394,ĝĨ
Ĩā,3407,Āāÿ,15395,ĨāĀ
Āāÿ,4127,þüĀÿ,15396,Āāÿþ
þüĀÿ,4068,ÿÿÿĀÿþÿ,15397,þüĀÿÿ
ÿÿÿĀÿþÿ,13614,Āÿÿÿÿÿÿþÿ,15398,ÿÿÿĀÿþÿĀ
Āÿÿÿÿÿÿþÿ,2260,ĀÿþĀÿþ,15399,ĀÿÿÿÿÿÿþÿĀ
ĀÿþĀÿþ,6579,ĀĀû,15400,ĀÿþĀÿþĀ
ĀĀû,8212,ĂĀü,15401,ĀĀûĂ
ĂĀü,2666,āĀü,15402,ĂĀüā
āĀü,214,Ö,15403,āĀüÖ
Ö,208,Ð,15404,ÖÐ
Ð,196,Ä,15405,ÐÄ
Ä,744,ýú,15406,Äý
ýú,14463,Ąûā,15407,ýúĄ
Ąûā,8555,þÿÿÿĀþÿÿĀ,15408,Ąûāþ
þÿÿÿĀþÿÿĀ,660,ÿÿÿþ,15409,þÿÿÿĀþÿÿĀÿ
ÿÿÿþ,283,ě,15410,ÿÿÿþě
ě,304,İ,15411,ěİ
İ,1152,Āā,15412,İĀ
Āā,274,Ē,15413,ĀāĒ
Ē,8613,õó,15414,Ēõ
õó,1853,úü,15415,õóú
úü,2928,ăāĂ,15416,úüă
ăāĂ,10822,ÿÿÿÿþĀþĀ,15417,ăāĂÿ
ÿÿÿÿþĀþĀ,5638,þþāý,15418,ÿÿÿÿþĀþĀþ
þþāý,760,Ăā,15419,þþāýĂ
Ăā,5223,øĆ,15420,Ăāø
øĆ,254,þ,15421,øĆþ
þ,275,ē,15422,þē
ē,308,Ĵ,15423,ēĴ
Ĵ,8762,ýăüā,15424,Ĵý
ýăüā,13541,þÿĀÿÿþ,15425,ýăüāþ
þÿĀÿÿþ,4669,ĀÿÿÿÿþĀ,15426,þÿĀÿÿþĀ
ĀÿÿÿÿþĀ,9098,þÿÿü,15427,ĀÿÿÿÿþĀþ
þÿÿü,2808,ćû,15428,þÿÿüć
ćû,5230,ÿûþ,15429,ćûÿ
ÿûþ,264,Ĉ,15430,ÿûþĈ
Ĉ,1566,øā,15431,Ĉø
øā,2588,ÿÿ÷,15432,øāÿ
ÿÿ÷,206,Î,15433,ÿÿ÷Î
Î,248,ø,15434,Îø
ø,342,Ŗ,15435,øŖ
Ŗ,4435,ģĄ,15436,Ŗģ
ģĄ,12138,Ăÿÿÿÿÿÿ,15437,ģĄĂ
Ăÿÿÿÿÿÿ,1957,ÿÿÿÿÿÿÿÿÿÿÿÿÿÿÿÿÿÿÿÿÿÿÿÿÿÿÿÿÿÿÿÿÿÿÿÿÿÿÿÿÿÿÿÿÿ,15438,Ăÿÿÿÿÿÿÿ
ÿÿÿÿÿÿÿÿÿÿÿÿÿÿÿÿÿÿÿÿÿÿÿÿÿÿÿÿÿÿÿÿÿÿÿÿÿÿÿÿÿÿÿÿÿ,15439,ÿÿÿÿÿÿÿÿÿÿÿÿÿÿÿÿÿÿÿÿÿÿÿÿÿÿÿÿÿÿÿÿÿÿÿÿÿÿÿÿÿÿÿÿÿÿ,15439,ÿÿÿÿÿÿÿÿÿÿÿÿÿÿÿÿÿÿÿÿÿÿÿÿÿÿÿÿÿÿÿÿÿÿÿÿÿÿÿÿÿÿÿÿÿÿ
ÿÿÿÿÿÿÿÿÿÿÿÿÿÿÿÿÿÿÿÿÿÿÿÿÿÿÿÿÿÿÿÿÿÿÿÿÿÿÿÿÿÿÿÿÿÿ,15216,ÿÿÿÿÿÿÿÿÿÿÿÿþÿþ,15440,ÿÿÿÿÿÿÿÿÿÿÿÿÿÿÿÿÿÿÿÿÿÿÿÿÿÿÿÿÿÿÿÿÿÿÿÿÿÿÿÿÿÿÿÿÿÿÿ
ÿÿÿÿÿÿÿÿÿÿÿÿþÿþ,14785,ĀÿþÿĀÿ,15441,ÿÿÿÿÿÿÿÿÿÿÿÿþÿþĀ
ĀÿþÿĀÿ,4112,ÿþþā,15442,ĀÿþÿĀÿÿ
ÿþþā,1659,üû,15443,ÿþþāü
üû,220,Ü,15444,üûÜ
Ü,161,¡,15445,Ü¡
¡,269,č,15446,¡č
č,308,Ĵ,15447,čĴ
Ĵ,2674,Ąøă,15448,ĴĄ
Ąøă,10127,ýăý,15449,Ąøăý
ýăý,12456,ĀÿÿÿÿÿÿĀ,15450,ýăýĀ
ĀÿÿÿÿÿÿĀ,6623,þÿĀÿÿÿþ,15451,ĀÿÿÿÿÿÿĀþ
þÿĀÿÿÿþ,639,Āþÿÿÿÿÿ,15452,þÿĀÿÿÿþĀ
Āþÿÿÿÿÿ,11254,ĀþÿþĀā,15453,ĀþÿÿÿÿÿĀ
ĀþÿþĀā,9650,Āúÿ,15454,ĀþÿþĀāĀ
Āúÿ,4144,Ąô,15455,ĀúÿĄ
Ąô,207,Ï,15456,ĄôÏ
Ï,15235,ÎÎ,15457,ÏÎ
ÎÎ,14418,ăüĀ,15458,ÎÎă
ăüĀ,15060,þÿþĀÿÿÿ,15459,ăüĀþ
þÿþĀÿÿÿ,12879,ÿþāÿþ,15460,þÿþĀÿÿÿÿ
ÿþāÿþ,710,ÿā,15461,ÿþāÿþÿ
ÿā,303,į,15462,ÿāį
į,1671,ĝþ,15463,įĝ
ĝþ,10685,Āăõ,15464,ĝþĀ
Āăõ,9754,úÿĀ,15465,Āăõú
úÿĀ,5073,ąāÿ,15466,úÿĀą
ąāÿ,5325,ÿþĀÿÿÿÿ,15467,ąāÿÿ
ÿþĀÿÿÿÿ,1095,þĂ,15468,ÿþĀÿÿÿÿþ
þĂ,9706,ùāĀ,15469,þĂù
ùāĀ,12948,ýăĀ,15470,ùāĀý
ýăĀ,13857,þĈ,15471,ýăĀþ
þĈ,312,ĸ,15472,þĈĸ
ĸ,3727,ćĀÿ,15473,ĸć
ćĀÿ,8642,ĀýÿÿĀþ,15474,ćĀÿĀ
ĀýÿÿĀþ,7050,Āÿÿþÿÿÿ,15475,ĀýÿÿĀþĀ
Āÿÿþÿÿÿ,4973,ÿÿÿÿÿþĀĀ,15476,Āÿÿþÿÿÿÿ
ÿÿÿÿÿþĀĀ,14053,þĀĀý,15477,ÿÿÿÿÿþĀĀþ
þĀĀý,7164,Ăýü,15478,þĀĀýĂ
Ăýü,2945,ñÏ,15479,Ăýüñ
ñÏ,263,ć,15480,ñÏć
ć,349,ŝ,15481,ćŝ
ŝ,279,ė,15482,ŝė
ė,3644,ĂĀĀÿ,15483,ėĂ
ĂĀĀÿ,15440,ÿÿÿÿÿÿÿÿÿÿÿÿÿÿÿÿÿÿÿÿÿÿÿÿÿÿÿÿÿÿÿÿÿÿÿÿÿÿÿÿÿÿÿÿÿÿÿ,15484,ĂĀĀÿÿ
ÿÿÿÿÿÿÿÿÿÿÿÿÿÿÿÿÿÿÿÿÿÿÿÿÿÿÿÿÿÿÿÿÿÿÿÿÿÿÿÿÿÿÿÿÿÿÿ,15485,ÿÿÿÿÿÿÿÿÿÿÿÿÿÿÿÿÿÿÿÿÿÿÿÿÿÿÿÿÿÿÿÿÿÿÿÿÿÿÿÿÿÿÿÿÿÿÿÿ,15485,ÿÿÿÿÿÿÿÿÿÿÿÿÿÿÿÿÿÿÿÿÿÿÿÿÿÿÿÿÿÿÿÿÿÿÿÿÿÿÿÿÿÿÿÿÿÿÿÿ
ÿÿÿÿÿÿÿÿÿÿÿÿÿÿÿÿÿÿÿÿÿÿÿÿÿÿÿÿÿÿÿÿÿÿÿÿÿÿÿÿÿÿÿÿÿÿÿÿ,6055,ÿÿÿÿÿÿÿÿÿÿÿÿÿþÿÿ,15486,ÿÿÿÿÿÿÿÿÿÿÿÿÿÿÿÿÿÿÿÿÿÿÿÿÿÿÿÿÿÿÿÿÿÿÿÿÿÿÿÿÿÿÿÿÿÿÿÿÿ
ÿÿÿÿÿÿÿÿÿÿÿÿÿþÿÿ,3408,ÿÿþÿÿĀ,15487,ÿÿÿÿÿÿÿÿÿÿÿÿÿþÿÿÿ
ÿÿþÿÿĀ,11588,üĂýā,15488,ÿÿþÿÿĀü
üĂýā,2633,þûû,15489,üĂýāþ
þûû,232,è,15490,þûûè
è,165,¥,15491,è¥
¥,247,÷,15492,¥÷
÷,301,ĭ,15493,÷ĭ
ĭ,281,ę,15494,ĭę
ę,1564,öā,15495,ęö
öā,2669,ÿĀýÿ,15496,öāÿ
ÿĀýÿ,11976,ÿĀþÿÿÿĀ,15497,ÿĀýÿÿ
ÿĀþÿÿÿĀ,14020,þĀÿÿÿþĀ,15498,ÿĀþÿÿÿĀþ
þĀÿÿÿþĀ,1958,ÿþÿÿÿĀþ,15499,þĀÿÿÿþĀÿ
ÿþÿÿÿĀþ,3792,Āüă,15500,ÿþÿÿÿĀþĀ
Āüă,1098,ýÿā,15501,Āüăý
ýÿā,702,ýü,15502,ýÿāý
ýü,1243,āă,15503,ýüā
āă,233,é,15504,āăé
é,210,Ò,15505,éÒ
Ò,6874,ËÛ,15506,ÒË
ËÛ,13711,āûĀ,15507,ËÛā
āûĀ,5325,ÿþĀÿÿÿÿ,15508,āûĀÿ
ÿþĀÿÿÿÿ,1834,ÿĀÿþÿ,15509,ÿþĀÿÿÿÿÿ
ÿĀÿþÿ,262,Ć,15510,ÿĀÿþÿĆ
Ć,317,Ľ,15511,ĆĽ
Ľ,5744,ċû,15512,Ľċ
ċû,14615,ÿüù,15513,ċûÿ
ÿüù,3880,ĀāĀ,15514,ÿüùĀ
ĀāĀ,7617,ąþÿ,15515,ĀāĀą
ąþÿ,2239,ÿĀÿÿÿþÿ,15516,ąþÿÿ
ÿĀÿÿÿþÿ,5336,āþýÿ,15517,ÿĀÿÿÿþÿā
āþýÿ,11887,ĀÿþĂ,15518,āþýÿĀ
ĀÿþĂ,260,Ą,15519,ĀÿþĂĄ
Ą,305,ı,15520,Ąı
ı,274,Ē,15521,ıĒ
Ē,1784,ûĄ,15522,Ēû
ûĄ,2093,ýą,15523,ûĄý
ýą,15432,øāÿ,15524,ýąø
øāÿ,7047,ÿÿĀþĀþ,15525,øāÿÿ
ÿÿĀþĀþ,1541,ÿÿÿÿÿÿÿĀÿ,15526,ÿÿĀþĀþÿ
ÿÿÿÿÿÿÿĀÿ,3704,ûą,15527,ÿÿÿÿÿÿÿĀÿû
ûą,2004,üýĄ,15528,ûąü
üýĄ,5634,ûāþ,15529,üýĄû
ûāþ,229,å,15530,ûāþå
å,209,Ñ,15531,åÑ
Ñ,290,Ģ,15532,ÑĢ
Ģ,6304,Ŗċ,15533,ĢŖ
Ŗċ,2042,ĂÿĀĀ,15534,ŖċĂ
ĂÿĀĀ,15486,ÿÿÿÿÿÿÿÿÿÿÿÿÿÿÿÿÿÿÿÿÿÿÿÿÿÿÿÿÿÿÿÿÿÿÿÿÿÿÿÿÿÿÿÿÿÿÿÿÿ,15535,ĂÿĀĀÿ
ÿÿÿÿÿÿÿÿÿÿÿÿÿÿÿÿÿÿÿÿÿÿÿÿÿÿÿÿÿÿÿÿÿÿÿÿÿÿÿÿÿÿÿÿÿÿÿÿÿ,15536,ÿÿÿÿÿÿÿÿÿÿÿÿÿÿÿÿÿÿÿÿÿÿÿÿÿÿÿÿÿÿÿÿÿÿÿÿÿÿÿÿÿÿÿÿÿÿÿÿÿÿ,15536,ÿÿÿÿÿÿÿÿÿÿÿÿÿÿÿÿÿÿÿÿÿÿÿÿÿÿÿÿÿÿÿÿÿÿÿÿÿÿÿÿÿÿÿÿÿÿÿÿÿÿ
ÿÿÿÿÿÿÿÿÿÿÿÿÿÿÿÿÿÿÿÿÿÿÿÿÿÿÿÿÿÿÿÿÿÿÿÿÿÿÿÿÿÿÿÿÿÿÿÿÿÿ,15109,ÿÿÿÿÿÿÿÿÿÿþÿÿÿÿ,15537,ÿÿÿÿÿÿÿÿÿÿÿÿÿÿÿÿÿÿÿÿÿÿÿÿÿÿÿÿÿÿÿÿÿÿÿÿÿÿÿÿÿÿÿÿÿÿÿÿÿÿÿ
ÿÿÿÿÿÿÿÿÿÿþÿÿÿÿ,3457,þĀÿÿÿÿÿ,15538,ÿÿÿÿÿÿÿÿÿÿþÿÿÿÿþ
þĀÿÿÿÿÿ,8490,ýÿĂ,15539,þĀÿÿÿÿÿý
ýÿĂ,1199,þü,15540,ýÿĂþ
þü,239,ï,15541,þüï
ï,170,ª,15542,ïª
ª,221,Ý,15543,ªÝ
Ý,14149,īě,15544,Ýī
īě,3525,ÿĀû,15545,īěÿ
ÿĀû,12479,ăþÿÿÿÿ,15546,ÿĀûă
ăþÿÿÿÿ,4175,ÿÿÿÿĀÿÿÿÿ,15547,ăþÿÿÿÿÿ
ÿÿÿÿĀÿÿÿÿ,2414,þÿÿĀÿþĀÿ,15548,ÿÿÿÿĀÿÿÿÿþ
þÿÿĀÿþĀÿ,2155,ÿĀþþ,15549,þÿÿĀÿþĀÿÿ
ÿĀþþ,2401,üĂĂ,15550,ÿĀþþü
üĂĂ,5086,ÿüĀÿ,15551,üĂĂÿ
ÿüĀÿ,5366,áÕ,15552,ÿüĀÿá
áÕ,198,Æ,15553,áÕÆ
Æ,4257,æÿ,15554,Ææ
æÿ,14721,ĀýÿĀÿ,15555,æÿĀ
ĀýÿĀÿ,854,ÿþĀÿÿ,15556,ĀýÿĀÿÿ
ÿþĀÿÿ,531,Āþÿ,15557,ÿþĀÿÿĀ
Āþÿ,273,đ,15558,Āþÿđ
đ,316,ļ,15559,đļ
ļ,11475,Āüÿ,15560,ļĀ
Āüÿ,1853,úü,15561,Āüÿú
úü,872,Ąāÿ,15562,úüĄ
Ąāÿ,14544,ĂýÿĀ,15563,ĄāÿĂ
ĂýÿĀ,9273,þĀÿÿÿÿþ,15564,ĂýÿĀþ
þĀÿÿÿÿþ,7958,ûĈ,15565,þĀÿÿÿÿþû
ûĈ,1385,úý,15566,ûĈú
úý,10712,ĆûĀ,15567,úýĆ
ĆûĀ,296,Ĩ,15568,ĆûĀĨ
Ĩ,14821,ĥõ,15569,Ĩĥ
ĥõ,1286,Ćþ,15570,ĥõĆ
Ćþ,13500,þĀÿÿþÿ,15571,Ćþþ
þĀÿÿþÿ,10555,ÿĀÿÿÿþÿÿþ,15572,þĀÿÿþÿÿ
ÿĀÿÿÿþÿÿþ,8997,āÿþÿÿ,15573,ÿĀÿÿÿþÿÿþā
āÿþÿÿ,13092,ă÷,15574,āÿþÿÿă
ă÷,12950,ĂĂý,15575,ă÷Ă
ĂĂý,1346,āû,15576,ĂĂýā
āû,3733,ÕÝ,15577,āûÕ
ÕÝ,325,Ņ,15578,ÕÝŅ
Ņ,321,Ł,15579,ŅŁ
Ł,3573,Āą,15580,ŁĀ
Āą,14215,þÿāĀ,15581,Āąþ
þÿāĀ,15537,ÿÿÿÿÿÿÿÿÿÿÿÿÿÿÿÿÿÿÿÿÿÿÿÿÿÿÿÿÿÿÿÿÿÿÿÿÿÿÿÿÿÿÿÿÿÿÿÿÿÿÿ,15582,þÿāĀÿ
ÿÿÿÿÿÿÿÿÿÿÿÿÿÿÿÿÿÿÿÿÿÿÿÿÿÿÿÿÿÿÿÿÿÿÿÿÿÿÿÿÿÿÿÿÿÿÿÿÿÿÿ,15583,ÿÿÿÿÿÿÿÿÿÿÿÿÿÿÿÿÿÿÿÿÿÿÿÿÿÿÿÿÿÿÿÿÿÿÿÿÿÿÿÿÿÿÿÿÿÿÿÿÿÿÿÿ,15583,ÿÿÿÿÿÿÿÿÿÿÿÿÿÿÿÿÿÿÿÿÿÿÿÿÿÿÿÿÿÿÿÿÿÿÿÿÿÿÿÿÿÿÿÿÿÿÿÿÿÿÿÿ
ÿÿÿÿÿÿÿÿÿÿÿÿÿÿÿÿÿÿÿÿÿÿÿÿÿÿÿÿÿÿÿÿÿÿÿÿÿÿÿÿÿÿÿÿÿÿÿÿÿÿÿÿ,12810,ÿÿÿÿÿÿÿþÿÿÿÿÿ,15584,ÿÿÿÿÿÿÿÿÿÿÿÿÿÿÿÿÿÿÿÿÿÿÿÿÿÿÿÿÿÿÿÿÿÿÿÿÿÿÿÿÿÿÿÿÿÿÿÿÿÿÿÿÿ
ÿÿÿÿÿÿÿþÿÿÿÿÿ,2068,ÿÿÿÿÿÿþþ,15585,ÿÿÿÿÿÿÿþÿÿÿÿÿÿ
ÿÿÿÿÿÿþþ,1336,Āþý,15586,ÿÿÿÿÿÿþþĀ
Āþý,245,õ,15587,Āþýõ
õ,192,À,15588,õÀ
À,194,Â,15589,ÀÂ
Â,283,ě,15590,Âě
ě,7169,Ħă,15591,ěĦ
Ħă,14299,Ăýÿÿÿÿ,15592,ĦăĂ
Ăýÿÿÿÿ,14916,ÿÿÿÿÿÿÿĀÿþÿ,15593,Ăýÿÿÿÿÿ
ÿÿÿÿÿÿÿĀÿþÿ,13133,ĀÿÿÿþĀþ,15594,ÿÿÿÿÿÿÿĀÿþÿĀ
ĀÿÿÿþĀþ,6740,ĀĀýā,15595,ĀÿÿÿþĀþĀ
ĀĀýā,5804,ÿûĀ,15596,ĀĀýāÿ
ÿûĀ,13180,Ăþüā,15597,ÿûĀĂ
Ăþüā,255,ÿ,15598,Ăþüāÿ
ÿ,217,Ù,15599,ÿÙ
Ù,215,×,15600,Ù×
×,194,Â,15601,×Â
Â,13864,ôû,15602,Âô
ôû,12871,ÿÿĀÿÿþĀ,15603,ôûÿ
ÿÿĀÿÿþĀ,12921,þĀĀþĀ,15604,ÿÿĀÿÿþĀþ
þĀĀþĀ,288,Ġ,15605,þĀĀþĀĠ
Ġ,302,Į,15606,ĠĮ
Į,3287,üýā,15607,Įü
üýā,4987,üÿāÿ,15608,üýāü
üÿāÿ,5255,ÿāþÿ,15609,üÿāÿÿ
ÿāþÿ,13558,þĀÿþĀÿ,15610,ÿāþÿþ
þĀÿþĀÿ,564,ÿþþ,15611,þĀÿþĀÿÿ
ÿþþ,12178,ăûā,15612,ÿþþă
ăûā,9528,þăĞ,15613,ăûāþ
þăĞ,296,Ĩ,15614,þăĞĨ
Ĩ,8743,ûąû,15615,Ĩû
ûąû,14463,Ąûā,15616,ûąûĄ
Ąûā,7475,ĀþþÿÿĀ,15617,ĄûāĀ
ĀþþÿÿĀ,13000,ÿþĀÿþÿÿ,15618,ĀþþÿÿĀÿ
ÿþĀÿþÿÿ,9509,ÿÿÿÿüă,15619,ÿþĀÿþÿÿÿ
ÿÿÿÿüă,11694,āüý,15620,ÿÿÿÿüăā
āüý,258,Ă,15621,āüýĂ
Ă,236,ì,15622,Ăì
ì,212,Ô,15623,ìÔ
Ô,252,ü,15624,Ôü
ü,341,ŕ,15625,üŕ
ŕ,6380,Ĥā,15626,ŕĤ
Ĥā,959,ĂÿĀ,15627,ĤāĂ
ĂÿĀ,4561,ùĆ,15628,ĂÿĀù
ùĆ,15387,Āÿÿÿÿÿÿÿÿÿÿÿÿÿÿÿÿÿÿÿÿÿÿÿÿÿÿÿ,15629,ùĆĀ
Āÿÿÿÿÿÿÿÿÿÿÿÿÿÿÿÿÿÿÿÿÿÿÿÿÿÿÿ,15584,ÿÿÿÿÿÿÿÿÿÿÿÿÿÿÿÿÿÿÿÿÿÿÿÿÿÿÿÿÿÿÿÿÿÿÿÿÿÿÿÿÿÿÿÿÿÿÿÿÿÿÿÿÿ,15630,Āÿÿÿÿÿÿÿÿÿÿÿÿÿÿÿÿÿÿÿÿÿÿÿÿÿÿÿÿ
ÿÿÿÿÿÿÿÿÿÿÿÿÿÿÿÿÿÿÿÿÿÿÿÿÿÿÿÿÿÿÿÿÿÿÿÿÿÿÿÿÿÿÿÿÿÿÿÿÿÿÿÿÿ,1484,ÿÿÿÿÿÿÿÿÿÿÿÿÿÿÿÿÿÿÿÿÿÿÿÿÿÿÿÿÿþÿ,15631,ÿÿÿÿÿÿÿÿÿÿÿÿÿÿÿÿÿÿÿÿÿÿÿÿÿÿÿÿÿÿÿÿÿÿÿÿÿÿÿÿÿÿÿÿÿÿÿÿÿÿÿÿÿÿ
ÿÿÿÿÿÿÿÿÿÿÿÿÿÿÿÿÿÿÿÿÿÿÿÿÿÿÿÿÿþÿ,6516,þĀĀþÿÿ,15632,ÿÿÿÿÿÿÿÿÿÿÿÿÿÿÿÿÿÿÿÿÿÿÿÿÿÿÿÿÿþÿþ
þĀĀþÿÿ,14587,ÿÿÿýĀĀ,15633,þĀĀþÿÿÿ
ÿÿÿýĀĀ,3595,ÿþĀþý,15634,ÿÿÿýĀĀÿ
ÿþĀþý,252,ü,15635,ÿþĀþýü
ü,215,×,15636,ü×
×,175,¯,15637,×¯
¯,248,ø,15638,¯ø
ø,311,ķ,15639,øķ
ķ,5182,Ċÿ,15640,ķĊ
Ċÿ,12847,ÿĀþĀÿÿ,15641,Ċÿÿ
ÿĀþĀÿÿ,12227,þÿÿÿÿÿĀþÿ,15642,ÿĀþĀÿÿþ
þÿÿÿÿÿĀþÿ,12528,ÿÿÿÿĀÿþĀ,15643,þÿÿÿÿÿĀþÿÿ
ÿÿÿÿĀÿþĀ,1098,ýÿā,15644,ÿÿÿÿĀÿþĀý
ýÿā,9198,āûý,15645,ýÿāā
āûý,14441,ĀāĀĂ,15646,āûýĀ
ĀāĀĂ,1655,ûþ,15647,ĀāĀĂû
ûþ,6594,ÔØ,15648,ûþÔ
ÔØ,199,Ç,15649,ÔØÇ
Ç,2986,ðĀ,15650,Çð
ðĀ,15499,þĀÿÿÿþĀÿ,15651,ðĀþ
þĀÿÿÿþĀÿ,528,ĀþĀ,15652,þĀÿÿÿþĀÿĀ
ĀþĀ,307,ĳ,15653,ĀþĀĳ
ĳ,281,ę,15654,ĳę
ę,2244,ýĀĀý,15655,ęý
ýĀĀý,4414,ÿÿþĀÿĀ,15656,ýĀĀýÿ
ÿÿþĀÿĀ,15549,þÿÿĀÿþĀÿÿ,15657,ÿÿþĀÿĀþ
þÿÿĀÿþĀÿÿ,3171,Ăûā,15658,þÿÿĀÿþĀÿÿĂ
Ăûā,711,āĀ,15659,Ăûāā
āĀ,281,ę,15660,āĀę
ę,296,Ĩ,15661,ęĨ
Ĩ,1198,Ąþ,15662,ĨĄ
Ąþ,4465,ûąý,15663,Ąþû
ûąý,252,ü,15664,ûąýü
ü,264,Ĉ,15665,üĈ
Ĉ,1623,÷Ă,15666,Ĉ÷
÷Ă,10839,þÿĀÿÿÿÿÿ,15667,÷Ăþ
þÿĀÿÿÿÿÿ,686,þÿÿÿĀÿþ,15668,þÿĀÿÿÿÿÿþ
þÿÿÿĀÿþ,2086,āþý,15669,þÿÿÿĀÿþā
āþý,525,þĀ,15670,āþýþ
þĀ,220,Ü,15671,þĀÜ
Ü,223,ß,15672,Üß
ß,284,Ĝ,15673,ßĜ
Ĝ,336,Ő,15674,ĜŐ
Ő,2960,Ĕÿ,15675,ŐĔ
Ĕÿ,8945,Āþā,15676,ĔÿĀ
Āþā,15160,ĀĀÿÿÿÿÿÿÿÿÿ,15677,ĀþāĀ
ĀĀÿÿÿÿÿÿÿÿÿ,15631,ÿÿÿÿÿÿÿÿÿÿÿÿÿÿÿÿÿÿÿÿÿÿÿÿÿÿÿÿÿÿÿÿÿÿÿÿÿÿÿÿÿÿÿÿÿÿÿÿÿÿÿÿÿÿ,15678,ĀĀÿÿÿÿÿÿÿÿÿÿ
ÿÿÿÿÿÿÿÿÿÿÿÿÿÿÿÿÿÿÿÿÿÿÿÿÿÿÿÿÿÿÿÿÿÿÿÿÿÿÿÿÿÿÿÿÿÿÿÿÿÿÿÿÿÿ,15485,ÿÿÿÿÿÿÿÿÿÿÿÿÿÿÿÿÿÿÿÿÿÿÿÿÿÿÿÿÿÿÿÿÿÿÿÿÿÿÿÿÿÿÿÿÿÿÿÿ,15679,ÿÿÿÿÿÿÿÿÿÿÿÿÿÿÿÿÿÿÿÿÿÿÿÿÿÿÿÿÿÿÿÿÿÿÿÿÿÿÿÿÿÿÿÿÿÿÿÿÿÿÿÿÿÿÿ
ÿÿÿÿÿÿÿÿÿÿÿÿÿÿÿÿÿÿÿÿÿÿÿÿÿÿÿÿÿÿÿÿÿÿÿÿÿÿÿÿÿÿÿÿÿÿÿÿ,731,þþÿĀÿ,15680,ÿÿÿÿÿÿÿÿÿÿÿÿÿÿÿÿÿÿÿÿÿÿÿÿÿÿÿÿÿÿÿÿÿÿÿÿÿÿÿÿÿÿÿÿÿÿÿÿþ
þþÿĀÿ,6812,ÿÿÿÿý,15681,þþÿĀÿÿ
ÿÿÿÿý,6398,āþĀÿ,15682,ÿÿÿÿýā
āþĀÿ,12980,ýāþĀþ,15683,āþĀÿý
ýāþĀþ,702,ýü,15684,ýāþĀþý
ýü,236,ì,15685,ýüì
ì,182,¶,15686,ì¶
¶,212,Ô,15687,¶Ô
Ô,296,Ĩ,15688,ÔĨ
Ĩ,7956,ġÿ,15689,Ĩġ
ġÿ,14964,ÿÿĀþÿĀ,15690,ġÿÿ
ÿÿĀþÿĀ,1073,þÿÿÿĀÿÿ,15691,ÿÿĀþÿĀþ
þÿÿÿĀÿÿ,1057,þÿÿĀÿÿÿ,15692,þÿÿÿĀÿÿþ
þÿÿĀÿÿÿ,13896,þÿþĂ,15693,þÿÿĀÿÿÿþ
þÿþĂ,5186,þýĀ,15694,þÿþĂþ
þýĀ,6799,ĀÿÿĀý,15695,þýĀĀ
ĀÿÿĀý,14537,ýăù,15696,ĀÿÿĀýý
ýăù,8216,ÕÓ,15697,ýăùÕ
ÕÓ,3788,Íó,15698,ÕÓÍ
Íó,13500,þĀÿÿþÿ,15699,Íóþ
þĀÿÿþÿ,13683,þĀÿÿā,15700,þĀÿÿþÿþ
þĀÿÿā,318,ľ,15701,þĀÿÿāľ
ľ,12438,čþÿ,15702,ľč
čþÿ,3857,ýĀāý,15703,čþÿý
ýĀāý,5665,þāþþ,15704,ýĀāýþ
þāþþ,1887,ĀĀÿþÿ,15705,þāþþĀ
ĀĀÿþÿ,8797,ĀþĀþþ,15706,ĀĀÿþÿĀ
ĀþĀþþ,13857,þĈ,15707,ĀþĀþþþ
þĈ,251,û,15708,þĈû
û,277,ĕ,15709,ûĕ
ĕ,302,Į,15710,ĕĮ
Į,2094,ąû,15711,Įą
ąû,1155,Ăÿÿ,15712,ąûĂ
Ăÿÿ,6197,þĀû,15713,Ăÿÿþ
þĀû,12405,ĄýÿĀ,15714,þĀûĄ
ĄýÿĀ,15331,þĀþĀÿÿÿÿÿ,15715,ĄýÿĀþ
þĀþĀÿÿÿÿÿ,5480,ÿþĀÿÿþ,15716,þĀþĀÿÿÿÿÿÿ
ÿþĀÿÿþ,11681,Ăò,15717,ÿþĀÿÿþĂ
Ăò,208,Ð,15718,ĂòÐ
Ð,244,ô,15719,Ðô
ô,12604,ŀĻ,15720,ôŀ
ŀĻ,1791,ĆĀĀ,15721,ŀĻĆ
ĆĀĀ,8949,þÿÿþÿā,15722,ĆĀĀþ
þÿÿþÿā,15630,Āÿÿÿÿÿÿÿÿÿÿÿÿÿÿÿÿÿÿÿÿÿÿÿÿÿÿÿÿ,15723,þÿÿþÿāĀ
Āÿÿÿÿÿÿÿÿÿÿÿÿÿÿÿÿÿÿÿÿÿÿÿÿÿÿÿÿ,15679,ÿÿÿÿÿÿÿÿÿÿÿÿÿÿÿÿÿÿÿÿÿÿÿÿÿÿÿÿÿÿÿÿÿÿÿÿÿÿÿÿÿÿÿÿÿÿÿÿÿÿÿÿÿÿÿ,15724,Āÿÿÿÿÿÿÿÿÿÿÿÿÿÿÿÿÿÿÿÿÿÿÿÿÿÿÿÿÿ
ÿÿÿÿÿÿÿÿÿÿÿÿÿÿÿÿÿÿÿÿÿÿÿÿÿÿÿÿÿÿÿÿÿÿÿÿÿÿÿÿÿÿÿÿÿÿÿÿÿÿÿÿÿÿÿ,968,ÿÿÿÿÿÿÿÿÿÿÿÿÿÿÿÿÿÿÿÿÿÿÿÿÿÿÿþ,15725,ÿÿÿÿÿÿÿÿÿÿÿÿÿÿÿÿÿÿÿÿÿÿÿÿÿÿÿÿÿÿÿÿÿÿÿÿÿÿÿÿÿÿÿÿÿÿÿÿÿÿÿÿÿÿÿÿ
ÿÿÿÿÿÿÿÿÿÿÿÿÿÿÿÿÿÿÿÿÿÿÿÿÿÿÿþ,15109,ÿÿÿÿÿÿÿÿÿÿþÿÿÿÿ,15726,ÿÿÿÿÿÿÿÿÿÿÿÿÿÿÿÿÿÿÿÿÿÿÿÿÿÿÿþÿ
ÿÿÿÿÿÿÿÿÿÿþÿÿÿÿ,1361,Āÿÿý,15727,ÿÿÿÿÿÿÿÿÿÿþÿÿÿÿĀ
Āÿÿý,1119,ÿ÷,15728,Āÿÿýÿ
ÿ÷,204,Ì,15729,ÿ÷Ì
Ì,181,µ,15730,Ìµ
µ,265,ĉ,15731,µĉ
ĉ,10443,ĨĔ,15732,ĉĨ
ĨĔ,3204,þýþ,15733,ĨĔþ
þýþ,12588,āÿþĀý,15734,þýþā
āÿþĀý,11428,ÿĀÿÿÿĀþ,15735,āÿþĀýÿ
ÿĀÿÿÿĀþ,6466,ÿĀÿþÿÿĀÿ,15736,ÿĀÿÿÿĀþÿ
ÿĀÿþÿÿĀÿ,12960,þÿĀþÿĀÿ,15737,ÿĀÿþÿÿĀÿþ
þÿĀþÿĀÿ,11475,Āüÿ,15738,þÿĀþÿĀÿĀ
Āüÿ,14710,ăô,15739,Āüÿă
ăô,212,Ô,15740,ăôÔ
Ô,11775,ÚÊ,15741,ÔÚ
ÚÊ,242,ò,15742,ÚÊò
ò,14939,āĀüĀ,15743,òā
āĀüĀ,7853,ĀýĀÿĀ,15744,āĀüĀĀ
ĀýĀÿĀ,260,Ą,15745,ĀýĀÿĀĄ
Ą,318,ľ,15746,Ąľ
ľ,8285,Ĉþā,15747,ľĈ
Ĉþā,15681,þþÿĀÿÿ,15748,Ĉþāþ
þþÿĀÿÿ,12388,ÿÿĀü,15749,þþÿĀÿÿÿ
ÿÿĀü,10835,ĀĀÿāÿ,15750,ÿÿĀüĀ
ĀĀÿāÿ,15297,ùĄü,15751,ĀĀÿāÿù
ùĄü,1243,āă,15752,ùĄüā
āă,281,ę,15753,āăę
ę,294,Ħ,15754,ęĦ
Ħ,4880,Ċú,15755,ĦĊ
Ċú,587,ÿÿÿĀþ,15756,Ċúÿ
ÿÿÿĀþ,12161,ĀÿþĀþÿ,15757,ÿÿÿĀþĀ
ĀÿþĀþÿ,5451,ĀÿýĀþ,15758,ĀÿþĀþÿĀ
ĀÿýĀþ,1936,üą,15759,ĀÿýĀþü
üą,13247,þþĀÿþ,15760,üąþ
þþĀÿþ,1381,ÿāü,15761,þþĀÿþÿ
ÿāü,3334,âÒ,15762,ÿāüâ
âÒ,286,Ğ,15763,âÒĞ
Ğ,334,Ŏ,15764,ĞŎ
Ŏ,3738,ęĂ,15765,Ŏę
ęĂ,3259,ĀĀÿÿÿ,15766,ęĂĀ
ĀĀÿÿÿ,13397,ĀþÿÿĀÿÿÿ,15767,ĀĀÿÿÿĀ
ĀþÿÿĀÿÿÿ,15725,ÿÿÿÿÿÿÿÿÿÿÿÿÿÿÿÿÿÿÿÿÿÿÿÿÿÿÿÿÿÿÿÿÿÿÿÿÿÿÿÿÿÿÿÿÿÿÿÿÿÿÿÿÿÿÿÿ,15768,ĀþÿÿĀÿÿÿÿ
ÿÿÿÿÿÿÿÿÿÿÿÿÿÿÿÿÿÿÿÿÿÿÿÿÿÿÿÿÿÿÿÿÿÿÿÿÿÿÿÿÿÿÿÿÿÿÿÿÿÿÿÿÿÿÿÿ,15584,ÿÿÿÿÿÿÿÿÿÿÿÿÿÿÿÿÿÿÿÿÿÿÿÿÿÿÿÿÿÿÿÿÿÿÿÿÿÿÿÿÿÿÿÿÿÿÿÿÿÿÿÿÿ,15769,ÿÿÿÿÿÿÿÿÿÿÿÿÿÿÿÿÿÿÿÿÿÿÿÿÿÿÿÿÿÿÿÿÿÿÿÿÿÿÿÿÿÿÿÿÿÿÿÿÿÿÿÿÿÿÿÿÿ
ÿÿÿÿÿÿÿÿÿÿÿÿÿÿÿÿÿÿÿÿÿÿÿÿÿÿÿÿÿÿÿÿÿÿÿÿÿÿÿÿÿÿÿÿÿÿÿÿÿÿÿÿÿ,5136,þÿÿÿÿÿÿÿÿþ,15770,ÿÿÿÿÿÿÿÿÿÿÿÿÿÿÿÿÿÿÿÿÿÿÿÿÿÿÿÿÿÿÿÿÿÿÿÿÿÿÿÿÿÿÿÿÿÿÿÿÿÿÿÿÿþ
þÿÿÿÿÿÿÿÿþ,2981,ÿÿÿÿþĀ,15771,þÿÿÿÿÿÿÿÿþÿ
ÿÿÿÿþĀ,1180,āþÿþ,15772,ÿÿÿÿþĀā
āþÿþ,1402,øë,15773,āþÿþø
øë,177,±,15774,øë±
±,12427,âę,15775,±â
âę,298,Ī,15776,âęĪ
Ī,3081,ĂüĀ,15777,ĪĂ
ĂüĀ,1867,üāĀ,15778,ĂüĀü
üāĀ,2863,ýÿĀý,15779,üāĀý
ýÿĀý,11234,ĀĄû,15780,ýÿĀýĀ
ĀĄû,12528,ÿÿÿÿĀÿþĀ,15781,ĀĄûÿ
ÿÿÿÿĀÿþĀ,5990,þĀþÿÿĀ,15782,ÿÿÿÿĀÿþĀþ
þĀþÿÿĀ,710,ÿā,15783,þĀþÿÿĀÿ
ÿā,13838,úąþ,15784,ÿāú
úąþ,2690,úĂ,15785,úąþú
úĂ,243,ó,15786,úĂó
ó,218,Ú,15787,óÚ
Ú,217,Ù,15788,ÚÙ
Ù,2506,Ìï,15789,ÙÌ
Ìï,15318,āþÿþā,15790,Ìïā
āþÿþā,1053,ýĂÿ,15791,āþÿþāý
ýĂÿ,266,Ċ,15792,ýĂÿĊ
Ċ,317,Ľ,15793,ĊĽ
Ľ,12953,Ąûÿ,15794,ĽĄ
Ąûÿ,14880,Āÿÿÿþÿÿÿý,15795,ĄûÿĀ
Āÿÿÿþÿÿÿý,3269,ăă,15796,Āÿÿÿþÿÿÿýă
ăă,12059,úûĂ,15797,ăăú
úûĂ,12878,ăýĀÿ,15798,úûĂă
ăýĀÿ,257,ā,15799,ăýĀÿā
ā,15661,ęĨ,15800,āę
ęĨ,264,Ĉ,15801,ęĨĈ
Ĉ,245,õ,15802,Ĉõ
õ,11912,ćüÿ,15803,õć
ćüÿ,636,ÿÿÿĀþÿ,15804,ćüÿÿ
ÿÿÿĀþÿ,738,ĀÿĀþ,15805,ÿÿÿĀþÿĀ
ĀÿĀþ,3153,þāÿÿ,15806,ĀÿĀþþ
þāÿÿ,1581,Āýÿÿ,15807,þāÿÿĀ
Āýÿÿ,2455,ýþĀ,15808,Āýÿÿý
ýþĀ,258,Ă,15809,ýþĀĂ
Ă,7758,ê×,15810,Ăê
ê×,243,ó,15811,ê×ó
ó,327,Ň,15812,óŇ
Ň,310,Ķ,15813,ŇĶ
Ķ,2642,ąā,15814,Ķą
ąā,1256,āÿÿĀ,15815,ąāā
āÿÿĀ,10537,þÿÿÿÿÿĀÿÿÿÿ,15816,āÿÿĀþ
þÿÿÿÿÿĀÿÿÿÿ,15769,ÿÿÿÿÿÿÿÿÿÿÿÿÿÿÿÿÿÿÿÿÿÿÿÿÿÿÿÿÿÿÿÿÿÿÿÿÿÿÿÿÿÿÿÿÿÿÿÿÿÿÿÿÿÿÿÿÿ,15817,þÿÿÿÿÿĀÿÿÿÿÿ
ÿÿÿÿÿÿÿÿÿÿÿÿÿÿÿÿÿÿÿÿÿÿÿÿÿÿÿÿÿÿÿÿÿÿÿÿÿÿÿÿÿÿÿÿÿÿÿÿÿÿÿÿÿÿÿÿÿ,15680,ÿÿÿÿÿÿÿÿÿÿÿÿÿÿÿÿÿÿÿÿÿÿÿÿÿÿÿÿÿÿÿÿÿÿÿÿÿÿÿÿÿÿÿÿÿÿÿÿþ,15818,ÿÿÿÿÿÿÿÿÿÿÿÿÿÿÿÿÿÿÿÿÿÿÿÿÿÿÿÿÿÿÿÿÿÿÿÿÿÿÿÿÿÿÿÿÿÿÿÿÿÿÿÿÿÿÿÿÿÿ
ÿÿÿÿÿÿÿÿÿÿÿÿÿÿÿÿÿÿÿÿÿÿÿÿÿÿÿÿÿÿÿÿÿÿÿÿÿÿÿÿÿÿÿÿÿÿÿÿþ,15356,ÿÿĀþÿÿĀþÿ,15819,ÿÿÿÿÿÿÿÿÿÿÿÿÿÿÿÿÿÿÿÿÿÿÿÿÿÿÿÿÿÿÿÿÿÿÿÿÿÿÿÿÿÿÿÿÿÿÿÿþÿ
ÿÿĀþÿÿĀþÿ,2817,ÿÿĀþÿþĀ,15820,ÿÿĀþÿÿĀþÿÿ
ÿÿĀþÿþĀ,1058,ÿÿÿþý,15821,ÿÿĀþÿþĀÿ
ÿÿÿþý,1181,þāÿ,15822,ÿÿÿþýþ
þāÿ,248,ø,15823,þāÿø
ø,206,Î,15824,øÎ
Î,184,¸,15825,Î¸
¸,252,ü,15826,¸ü
ü,300,Ĭ,15827,üĬ
Ĭ,1359,đă,15828,Ĭđ
đă,12353,ĂþûĂ,15829,đăĂ
ĂþûĂ,7585,ĀüĀ,15830,ĂþûĂĀ
ĀüĀ,3165,ÿù,15831,ĀüĀÿ
ÿù,5553,ąÿþ,15832,ÿùą
ąÿþ,2750,ĀÿÿÿþÿĀ,15833,ąÿþĀ
ĀÿÿÿþÿĀ,6510,þÿĀÿÿÿÿ,15834,ĀÿÿÿþÿĀþ
þÿĀÿÿÿÿ,933,üĂĀ,15835,þÿĀÿÿÿÿü
üĂĀ,3591,üĂÿ,15836,üĂĀü
üĂÿ,246,ö,15837,üĂÿö
ö,214,Ö,15838,öÖ
Ö,7252,ÛÏ,15839,ÖÛ
ÛÏ,234,ê,15840,ÛÏê
ê,5756,ÿāþý,15841,êÿ
ÿāþý,855,ÿĀþ,15842,ÿāþýÿ
ÿĀþ,269,č,15843,ÿĀþč
č,8829,ľĀ,15844,čľ
ľĀ,11975,āÿþÿþÿ,15845,ľĀā
āÿþÿþÿ,1578,ÿÿÿÿĀþ,15846,āÿþÿþÿÿ
ÿÿÿÿĀþ,2935,ýāĂ,15847,ÿÿÿÿĀþý
ýāĂ,1968,ýýĂ,15848,ýāĂý
ýýĂ,9916,ýĈ,15849,ýýĂý
ýĈ,287,ğ,15850,ýĈğ
ğ,5570,ĠĄ,15851,ğĠ
ĠĄ,1672,þă,15852,ĠĄþ
þă,8823,õĄ,15853,þăõ
õĄ,2015,ÿÿþÿÿÿÿ,15854,õĄÿ
ÿÿþÿÿÿÿ,1775,Ăûÿ,15855,ÿÿþÿÿÿÿĂ
Ăûÿ,2918,āĀû,15856,Ăûÿā
āĀû,14035,ÿÿĂý,15857,āĀûÿ
ÿÿĂý,528,ĀþĀ,15858,ÿÿĂýĀ
ĀþĀ,260,Ą,15859,ĀþĀĄ
Ą,2098,ðÙ,15860,Ąð
ðÙ,228,ä,15861,ðÙä
ä,297,ĩ,15862,äĩ
ĩ,327,Ň,15863,ĩŇ
Ň,9032,ĕþ,15864,Ňĕ
ĕþ,9281,ăÿā,15865,ĕþă
ăÿā,5555,þÿĀþÿÿĀ,15866,ăÿāþ
þÿĀþÿÿĀ,15099,ÿĀÿÿÿÿÿÿÿÿÿÿÿÿÿÿÿÿÿÿÿ,15867,þÿĀþÿÿĀÿ
ÿĀÿÿÿÿÿÿÿÿÿÿÿÿÿÿÿÿÿÿÿ,15818,ÿÿÿÿÿÿÿÿÿÿÿÿÿÿÿÿÿÿÿÿÿÿÿÿÿÿÿÿÿÿÿÿÿÿÿÿÿÿÿÿÿÿÿÿÿÿÿÿÿÿÿÿÿÿÿÿÿÿ,15868,ÿĀÿÿÿÿÿÿÿÿÿÿÿÿÿÿÿÿÿÿÿÿ
ÿÿÿÿÿÿÿÿÿÿÿÿÿÿÿÿÿÿÿÿÿÿÿÿÿÿÿÿÿÿÿÿÿÿÿÿÿÿÿÿÿÿÿÿÿÿÿÿÿÿÿÿÿÿÿÿÿÿ,937,ÿÿÿÿÿÿÿÿÿÿÿÿÿÿÿÿÿÿÿÿÿÿÿÿÿÿÿÿÿÿÿÿÿþ,15869,ÿÿÿÿÿÿÿÿÿÿÿÿÿÿÿÿÿÿÿÿÿÿÿÿÿÿÿÿÿÿÿÿÿÿÿÿÿÿÿÿÿÿÿÿÿÿÿÿÿÿÿÿÿÿÿÿÿÿÿ
ÿÿÿÿÿÿÿÿÿÿÿÿÿÿÿÿÿÿÿÿÿÿÿÿÿÿÿÿÿÿÿÿÿþ,2467,þÿāþ,15870,ÿÿÿÿÿÿÿÿÿÿÿÿÿÿÿÿÿÿÿÿÿÿÿÿÿÿÿÿÿÿÿÿÿþþ
þÿāþ,13500,þĀÿÿþÿ,15871,þÿāþþ
þĀÿÿþÿ,7155,ĀÿĀþÿÿ,15872,þĀÿÿþÿĀ
ĀÿĀþÿÿ,11168,ÿÿÿþþĀ,15873,ĀÿĀþÿÿÿ
ÿÿÿþþĀ,615,Āÿþ,15874,ÿÿÿþþĀĀ
Āÿþ,252,ü,15875,Āÿþü
ü,237,í,15876,üí
í,188,¼,15877,í¼
¼,201,É,15878,¼É
É,1934,ĘĦ,15879,ÉĘ
ĘĦ,8348,ċĂ,15880,ĘĦċ
ċĂ,2789,ÿýþþ,15881,ċĂÿ
ÿýþþ,12089,āĀþÿÿ,15882,ÿýþþā
āĀþÿÿ,13131,ÿÿĀÿþÿÿ,15883,āĀþÿÿÿ
ÿÿĀÿþÿÿ,10514,ĀþÿĀÿþĀ,15884,ÿÿĀÿþÿÿĀ
ĀþÿĀÿþĀ,8799,üĄû,15885,ĀþÿĀÿþĀü
üĄû,3519,ÿăû,15886,üĄûÿ
ÿăû,10437,üąù,15887,ÿăûü
üąù,6367,ØÞ,15888,üąùØ
ØÞ,209,Ñ,15889,ØÞÑ
Ñ,13856,àþ,15890,Ñà
àþ,1734,Āă,15891,àþĀ
Āă,1715,ûāý,15892,Āăû
ûāý,275,ē,15893,ûāýē
ē,315,Ļ,15894,ēĻ
Ļ,4755,ûĀÿ,15895,Ļû
ûĀÿ,7247,ÿĀþÿĀÿ,15896,ûĀÿÿ
ÿĀþÿĀÿ,13896,þÿþĂ,15897,ÿĀþÿĀÿþ
þÿþĂ,5704,ÿÿĀþý,15898,þÿþĂÿ
ÿÿĀþý,257,ā,15899,ÿÿĀþýā
ā,6249,Ċĩ,15900,āĊ
Ċĩ,15829,đăĂ,15901,Ċĩđ
đăĂ,1288,ùÿ,15902,đăĂù
ùÿ,6159,Ąüÿ,15903,ùÿĄ
Ąüÿ,670,ÿÿĀþÿÿ,15904,Ąüÿÿ
ÿÿĀþÿÿ,5399,ýĂā,15905,ÿÿĀþÿÿý
ýĂā,12160,üþĀĀ,15906,ýĂāü
üþĀĀ,3679,þþāþ,15907,üþĀĀþ
þþāþ,2268,Ăø,15908,þþāþĂ
Ăø,218,Ú,15909,ĂøÚ
Ú,230,æ,15910,Úæ
æ,266,Ċ,15911,æĊ
Ċ,331,ŋ,15912,Ċŋ
ŋ,2927,ģă,15913,ŋģ
ģă,14962,ăĀý,15914,ģăă
ăĀý,8028,āýĀĀÿ,15915,ăĀýā
āýĀĀÿ,605,þÿÿĀÿĀ,15916,āýĀĀÿþ
þÿÿĀÿĀ,15869,ÿÿÿÿÿÿÿÿÿÿÿÿÿÿÿÿÿÿÿÿÿÿÿÿÿÿÿÿÿÿÿÿÿÿÿÿÿÿÿÿÿÿÿÿÿÿÿÿÿÿÿÿÿÿÿÿÿÿÿ,15917,þÿÿĀÿĀÿ
ÿÿÿÿÿÿÿÿÿÿÿÿÿÿÿÿÿÿÿÿÿÿÿÿÿÿÿÿÿÿÿÿÿÿÿÿÿÿÿÿÿÿÿÿÿÿÿÿÿÿÿÿÿÿÿÿÿÿÿ,15537,ÿÿÿÿÿÿÿÿÿÿÿÿÿÿÿÿÿÿÿÿÿÿÿÿÿÿÿÿÿÿÿÿÿÿÿÿÿÿÿÿÿÿÿÿÿÿÿÿÿÿÿ,15918,ÿÿÿÿÿÿÿÿÿÿÿÿÿÿÿÿÿÿÿÿÿÿÿÿÿÿÿÿÿÿÿÿÿÿÿÿÿÿÿÿÿÿÿÿÿÿÿÿÿÿÿÿÿÿÿÿÿÿÿÿ
ÿÿÿÿÿÿÿÿÿÿÿÿÿÿÿÿÿÿÿÿÿÿÿÿÿÿÿÿÿÿÿÿÿÿÿÿÿÿÿÿÿÿÿÿÿÿÿÿÿÿÿ,1162,þþÿā,15919,ÿÿÿÿÿÿÿÿÿÿÿÿÿÿÿÿÿÿÿÿÿÿÿÿÿÿÿÿÿÿÿÿÿÿÿÿÿÿÿÿÿÿÿÿÿÿÿÿÿÿÿþ
þþÿā,6763,þþĀÿÿ,15920,þþÿāþ
þþĀÿÿ,6623,þÿĀÿÿÿþ,15921,þþĀÿÿþ
þÿĀÿÿÿþ,1187,ÿĀÿþ,15922,þÿĀÿÿÿþÿ
ÿĀÿþ,3770,ýāÿĀÿ,15923,ÿĀÿþý
ýāÿĀÿ,1105,þÿû,15924,ýāÿĀÿþ
þÿû,255,ÿ,15925,þÿûÿ
ÿ,226,â,15926,ÿâ
â,178,²,15927,â²
²,229,å,15928,²å
å,278,Ė,15929,åĖ
Ė,293,ĥ,15930,Ėĥ
ĥ,5714,ċþ,15931,ĥċ
ċþ,2003,üĄü,15932,ċþü
üĄü,10060,üąý,15933,üĄüü
üąý,7181,ÿþÿĀÿþÿ,15934,üąýÿ
ÿþÿĀÿþÿ,3340,ÿÿĀÿÿÿÿÿ,15935,ÿþÿĀÿþÿÿ
ÿÿĀÿÿÿÿÿ,1255,ýāā,15936,ÿÿĀÿÿÿÿÿý
ýāā,10164,þûĂ,15937,ýāāþ
þûĂ,1467,Āû,15938,þûĂĀ
Āû,1785,Ąü,15939,ĀûĄ
Ąü,221,Ý,15940,ĄüÝ
Ý,219,Û,15941,ÝÛ
Û,15788,ÚÙ,15942,ÛÚ
ÚÙ,1007,õĀ,15943,ÚÙõ
õĀ,514,ÿÿÿ,15944,õĀÿ
ÿÿÿ,278,Ė,15945,ÿÿÿĖ
Ė,314,ĺ,15946,Ėĺ
ĺ,12552,ùĂĀ,15947,ĺù
ùĂĀ,13100,ýÿÿÿĀþ,15948,ùĂĀý
ýÿÿÿĀþ,1433,ÿĀĀü,15949,ýÿÿÿĀþÿ
ÿĀĀü,1095,þĂ,15950,ÿĀĀüþ
þĂ,1960,ÿû,15951,þĂÿ
ÿû,265,ĉ,15952,ÿûĉ
ĉ,274,Ē,15953,ĉĒ
Ē,294,Ħ,15954,ĒĦ
Ħ,5249,Ĉă,15955,ĦĈ
Ĉă,1048,Āù,15956,ĈăĀ
Āù,5029,ÿĆ,15957,Āùÿ
ÿĆ,13408,úāÿ,15958,ÿĆú
úāÿ,7359,ÿþĀþÿÿ,15959,úāÿÿ
ÿþĀþÿÿ,1939,ăû,15960,ÿþĀþÿÿă
ăû,3442,üĀā,15961,ăûü
üĀā,5929,Ăýþ,15962,üĀāĂ
Ăýþ,1823,üĄ,15963,Ăýþü
üĄ,249,ù,15964,üĄù
ù,226,â,15965,ùâ
â,4914,ÜĆ,15966,âÜ
ÜĆ,314,ĺ,15967,ÜĆĺ
ĺ,2215,ĵĉ,15968,ĺĵ
ĵĉ,1082,āāÿ,15969,ĵĉā
āāÿ,7138,þĀþÿĀþÿ,15970,āāÿþ
þĀþÿĀþÿ,15239,ÿĀÿÿÿĀÿ,15971,þĀþÿĀþÿÿ
ÿĀÿÿÿĀÿ,15918,ÿÿÿÿÿÿÿÿÿÿÿÿÿÿÿÿÿÿÿÿÿÿÿÿÿÿÿÿÿÿÿÿÿÿÿÿÿÿÿÿÿÿÿÿÿÿÿÿÿÿÿÿÿÿÿÿÿÿÿÿ,15972,ÿĀÿÿÿĀÿÿ
ÿÿÿÿÿÿÿÿÿÿÿÿÿÿÿÿÿÿÿÿÿÿÿÿÿÿÿÿÿÿÿÿÿÿÿÿÿÿÿÿÿÿÿÿÿÿÿÿÿÿÿÿÿÿÿÿÿÿÿÿ,15486,ÿÿÿÿÿÿÿÿÿÿÿÿÿÿÿÿÿÿÿÿÿÿÿÿÿÿÿÿÿÿÿÿÿÿÿÿÿÿÿÿÿÿÿÿÿÿÿÿÿ,15973,ÿÿÿÿÿÿÿÿÿÿÿÿÿÿÿÿÿÿÿÿÿÿÿÿÿÿÿÿÿÿÿÿÿÿÿÿÿÿÿÿÿÿÿÿÿÿÿÿÿÿÿÿÿÿÿÿÿÿÿÿÿ
ÿÿÿÿÿÿÿÿÿÿÿÿÿÿÿÿÿÿÿÿÿÿÿÿÿÿÿÿÿÿÿÿÿÿÿÿÿÿÿÿÿÿÿÿÿÿÿÿÿ,5162,þÿÿĀýÿ,15974,ÿÿÿÿÿÿÿÿÿÿÿÿÿÿÿÿÿÿÿÿÿÿÿÿÿÿÿÿÿÿÿÿÿÿÿÿÿÿÿÿÿÿÿÿÿÿÿÿÿþ
þÿÿĀýÿ,14225,ĀÿþĀþĀÿ,15975,þÿÿĀýÿĀ
ĀÿþĀþĀÿ,6949,ÿÿýĀ,15976,ĀÿþĀþĀÿÿ
ÿÿýĀ,11432,āþþĀÿÿ,15977,ÿÿýĀā
āþþĀÿÿ,2636,ÿÿÿü,15978,āþþĀÿÿÿ
ÿÿÿü,892,Ăþ,15979,ÿÿÿüĂ
Ăþ,1385,úý,15980,Ăþú
úý,211,Ó,15981,úýÓ
Ó,189,½,15982,Ó½
½,238,î,15983,½î
î,4101,ĜĠ,15984,îĜ
ĜĠ,9270,ĉý,15985,ĜĠĉ
ĉý,4009,þĀü,15986,ĉýþ
þĀü,1246,āĀÿÿ,15987,þĀüā
āĀÿÿ,13542,þÿÿÿÿÿĀþĀ,15988,āĀÿÿþ
þÿÿÿÿÿĀþĀ,514,ÿÿÿ,15989,þÿÿÿÿÿĀþĀÿ
ÿÿÿ,14807,Ăùā,15990,ÿÿÿĂ
Ăùā,7973,āüā,15991,Ăùāā
āüā,9088,Ăúÿ,15992,āüāĂ
Ăúÿ,12985,ýĂì,15993,Ăúÿý
ýĂì,6367,ØÞ,15994,ýĂìØ
ØÞ,12964,Üå,15995,ØÞÜ
Üå,4438,ĂúĀ,15996,ÜåĂ
ĂúĀ,15946,Ėĺ,15997,ĂúĀĖ
Ėĺ,9754,úÿĀ,15998,Ėĺú
úÿĀ,14181,þÿĀþĀÿ,15999,úÿĀþ
þÿĀþĀÿ,8917,þĀā,16000,þÿĀþĀÿþ
þĀā,14215,þÿāĀ,16001,þĀāþ
þÿāĀ,267,ċ,16002,þÿāĀċ
ċ,1192,Ğě,16003,ċĞ
Ğě,1521,ăý,16004,Ğěă
ăý,982,ùĂ,16005,ăýù
ùĂ,9078,ăýþ,16006,ùĂă
ăýþ,15595,ĀÿÿÿþĀþĀ,16007,ăýþĀ
ĀÿÿÿþĀþĀ,10245,ÿýāĀ,16008,ĀÿÿÿþĀþĀÿ
ÿýāĀ,12874,þþĀā,16009,ÿýāĀþ
þþĀā,2940,ÿú,16010,þþĀāÿ
ÿú,229,å,16011,ÿúå
å,218,Ú,16012,åÚ
Ú,4778,ÿĳ,16013,Úÿ
ÿĳ,310,Ķ,16014,ÿĳĶ
Ķ,2177,ēĂ,16015,Ķē
ēĂ,5991,ĀÿþĀþ,16016,ēĂĀ
ĀÿþĀþ,15645,ýÿāā,16017,ĀÿþĀþý
ýÿāā,13057,þÿÿÿÿÿÿÿĀÿÿ,16018,ýÿāāþ
þÿÿÿÿÿÿÿĀÿÿ,15973,ÿÿÿÿÿÿÿÿÿÿÿÿÿÿÿÿÿÿÿÿÿÿÿÿÿÿÿÿÿÿÿÿÿÿÿÿÿÿÿÿÿÿÿÿÿÿÿÿÿÿÿÿÿÿÿÿÿÿÿÿÿ,16019,þÿÿÿÿÿÿÿĀÿÿÿ
ÿÿÿÿÿÿÿÿÿÿÿÿÿÿÿÿÿÿÿÿÿÿÿÿÿÿÿÿÿÿÿÿÿÿÿÿÿÿÿÿÿÿÿÿÿÿÿÿÿÿÿÿÿÿÿÿÿÿÿÿÿ,15440,ÿÿÿÿÿÿÿÿÿÿÿÿÿÿÿÿÿÿÿÿÿÿÿÿÿÿÿÿÿÿÿÿÿÿÿÿÿÿÿÿÿÿÿÿÿÿÿ,16020,ÿÿÿÿÿÿÿÿÿÿÿÿÿÿÿÿÿÿÿÿÿÿÿÿÿÿÿÿÿÿÿÿÿÿÿÿÿÿÿÿÿÿÿÿÿÿÿÿÿÿÿÿÿÿÿÿÿÿÿÿÿÿ
ÿÿÿÿÿÿÿÿÿÿÿÿÿÿÿÿÿÿÿÿÿÿÿÿÿÿÿÿÿÿÿÿÿÿÿÿÿÿÿÿÿÿÿÿÿÿÿ,12800,þÿÿþÿāþ,16021,ÿÿÿÿÿÿÿÿÿÿÿÿÿÿÿÿÿÿÿÿÿÿÿÿÿÿÿÿÿÿÿÿÿÿÿÿÿÿÿÿÿÿÿÿÿÿÿþ
þÿÿþÿāþ,6335,þĀÿþÿÿĀ,16022,þÿÿþÿāþþ
þĀÿþÿÿĀ,1213,þÿĀý,16023,þĀÿþÿÿĀþ
þÿĀý,4793,ĀÿÿÿÿÿĀþ,16024,þÿĀýĀ
ĀÿÿÿÿÿĀþ,7041,þĀþý,16025,ĀÿÿÿÿÿĀþþ
þĀþý,8466,ÿö,16026,þĀþýÿ
ÿö,1027,ÍÆ,16027,ÿöÍ
ÍÆ,235,ë,16028,ÍÆë
ë,289,ġ,16029,ëġ
ġ,8995,ěĈ,16030,ġě
ěĈ,5280,Ăāý,16031,ěĈĂ
Ăāý,15290,ÿÿĀÿþÿÿÿÿ,16032,Ăāýÿ
ÿÿĀÿþÿÿÿÿ,2208,ÿÿÿĀÿþ,16033,ÿÿĀÿþÿÿÿÿÿ
ÿÿÿĀÿþ,1866,Ăü,16034,ÿÿÿĀÿþĂ
Ăü,1320,üăĀ,16035,Ăüü
üăĀ,949,úĀ,16036,üăĀú
úĀ,1785,Ąü,16037,úĀĄ
Ąü,951,Ąø,16038,ĄüĄ
Ąø,3143,Ā÷,16039,ĄøĀ
Ā÷,10371,âá,16040,Ā÷â
âá,224,à,16041,âáà
à,217,Ù,16042,àÙ
Ù,12901,òý,16043,Ùò
òý,7442,ĒĻ,16044,òýĒ
ĒĻ,5924,ÿûþā,16045,ĒĻÿ
ÿûþā,11338,ÿĀÿþĀþÿ,16046,ÿûþāÿ
ÿĀÿþĀþÿ,878,āÿÿ,16047,ÿĀÿþĀþÿā
āÿÿ,11011,ćĖ,16048,āÿÿć
ćĖ,288,Ġ,16049,ćĖĠ
Ġ,5744,ċû,16050,Ġċ
ċû,12860,üĄÿ,16051,ċûü
üĄÿ,11879,ÿĂý,16052,üĄÿÿ
ÿĂý,6198,ûăÿ,16053,ÿĂýû
ûăÿ,6102,þĀþĀÿþ,16054,ûăÿþ
þĀþĀÿþ,960,Āþă,16055,þĀþĀÿþĀ
Āþă,3400,üù,16056,Āþăü
üù,1553,ĄĂ,16057,üùĄ
ĄĂ,244,ô,16058,ĄĂô
ô,231,ç,16059,ôç
ç,218,Ú,16060,çÚ
Ú,2421,Ąī,16061,ÚĄ
Ąī,315,Ļ,16062,ĄīĻ
Ļ,15170,Ĕāý,16063,ĻĔ
Ĕāý,13849,ăÿÿĀþ,16064,Ĕāýă
ăÿÿĀþ,8917,þĀā,16065,ăÿÿĀþþ
þĀā,9416,úĂĀ,16066,þĀāú
úĂĀ,15453,ĀþÿÿÿÿÿĀ,16067,úĂĀĀ
ĀþÿÿÿÿÿĀ,16020,ÿÿÿÿÿÿÿÿÿÿÿÿÿÿÿÿÿÿÿÿÿÿÿÿÿÿÿÿÿÿÿÿÿÿÿÿÿÿÿÿÿÿÿÿÿÿÿÿÿÿÿÿÿÿÿÿÿÿÿÿÿÿ,16068,ĀþÿÿÿÿÿĀÿ
ÿÿÿÿÿÿÿÿÿÿÿÿÿÿÿÿÿÿÿÿÿÿÿÿÿÿÿÿÿÿÿÿÿÿÿÿÿÿÿÿÿÿÿÿÿÿÿÿÿÿÿÿÿÿÿÿÿÿÿÿÿÿ,15819,ÿÿÿÿÿÿÿÿÿÿÿÿÿÿÿÿÿÿÿÿÿÿÿÿÿÿÿÿÿÿÿÿÿÿÿÿÿÿÿÿÿÿÿÿÿÿÿÿþÿ,16069,ÿÿÿÿÿÿÿÿÿÿÿÿÿÿÿÿÿÿÿÿÿÿÿÿÿÿÿÿÿÿÿÿÿÿÿÿÿÿÿÿÿÿÿÿÿÿÿÿÿÿÿÿÿÿÿÿÿÿÿÿÿÿÿ
ÿÿÿÿÿÿÿÿÿÿÿÿÿÿÿÿÿÿÿÿÿÿÿÿÿÿÿÿÿÿÿÿÿÿÿÿÿÿÿÿÿÿÿÿÿÿÿÿþÿ,5084,ÿÿÿĀþÿÿÿ,16070,ÿÿÿÿÿÿÿÿÿÿÿÿÿÿÿÿÿÿÿÿÿÿÿÿÿÿÿÿÿÿÿÿÿÿÿÿÿÿÿÿÿÿÿÿÿÿÿÿþÿÿ
ÿÿÿĀþÿÿÿ,973,þþĀÿ,16071,ÿÿÿĀþÿÿÿþ
þþĀÿ,1333,Āÿÿÿÿÿþ,16072,þþĀÿĀ
Āÿÿÿÿÿþ,9806,ĀÿþĀĀý,16073,ĀÿÿÿÿÿþĀ
ĀÿþĀĀý,3153,þāÿÿ,16074,ĀÿþĀĀýþ
þāÿÿ,1681,üú,16075,þāÿÿü
üú,12021,ôÔ,16076,üúô
ôÔ,196,Ä,16077,ôÔÄ
Ä,242,ò,16078,Äò
ò,279,ė,16079,òė
ė,8860,Ěď,16080,ėĚ
Ěď,4594,ĀĀþÿÿ,16081,ĚďĀ
ĀĀþÿÿ,13146,ÿÿÿÿÿÿÿÿĀÿ,16082,ĀĀþÿÿÿ
ÿÿÿÿÿÿÿÿĀÿ,2251,ÿüĂĀ,16083,ÿÿÿÿÿÿÿÿĀÿÿ
ÿüĂĀ,15780,ýÿĀýĀ,16084,ÿüĂĀý
ýÿĀýĀ,3156,ĀþĀĀ,16085,ýÿĀýĀĀ
ĀþĀĀ,5920,þüî,16086,ĀþĀĀþ
þüî,222,Þ,16087,þüîÞ
Þ,10402,êá,16088,Þê
êá,14414,çý,16089,êáç
çý,307,ĳ,16090,çýĳ
ĳ,3895,Ăþā,16091,ĳĂ
Ăþā,10511,üÿĀþ,16092,Ăþāü
üÿĀþ,6400,ĀÿþĀĀ,16093,üÿĀþĀ
ĀÿþĀĀ,263,ć,16094,ĀÿþĀĀć
ć,281,ę,16095,ćę
ę,285,ĝ,16096,ęĝ
ĝ,5794,ĊĀ,16097,ĝĊ
ĊĀ,4282,þþĂü,16098,ĊĀþ
þþĂü,6148,āýþā,16099,þþĂüā
āýþā,4897,üĂþĀ,16100,āýþāü
üĂþĀ,16000,þÿĀþĀÿþ,16101,üĂþĀþ
þÿĀþĀÿþ,10229,ýĄĂ,16102,þÿĀþĀÿþý
ýĄĂ,9091,ìß,16103,ýĄĂì
ìß,237,í,16104,ìßí
í,12155,üĵ,16105,íü
üĵ,303,į,16106,üĵį
į,15483,ėĂ,16107,įė
ėĂ,11597,Āāþÿ,16108,ėĂĀ
Āāþÿ,5554,þāÿþ,16109,Āāþÿþ
þāÿþ,9104,Āþû,16110,þāÿþĀ
Āþû,10118,ąýÿ,16111,Āþûą
ąýÿ,14005,ĀĀþÿþ,16112,ąýÿĀ
ĀĀþÿþ,14511,ÿĀĀÿÿÿÿ,16113,ĀĀþÿþÿ
ÿĀĀÿÿÿÿ,16069,ÿÿÿÿÿÿÿÿÿÿÿÿÿÿÿÿÿÿÿÿÿÿÿÿÿÿÿÿÿÿÿÿÿÿÿÿÿÿÿÿÿÿÿÿÿÿÿÿÿÿÿÿÿÿÿÿÿÿÿÿÿÿÿ,16114,ÿĀĀÿÿÿÿÿ
ÿÿÿÿÿÿÿÿÿÿÿÿÿÿÿÿÿÿÿÿÿÿÿÿÿÿÿÿÿÿÿÿÿÿÿÿÿÿÿÿÿÿÿÿÿÿÿÿÿÿÿÿÿÿÿÿÿÿÿÿÿÿÿ,15536,ÿÿÿÿÿÿÿÿÿÿÿÿÿÿÿÿÿÿÿÿÿÿÿÿÿÿÿÿÿÿÿÿÿÿÿÿÿÿÿÿÿÿÿÿÿÿÿÿÿÿ,16115,ÿÿÿÿÿÿÿÿÿÿÿÿÿÿÿÿÿÿÿÿÿÿÿÿÿÿÿÿÿÿÿÿÿÿÿÿÿÿÿÿÿÿÿÿÿÿÿÿÿÿÿÿÿÿÿÿÿÿÿÿÿÿÿÿ
ÿÿÿÿÿÿÿÿÿÿÿÿÿÿÿÿÿÿÿÿÿÿÿÿÿÿÿÿÿÿÿÿÿÿÿÿÿÿÿÿÿÿÿÿÿÿÿÿÿÿ,3730,þĀÿþÿÿÿ,16116,ÿÿÿÿÿÿÿÿÿÿÿÿÿÿÿÿÿÿÿÿÿÿÿÿÿÿÿÿÿÿÿÿÿÿÿÿÿÿÿÿÿÿÿÿÿÿÿÿÿÿþ
þĀÿþÿÿÿ,4898,ĀþĀÿÿþĀ,16117,þĀÿþÿÿÿĀ
ĀþĀÿÿþĀ,15336,þÿÿĀÿþÿÿÿ,16118,ĀþĀÿÿþĀþ
þÿÿĀÿþÿÿÿ,1658,Āþýü,16119,þÿÿĀÿþÿÿÿĀ
Āþýü,3143,Ā÷,16120,ĀþýüĀ
Ā÷,214,Ö,16121,Ā÷Ö
Ö,14676,Ãè,16122,ÖÃ
Ãè,267,ċ,16123,Ãèċ
ċ,288,Ġ,16124,ċĠ
Ġ,2975,đĉ,16125,Ġđ
đĉ,15116,þüÿā,16126,đĉþ
þüÿā,9245,ýāÿþ,16127,þüÿāý
ýāÿþ,598,ÿþÿÿĀ,16128,ýāÿþÿ
ÿþÿÿĀ,14546,ýāĀþþ,16129,ÿþÿÿĀý
ýāĀþþ,15154,ĀāþĀ,16130,ýāĀþþĀ
ĀāþĀ,8250,þÿþĀÿÿ,16131,ĀāþĀþ
þÿþĀÿÿ,254,þ,16132,þÿþĀÿÿþ
þ,11643,êê,16133,þê
êê,229,å,16134,êêå
å,244,ô,16135,åô
ô,9504,Āąÿ,16136,ôĀ
Āąÿ,3287,üýā,16137,Āąÿü
üýā,1539,ĀĀþĀ,16138,üýāĀ
ĀĀþĀ,1912,Ĉć,16139,ĀĀþĀĈ
Ĉć,282,Ě,16140,ĈćĚ
Ě,9288,Ēċ,16141,ĚĒ
Ēċ,8123,þýĂ,16142,Ēċþ
þýĂ,8601,ÿûĂ,16143,þýĂÿ
ÿûĂ,5756,ÿāþý,16144,ÿûĂÿ
ÿāþý,8729,þāĀþ,16145,ÿāþýþ
þāĀþ,7492,ĀĀþþý,16146,þāĀþĀ
ĀĀþþý,1167,āĀÿ,16147,ĀĀþþýā
āĀÿ,5392,ùî,16148,āĀÿù
ùî,228,ä,16149,ùîä
ä,234,ê,16150,äê
ê,268,Č,16151,êČ
Č,306,Ĳ,16152,ČĲ
Ĳ,304,İ,16153,Ĳİ
İ,2353,Đā,16154,İĐ
Đā,12454,ĀĀĀĀþ,16155,ĐāĀ
ĀĀĀĀþ,4584,ÿÿĀÿþĀ,16156,ĀĀĀĀþÿ
ÿÿĀÿþĀ,15158,þĀÿþÿĀÿ,16157,ÿÿĀÿþĀþ
þĀÿþÿĀÿ,14917,ÿþÿÿĀÿÿÿÿ,16158,þĀÿþÿĀÿÿ
ÿþÿÿĀÿÿÿÿ,16115,ÿÿÿÿÿÿÿÿÿÿÿÿÿÿÿÿÿÿÿÿÿÿÿÿÿÿÿÿÿÿÿÿÿÿÿÿÿÿÿÿÿÿÿÿÿÿÿÿÿÿÿÿÿÿÿÿÿÿÿÿÿÿÿÿ,16159,ÿþÿÿĀÿÿÿÿÿ
ÿÿÿÿÿÿÿÿÿÿÿÿÿÿÿÿÿÿÿÿÿÿÿÿÿÿÿÿÿÿÿÿÿÿÿÿÿÿÿÿÿÿÿÿÿÿÿÿÿÿÿÿÿÿÿÿÿÿÿÿÿÿÿÿ,16160,ÿÿÿÿÿÿÿÿÿÿÿÿÿÿÿÿÿÿÿÿÿÿÿÿÿÿÿÿÿÿÿÿÿÿÿÿÿÿÿÿÿÿÿÿÿÿÿÿÿÿÿÿÿÿÿÿÿÿÿÿÿÿÿÿÿ,16160,ÿÿÿÿÿÿÿÿÿÿÿÿÿÿÿÿÿÿÿÿÿÿÿÿÿÿÿÿÿÿÿÿÿÿÿÿÿÿÿÿÿÿÿÿÿÿÿÿÿÿÿÿÿÿÿÿÿÿÿÿÿÿÿÿÿ
ÿÿÿÿÿÿÿÿÿÿÿÿÿÿÿÿÿÿÿÿÿÿÿÿÿÿÿÿÿÿÿÿÿÿÿÿÿÿÿÿÿÿÿÿÿÿÿÿÿÿÿÿÿÿÿÿÿÿÿÿÿÿÿÿÿ,4563,ÿÿÿÿÿÿÿÿÿþ,16161,ÿÿÿÿÿÿÿÿÿÿÿÿÿÿÿÿÿÿÿÿÿÿÿÿÿÿÿÿÿÿÿÿÿÿÿÿÿÿÿÿÿÿÿÿÿÿÿÿÿÿÿÿÿÿÿÿÿÿÿÿÿÿÿÿÿÿ
ÿÿÿÿÿÿÿÿÿþ,3591,üĂÿ,16162,ÿÿÿÿÿÿÿÿÿþü
üĂÿ,3358,øāú,16163,üĂÿø
øāú,223,ß,16164,øāúß
ß,204,Ì,16165,ßÌ
Ì,12034,ÔĄ,16166,ÌÔ
ÔĄ,276,Ĕ,16167,ÔĄĔ
Ĕ,285,ĝ,16168,Ĕĝ
ĝ,3034,ďþ,16169,ĝď
ďþ,15951,þĂÿ,16170,ďþþ
þĂÿ,2664,üĀĀÿ,16171,þĂÿü
üĀĀÿ,1347,ûāā,16172,üĀĀÿû
ûāā,8485,üāÿþ,16173,ûāāü
üāÿþ,4729,ĀĀýÿ,16174,üāÿþĀ
ĀĀýÿ,7343,ĀþĀÿĀ,16175,ĀĀýÿĀ
ĀþĀÿĀ,4970,ÿýÿĀ,16176,ĀþĀÿĀÿ
ÿýÿĀ,1341,ûõ,16177,ÿýÿĀû
ûõ,10495,ðí,16178,ûõð
ðí,12575,òø,16179,ðíò
òø,705,ýÿÿ,16180,òøý
ýÿÿ,818,ăą,16181,ýÿÿă
ăą,10570,ĊĐ,16182,ăąĊ
ĊĐ,7144,ĒĊ,16183,ĊĐĒ
ĒĊ,12875,āýÿĀ,16184,ĒĊā
āýÿĀ,2665,ÿþÿā,16185,āýÿĀÿ
ÿþÿā,11694,āüý,16186,ÿþÿāā
āüý,12398,ĀÿÿþĀ,16187,āüýĀ
ĀÿÿþĀ,9210,üĂþý,16188,ĀÿÿþĀü
üĂþý,3269,ăă,16189,üĂþýă
ăă,11652,ùó,16190,ăăù
ùó,5164,åé,16191,ùóå
åé,246,ö,16192,åéö
ö,282,Ě,16193,öĚ
Ě,309,ĵ,16194,Ěĵ
ĵ,15931,ĥċ,16195,ĵĥ
ĥċ,10837,ĂĀāþ,16196,ĥċĂ
ĂĀāþ,14964,ÿÿĀþÿĀ,16197,ĂĀāþÿ
ÿÿĀþÿĀ,16161,ÿÿÿÿÿÿÿÿÿÿÿÿÿÿÿÿÿÿÿÿÿÿÿÿÿÿÿÿÿÿÿÿÿÿÿÿÿÿÿÿÿÿÿÿÿÿÿÿÿÿÿÿÿÿÿÿÿÿÿÿÿÿÿÿÿÿ,16198,ÿÿĀþÿĀÿ
ÿÿÿÿÿÿÿÿÿÿÿÿÿÿÿÿÿÿÿÿÿÿÿÿÿÿÿÿÿÿÿÿÿÿÿÿÿÿÿÿÿÿÿÿÿÿÿÿÿÿÿÿÿÿÿÿÿÿÿÿÿÿÿÿÿÿ,16199,ÿÿÿÿÿÿÿÿÿÿÿÿÿÿÿÿÿÿÿÿÿÿÿÿÿÿÿÿÿÿÿÿÿÿÿÿÿÿÿÿÿÿÿÿÿÿÿÿÿÿÿÿÿÿÿÿÿÿÿÿÿÿÿÿÿÿÿ,16199,ÿÿÿÿÿÿÿÿÿÿÿÿÿÿÿÿÿÿÿÿÿÿÿÿÿÿÿÿÿÿÿÿÿÿÿÿÿÿÿÿÿÿÿÿÿÿÿÿÿÿÿÿÿÿÿÿÿÿÿÿÿÿÿÿÿÿÿ
ÿÿÿÿÿÿÿÿÿÿÿÿÿÿÿÿÿÿÿÿÿÿÿÿÿÿÿÿÿÿÿÿÿÿÿÿÿÿÿÿÿÿÿÿÿÿÿÿÿÿÿÿÿÿÿÿÿÿÿÿÿÿÿÿÿÿÿ,3795,ÿÿÿÿÿÿÿÿÿÿÿÿÿÿÿÿÿÿÿÿÿÿÿÿÿþ,16200,ÿÿÿÿÿÿÿÿÿÿÿÿÿÿÿÿÿÿÿÿÿÿÿÿÿÿÿÿÿÿÿÿÿÿÿÿÿÿÿÿÿÿÿÿÿÿÿÿÿÿÿÿÿÿÿÿÿÿÿÿÿÿÿÿÿÿÿÿ
ÿÿÿÿÿÿÿÿÿÿÿÿÿÿÿÿÿÿÿÿÿÿÿÿÿþ,7061,þĀÿþþ,16201,ÿÿÿÿÿÿÿÿÿÿÿÿÿÿÿÿÿÿÿÿÿÿÿÿÿþþ
þĀÿþþ,823,ÿýý,16202,þĀÿþþÿ
ÿýý,12467,ðÐ,16203,ÿýýð
ðÐ,202,Ê,16204,ðÐÊ
Ê,236,ì,16205,Êì
ì,270,Ď,16206,ìĎ
Ď,10396,ęĔ,16207,Ďę
ęĔ,5526,ĉÿ,16208,ęĔĉ
ĉÿ,6603,ăĀü,16209,ĉÿă
ăĀü,1235,ĀĂý,16210,ăĀüĀ
ĀĂý,15213,ûāÿÿ,16211,ĀĂýû
ûāÿÿ,1956,ÿĀĀÿ,16212,ûāÿÿÿ
ÿĀĀÿ,742,þþÿÿþ,16213,ÿĀĀÿþ
þþÿÿþ,1271,ĀĀÿþ,16214,þþÿÿþĀ
ĀĀÿþ,1099,āþÿÿ,16215,ĀĀÿþā
āþÿÿ,6870,ýüú,16216,āþÿÿý
ýüú,2124,úþā,16217,ýüúú
úþā,5461,ĄăĂ,16218,úþāĄ
ĄăĂ,13807,ĀþĀüĂ,16219,ĄăĂĀ
ĀþĀüĂ,4214,Āÿýþ,16220,ĀþĀüĂĀ
Āÿýþ,4667,āāü,16221,Āÿýþā
āāü,14215,þÿāĀ,16222,āāüþ
þÿāĀ,14076,ĀþþĀÿĀ,16223,þÿāĀĀ
ĀþþĀÿĀ,9178,þö,16224,ĀþþĀÿĀþ
þö,232,è,16225,þöè
è,229,å,16226,èå
å,239,ï,16227,åï
ï,1372,Đĩ,16228,ïĐ
Đĩ,305,ı,16229,Đĩı
ı,5410,ĕĂ,16230,ıĕ
ĕĂ,3780,āÿāĀ,16231,ĕĂā
āÿāĀ,4595,ÿÿþĀÿÿþ,16232,āÿāĀÿ
ÿÿþĀÿÿþ,15678,ĀĀÿÿÿÿÿÿÿÿÿÿ,16233,ÿÿþĀÿÿþĀ
ĀĀÿÿÿÿÿÿÿÿÿÿ,16200,ÿÿÿÿÿÿÿÿÿÿÿÿÿÿÿÿÿÿÿÿÿÿÿÿÿÿÿÿÿÿÿÿÿÿÿÿÿÿÿÿÿÿÿÿÿÿÿÿÿÿÿÿÿÿÿÿÿÿÿÿÿÿÿÿÿÿÿÿ,16234,ĀĀÿÿÿÿÿÿÿÿÿÿÿ
ÿÿÿÿÿÿÿÿÿÿÿÿÿÿÿÿÿÿÿÿÿÿÿÿÿÿÿÿÿÿÿÿÿÿÿÿÿÿÿÿÿÿÿÿÿÿÿÿÿÿÿÿÿÿÿÿÿÿÿÿÿÿÿÿÿÿÿÿ,16235,ÿÿÿÿÿÿÿÿÿÿÿÿÿÿÿÿÿÿÿÿÿÿÿÿÿÿÿÿÿÿÿÿÿÿÿÿÿÿÿÿÿÿÿÿÿÿÿÿÿÿÿÿÿÿÿÿÿÿÿÿÿÿÿÿÿÿÿÿÿ,16235,ÿÿÿÿÿÿÿÿÿÿÿÿÿÿÿÿÿÿÿÿÿÿÿÿÿÿÿÿÿÿÿÿÿÿÿÿÿÿÿÿÿÿÿÿÿÿÿÿÿÿÿÿÿÿÿÿÿÿÿÿÿÿÿÿÿÿÿÿÿ
ÿÿÿÿÿÿÿÿÿÿÿÿÿÿÿÿÿÿÿÿÿÿÿÿÿÿÿÿÿÿÿÿÿÿÿÿÿÿÿÿÿÿÿÿÿÿÿÿÿÿÿÿÿÿÿÿÿÿÿÿÿÿÿÿÿÿÿÿÿ,2819,ÿÿÿÿÿÿÿÿÿÿÿü,16236,ÿÿÿÿÿÿÿÿÿÿÿÿÿÿÿÿÿÿÿÿÿÿÿÿÿÿÿÿÿÿÿÿÿÿÿÿÿÿÿÿÿÿÿÿÿÿÿÿÿÿÿÿÿÿÿÿÿÿÿÿÿÿÿÿÿÿÿÿÿÿ
ÿÿÿÿÿÿÿÿÿÿÿü,12770,ĀÿÿĀĀþ,16237,ÿÿÿÿÿÿÿÿÿÿÿüĀ
ĀÿÿĀĀþ,823,ÿýý,16238,ĀÿÿĀĀþÿ
ÿýý,245,õ,16239,ÿýýõ
õ,231,ç,16240,õç
ç,3391,ÍØ,16241,çÍ
ÍØ,248,ø,16242,ÍØø
ø,9459,ċĕ,16243,øċ
ċĕ,9870,Đď,16244,ċĕĐ
Đď,2788,ĂþĀÿ,16245,ĐďĂ
ĂþĀÿ,12498,üÿĀĀ,16246,ĂþĀÿü
üÿĀĀ,15276,ÿÿþÿÿĀÿ,16247,üÿĀĀÿ
ÿÿþÿÿĀÿ,8498,þÿÿþþ,16248,ÿÿþÿÿĀÿþ
þÿÿþþ,13663,ÿāÿÿĀ,16249,þÿÿþþÿ
ÿāÿÿĀ,2721,āÿÿþĀ,16250,ÿāÿÿĀā
āÿÿþĀ,13787,ýþāĀ,16251,āÿÿþĀý
ýþāĀ,9758,ÿþþÿÿÿ,16252,ýþāĀÿ
ÿþþÿÿÿ,1098,ýÿā,16253,ÿþþÿÿÿý
ýÿā,1220,Āýÿ,16254,ýÿāĀ
Āýÿ,8778,Ăÿû,16255,ĀýÿĂ
Ăÿû,15951,þĂÿ,16256,Ăÿûþ
þĂÿ,701,þý,16257,þĂÿþ
þý,11443,ñë,16258,þýñ
ñë,8733,íï,16259,ñëí
íï,263,ć,16260,íïć
ć,294,Ħ,16261,ćĦ
Ħ,300,Ĭ,16262,ĦĬ
Ĭ,283,ě,16263,Ĭě
ě,2861,ĉĂ,16264,ěĉ
ĉĂ,6764,ÿþāĀ,16265,ĉĂÿ
ÿþāĀ,13176,ÿĀÿÿþÿĀ,16266,ÿþāĀÿ
ÿĀÿÿþÿĀ,15093,þÿĀĀÿÿÿÿÿ,16267,ÿĀÿÿþÿĀþ
þÿĀĀÿÿÿÿÿ,16236,ÿÿÿÿÿÿÿÿÿÿÿÿÿÿÿÿÿÿÿÿÿÿÿÿÿÿÿÿÿÿÿÿÿÿÿÿÿÿÿÿÿÿÿÿÿÿÿÿÿÿÿÿÿÿÿÿÿÿÿÿÿÿÿÿÿÿÿÿÿÿ,16268,þÿĀĀÿÿÿÿÿÿ
ÿÿÿÿÿÿÿÿÿÿÿÿÿÿÿÿÿÿÿÿÿÿÿÿÿÿÿÿÿÿÿÿÿÿÿÿÿÿÿÿÿÿÿÿÿÿÿÿÿÿÿÿÿÿÿÿÿÿÿÿÿÿÿÿÿÿÿÿÿÿ,16269,ÿÿÿÿÿÿÿÿÿÿÿÿÿÿÿÿÿÿÿÿÿÿÿÿÿÿÿÿÿÿÿÿÿÿÿÿÿÿÿÿÿÿÿÿÿÿÿÿÿÿÿÿÿÿÿÿÿÿÿÿÿÿÿÿÿÿÿÿÿÿÿ,16269,ÿÿÿÿÿÿÿÿÿÿÿÿÿÿÿÿÿÿÿÿÿÿÿÿÿÿÿÿÿÿÿÿÿÿÿÿÿÿÿÿÿÿÿÿÿÿÿÿÿÿÿÿÿÿÿÿÿÿÿÿÿÿÿÿÿÿÿÿÿÿÿ
ÿÿÿÿÿÿÿÿÿÿÿÿÿÿÿÿÿÿÿÿÿÿÿÿÿÿÿÿÿÿÿÿÿÿÿÿÿÿÿÿÿÿÿÿÿÿÿÿÿÿÿÿÿÿÿÿÿÿÿÿÿÿÿÿÿÿÿÿÿÿÿ,14717,ÿÿÿÿÿÿÿÿÿÿÿþþÿ,16270,ÿÿÿÿÿÿÿÿÿÿÿÿÿÿÿÿÿÿÿÿÿÿÿÿÿÿÿÿÿÿÿÿÿÿÿÿÿÿÿÿÿÿÿÿÿÿÿÿÿÿÿÿÿÿÿÿÿÿÿÿÿÿÿÿÿÿÿÿÿÿÿÿ
ÿÿÿÿÿÿÿÿÿÿÿþþÿ,14331,ÿĀÿÿþĀ,16271,ÿÿÿÿÿÿÿÿÿÿÿþþÿÿ
ÿĀÿÿþĀ,6389,ûāþý,16272,ÿĀÿÿþĀû
ûāþý,1287,þù,16273,ûāþýþ
þù,220,Ü,16274,þùÜ
Ü,9213,ÖÙ,16275,ÜÖ
ÖÙ,947,øă,16276,ÖÙø
øă,1283,đĕ,16277,øăđ
đĕ,1724,ċć,16278,đĕċ
ċć,3454,ĄÿÿĀ,16279,ċćĄ
ĄÿÿĀ,1236,ýýþ,16280,ĄÿÿĀý
ýýþ,15154,ĀāþĀ,16281,ýýþĀ
ĀāþĀ,4742,ÿĀÿþÿÿ,16282,ĀāþĀÿ
ÿĀÿþÿÿ,14053,þĀĀý,16283,ÿĀÿþÿÿþ
þĀĀý,2455,ýþĀ,16284,þĀĀýý
ýþĀ,6398,āþĀÿ,16285,ýþĀā
āþĀÿ,1097,ĀÿĀþý,16286,āþĀÿĀ
ĀÿĀþý,3040,Ăüÿ,16287,ĀÿĀþýĂ
Ăüÿ,8212,ĂĀü,16288,ĂüÿĂ
ĂĀü,13683,þĀÿÿā,16289,ĂĀüþ
þĀÿÿā,1652,Āü,16290,þĀÿÿāĀ
Āü,1169,öí,16291,Āüö
öí,239,ï,16292,öíï
ï,233,é,16293,ïé
é,9075,ýĉ,16294,éý
ýĉ,286,Ğ,16295,ýĉĞ
Ğ,15199,īĞ,16296,Ğī
īĞ,3876,ĊĂā,16297,īĞĊ
ĊĂā,7155,ĀÿĀþÿÿ,16298,ĊĂāĀ
ĀÿĀþÿÿ,11238,ýāÿÿÿ,16299,ĀÿĀþÿÿý
ýāÿÿÿ,7247,ÿĀþÿĀÿ,16300,ýāÿÿÿÿ
ÿĀþÿĀÿ,16270,ÿÿÿÿÿÿÿÿÿÿÿÿÿÿÿÿÿÿÿÿÿÿÿÿÿÿÿÿÿÿÿÿÿÿÿÿÿÿÿÿÿÿÿÿÿÿÿÿÿÿÿÿÿÿÿÿÿÿÿÿÿÿÿÿÿÿÿÿÿÿÿÿ,16301,ÿĀþÿĀÿÿ
ÿÿÿÿÿÿÿÿÿÿÿÿÿÿÿÿÿÿÿÿÿÿÿÿÿÿÿÿÿÿÿÿÿÿÿÿÿÿÿÿÿÿÿÿÿÿÿÿÿÿÿÿÿÿÿÿÿÿÿÿÿÿÿÿÿÿÿÿÿÿÿÿ,16302,ÿÿÿÿÿÿÿÿÿÿÿÿÿÿÿÿÿÿÿÿÿÿÿÿÿÿÿÿÿÿÿÿÿÿÿÿÿÿÿÿÿÿÿÿÿÿÿÿÿÿÿÿÿÿÿÿÿÿÿÿÿÿÿÿÿÿÿÿÿÿÿÿÿ,16302,ÿÿÿÿÿÿÿÿÿÿÿÿÿÿÿÿÿÿÿÿÿÿÿÿÿÿÿÿÿÿÿÿÿÿÿÿÿÿÿÿÿÿÿÿÿÿÿÿÿÿÿÿÿÿÿÿÿÿÿÿÿÿÿÿÿÿÿÿÿÿÿÿÿ
ÿÿÿÿÿÿÿÿÿÿÿÿÿÿÿÿÿÿÿÿÿÿÿÿÿÿÿÿÿÿÿÿÿÿÿÿÿÿÿÿÿÿÿÿÿÿÿÿÿÿÿÿÿÿÿÿÿÿÿÿÿÿÿÿÿÿÿÿÿÿÿÿÿ,675,ÿÿÿÿÿÿÿÿÿÿÿÿþ,16303,ÿÿÿÿÿÿÿÿÿÿÿÿÿÿÿÿÿÿÿÿÿÿÿÿÿÿÿÿÿÿÿÿÿÿÿÿÿÿÿÿÿÿÿÿÿÿÿÿÿÿÿÿÿÿÿÿÿÿÿÿÿÿÿÿÿÿÿÿÿÿÿÿÿÿ
ÿÿÿÿÿÿÿÿÿÿÿÿþ,15656,ýĀĀýÿ,16304,ÿÿÿÿÿÿÿÿÿÿÿÿþý
ýĀĀýÿ,16082,ĀĀþÿÿÿ,16305,ýĀĀýÿĀ
ĀĀþÿÿÿ,12195,Āþþþ,16306,ĀĀþÿÿÿĀ
Āþþþ,4010,üõ,16307,Āþþþü
üõ,232,è,16308,üõè
è,216,Ø,16309,èØ
Ø,221,Ý,16310,ØÝ
Ý,1616,ìü,16311,Ýì
ìü,265,ĉ,16312,ìüĉ
ĉ,1146,čĔ,16313,ĉč
čĔ,5189,ąĉ,16314,čĔą
ąĉ,2904,Ĉāþ,16315,ąĉĈ
Ĉāþ,6704,ýÿü,16316,Ĉāþý
ýÿü,3259,ĀĀÿÿÿ,16317,ýÿüĀ
ĀĀÿÿÿ,13690,þÿă,16318,ĀĀÿÿÿþ
þÿă,2463,ýýÿā,16319,þÿăý
ýýÿā,12920,ÿÿþāþ,16320,ýýÿāÿ
ÿÿþāþ,2445,ÿüĀ,16321,ÿÿþāþÿ
ÿüĀ,13661,ĀĀĀþ,16322,ÿüĀĀ
ĀĀĀþ,2137,Āÿÿÿþÿÿ,16323,ĀĀĀþĀ
Āÿÿÿþÿÿ,4086,ûô,16324,Āÿÿÿþÿÿû
ûô,15189,ïî,16325,ûôï
ïî,239,ï,16326,ïîï
ï,2895,øĈ,16327,ïø
øĈ,271,ď,16328,øĈď
ď,293,ĥ,16329,ďĥ
ĥ,2459,Ğę,16330,ĥĞ
Ğę,3572,ĉĂĀ,16331,Ğęĉ
ĉĂĀ,10076,āýĀÿ,16332,ĉĂĀā
āýĀÿ,14573,ĀÿþÿÿĀÿÿÿ,16333,āýĀÿĀ
ĀÿþÿÿĀÿÿÿ,4584,ÿÿĀÿþĀ,16334,ĀÿþÿÿĀÿÿÿÿ
ÿÿĀÿþĀ,16303,ÿÿÿÿÿÿÿÿÿÿÿÿÿÿÿÿÿÿÿÿÿÿÿÿÿÿÿÿÿÿÿÿÿÿÿÿÿÿÿÿÿÿÿÿÿÿÿÿÿÿÿÿÿÿÿÿÿÿÿÿÿÿÿÿÿÿÿÿÿÿÿÿÿÿ,16335,ÿÿĀÿþĀÿ
ÿÿÿÿÿÿÿÿÿÿÿÿÿÿÿÿÿÿÿÿÿÿÿÿÿÿÿÿÿÿÿÿÿÿÿÿÿÿÿÿÿÿÿÿÿÿÿÿÿÿÿÿÿÿÿÿÿÿÿÿÿÿÿÿÿÿÿÿÿÿÿÿÿÿ,16336,ÿÿÿÿÿÿÿÿÿÿÿÿÿÿÿÿÿÿÿÿÿÿÿÿÿÿÿÿÿÿÿÿÿÿÿÿÿÿÿÿÿÿÿÿÿÿÿÿÿÿÿÿÿÿÿÿÿÿÿÿÿÿÿÿÿÿÿÿÿÿÿÿÿÿÿ,16336,ÿÿÿÿÿÿÿÿÿÿÿÿÿÿÿÿÿÿÿÿÿÿÿÿÿÿÿÿÿÿÿÿÿÿÿÿÿÿÿÿÿÿÿÿÿÿÿÿÿÿÿÿÿÿÿÿÿÿÿÿÿÿÿÿÿÿÿÿÿÿÿÿÿÿÿ
ÿÿÿÿÿÿÿÿÿÿÿÿÿÿÿÿÿÿÿÿÿÿÿÿÿÿÿÿÿÿÿÿÿÿÿÿÿÿÿÿÿÿÿÿÿÿÿÿÿÿÿÿÿÿÿÿÿÿÿÿÿÿÿÿÿÿÿÿÿÿÿÿÿÿÿ,15034,ÿÿÿÿÿÿÿÿÿÿþÿÿ,16337,ÿÿÿÿÿÿÿÿÿÿÿÿÿÿÿÿÿÿÿÿÿÿÿÿÿÿÿÿÿÿÿÿÿÿÿÿÿÿÿÿÿÿÿÿÿÿÿÿÿÿÿÿÿÿÿÿÿÿÿÿÿÿÿÿÿÿÿÿÿÿÿÿÿÿÿÿ
ÿÿÿÿÿÿÿÿÿÿþÿÿ,2282,þÿþāÿ,16338,ÿÿÿÿÿÿÿÿÿÿþÿÿþ
þÿþāÿ,1582,ÿĀþý,16339,þÿþāÿÿ
ÿĀþý,1743,āþþü,16340,ÿĀþýā
āþþü,1053,ýĂÿ,16341,āþþüý
ýĂÿ,894,ýò,16342,ýĂÿý
ýò,227,ã,16343,ýòã
ã,6747,Ýå,16344,ãÝ
Ýå,232,è,16345,Ýåè
è,813,ýĂ,16346,èý
ýĂ,262,Ć,16347,ýĂĆ
Ć,266,Ċ,16348,ĆĊ
Ċ,268,Č,16349,ĊČ
Č,1724,ċć,16350,Čċ
ċć,7928,ĈĀā,16351,ċćĈ
ĈĀā,1160,ĀĀĀÿĀ,16352,ĈĀāĀ
ĀĀĀÿĀ,8515,ûĀÿþ,16353,ĀĀĀÿĀû
ûĀÿþ,714,þÿĀĀþ,16354,ûĀÿþþ
þÿĀĀþ,14161,Ăÿþÿÿ,16355,þÿĀĀþĂ
Ăÿþÿÿ,10841,þýþý,16356,Ăÿþÿÿþ
þýþý,1664,üø,16357,þýþýü
üø,15246,÷ô,16358,üø÷
÷ô,1004,ñò,16359,÷ôñ
ñò,4037,öÿ,16360,ñòö
öÿ,264,Ĉ,16361,öÿĈ
Ĉ,11806,Ĕę,16362,ĈĔ
Ĕę,285,ĝ,16363,Ĕęĝ
ĝ,8174,ęď,16364,ĝę
ęď,11687,ĂĀāÿ,16365,ęďĂ
ĂĀāÿ,541,Āÿÿÿ,16366,ĂĀāÿĀ
Āÿÿÿ,831,ûā,16367,Āÿÿÿû
ûā,8264,Ăþþÿÿ,16368,ûāĂ
Ăþþÿÿ,13912,ÿĀÿþÿĀ,16369,Ăþþÿÿÿ
ÿĀÿþÿĀ,15768,ĀþÿÿĀÿÿÿÿ,16370,ÿĀÿþÿĀĀ
ĀþÿÿĀÿÿÿÿ,16337,ÿÿÿÿÿÿÿÿÿÿÿÿÿÿÿÿÿÿÿÿÿÿÿÿÿÿÿÿÿÿÿÿÿÿÿÿÿÿÿÿÿÿÿÿÿÿÿÿÿÿÿÿÿÿÿÿÿÿÿÿÿÿÿÿÿÿÿÿÿÿÿÿÿÿÿÿ,16371,ĀþÿÿĀÿÿÿÿÿ
ÿÿÿÿÿÿÿÿÿÿÿÿÿÿÿÿÿÿÿÿÿÿÿÿÿÿÿÿÿÿÿÿÿÿÿÿÿÿÿÿÿÿÿÿÿÿÿÿÿÿÿÿÿÿÿÿÿÿÿÿÿÿÿÿÿÿÿÿÿÿÿÿÿÿÿÿ,16372,ÿÿÿÿÿÿÿÿÿÿÿÿÿÿÿÿÿÿÿÿÿÿÿÿÿÿÿÿÿÿÿÿÿÿÿÿÿÿÿÿÿÿÿÿÿÿÿÿÿÿÿÿÿÿÿÿÿÿÿÿÿÿÿÿÿÿÿÿÿÿÿÿÿÿÿÿÿ,16372,ÿÿÿÿÿÿÿÿÿÿÿÿÿÿÿÿÿÿÿÿÿÿÿÿÿÿÿÿÿÿÿÿÿÿÿÿÿÿÿÿÿÿÿÿÿÿÿÿÿÿÿÿÿÿÿÿÿÿÿÿÿÿÿÿÿÿÿÿÿÿÿÿÿÿÿÿÿ
ÿÿÿÿÿÿÿÿÿÿÿÿÿÿÿÿÿÿÿÿÿÿÿÿÿÿÿÿÿÿÿÿÿÿÿÿÿÿÿÿÿÿÿÿÿÿÿÿÿÿÿÿÿÿÿÿÿÿÿÿÿÿÿÿÿÿÿÿÿÿÿÿÿÿÿÿÿ,5363,ÿþÿÿþ,16373,ÿÿÿÿÿÿÿÿÿÿÿÿÿÿÿÿÿÿÿÿÿÿÿÿÿÿÿÿÿÿÿÿÿÿÿÿÿÿÿÿÿÿÿÿÿÿÿÿÿÿÿÿÿÿÿÿÿÿÿÿÿÿÿÿÿÿÿÿÿÿÿÿÿÿÿÿÿÿ
ÿþÿÿþ,12623,ÿĀÿþĀþĀ,16374,ÿþÿÿþÿ
ÿĀÿþĀþĀ,4935,ÿÿþÿĀÿ,16375,ÿĀÿþĀþĀÿ
ÿÿþÿĀÿ,742,þþÿÿþ,16376,ÿÿþÿĀÿþ
þþÿÿþ,702,ýü,16377,þþÿÿþý
ýü,810,ôî,16378,ýüô
ôî,230,æ,16379,ôîæ
æ,229,å,16380,æå
å,6020,êð,16381,åê
êð,1252,÷ú,16382,êð÷
÷ú,761,āĄ,16383,÷úā
āĄ,833,ćĆ,16384,āĄć
ćĆ,1033,ćć,16385,ćĆć
ćć,5724,ąĂą,16386,ććą
ąĂą,3930,ÿāĂ,16387,ąĂąÿ
ÿāĂ,1593,Ăÿü,16388,ÿāĂĂ
Ăÿü,999,ýþÿ,16389,Ăÿüý
ýþÿ,2629,üøú,16390,ýþÿü
üøú,829,úø,16391,üøúú
úø,5272,ùú,16392,úøù
ùú,753,öø,16393,ùúö
öø,760,Ăā,16394,öøĂ
Ăā,260,Ą,16395,ĂāĄ
Ą,2192,ēĖ,16396,Ąē
ēĖ,282,Ě,16397,ēĖĚ
Ě,6822,ēĐ,16398,Ěē
ēĐ,6394,ćă,16399,ēĐć
ćă,4882,Āāāā,16400,ćăĀ
Āāāā,2465,þþÿÿÿ,16401,Āāāāþ
þþÿÿÿ,9806,ĀÿþĀĀý,16402,þþÿÿÿĀ
ĀÿþĀĀý,15033,ÿÿĀÿÿÿÿÿÿÿÿ,16403,ĀÿþĀĀýÿ
ÿÿĀÿÿÿÿÿÿÿÿ,16404,ÿÿĀÿÿÿÿÿÿÿÿÿ,16404,ÿÿĀÿÿÿÿÿÿÿÿÿ
ÿÿĀÿÿÿÿÿÿÿÿÿ,16373,ÿÿÿÿÿÿÿÿÿÿÿÿÿÿÿÿÿÿÿÿÿÿÿÿÿÿÿÿÿÿÿÿÿÿÿÿÿÿÿÿÿÿÿÿÿÿÿÿÿÿÿÿÿÿÿÿÿÿÿÿÿÿÿÿÿÿÿÿÿÿÿÿÿÿÿÿÿÿ,16405,ÿÿĀÿÿÿÿÿÿÿÿÿÿ
ÿÿÿÿÿÿÿÿÿÿÿÿÿÿÿÿÿÿÿÿÿÿÿÿÿÿÿÿÿÿÿÿÿÿÿÿÿÿÿÿÿÿÿÿÿÿÿÿÿÿÿÿÿÿÿÿÿÿÿÿÿÿÿÿÿÿÿÿÿÿÿÿÿÿÿÿÿÿ,16236,ÿÿÿÿÿÿÿÿÿÿÿÿÿÿÿÿÿÿÿÿÿÿÿÿÿÿÿÿÿÿÿÿÿÿÿÿÿÿÿÿÿÿÿÿÿÿÿÿÿÿÿÿÿÿÿÿÿÿÿÿÿÿÿÿÿÿÿÿÿÿ,16406,ÿÿÿÿÿÿÿÿÿÿÿÿÿÿÿÿÿÿÿÿÿÿÿÿÿÿÿÿÿÿÿÿÿÿÿÿÿÿÿÿÿÿÿÿÿÿÿÿÿÿÿÿÿÿÿÿÿÿÿÿÿÿÿÿÿÿÿÿÿÿÿÿÿÿÿÿÿÿÿ
ÿÿÿÿÿÿÿÿÿÿÿÿÿÿÿÿÿÿÿÿÿÿÿÿÿÿÿÿÿÿÿÿÿÿÿÿÿÿÿÿÿÿÿÿÿÿÿÿÿÿÿÿÿÿÿÿÿÿÿÿÿÿÿÿÿÿÿÿÿÿ,11427,þÿÿÿþÿÿ,16407,ÿÿÿÿÿÿÿÿÿÿÿÿÿÿÿÿÿÿÿÿÿÿÿÿÿÿÿÿÿÿÿÿÿÿÿÿÿÿÿÿÿÿÿÿÿÿÿÿÿÿÿÿÿÿÿÿÿÿÿÿÿÿÿÿÿÿÿÿÿÿþ
þÿÿÿþÿÿ,14022,āþÿÿÿÿþĀÿ,16408,þÿÿÿþÿÿā
āþÿÿÿÿþĀÿ,741,ÿÿÿÿþÿþ,16409,āþÿÿÿÿþĀÿÿ
ÿÿÿÿþÿþ,1980,þÿþÿÿ,16410,ÿÿÿÿþÿþþ
þÿþÿÿ,595,þþ,16411,þÿþÿÿþ
þþ,246,ö,16412,þþö
ö,13862,õõ,16413,öõ
õõ,6020,êð,16414,õõê
êð,1294,íñ,16415,êðí
íñ,8483,õù,16416,íñõ
õù,5391,ùù,16417,õùù
ùù,2933,ýþÿý,16418,ùùý
ýþÿý,2961,ÿþāÿ,16419,ýþÿýÿ
ÿþāÿ,5068,ĀĀāā,16420,ÿþāÿĀ
ĀĀāā,16182,ăąĊ,16421,ĀĀāāă
ăąĊ,262,Ć,16422,ăąĊĆ
Ć,7144,ĒĊ,16423,ĆĒ
ĒĊ,273,đ,16424,ĒĊđ
đ,9970,đď,16425,đđ
đď,15956,ĈăĀ,16426,đďĈ
ĈăĀ,14654,ĀĀÿÿĀ,16427,ĈăĀĀ
ĀĀÿÿĀ,15767,ĀĀÿÿÿĀ,16428,ĀĀÿÿĀĀ
ĀĀÿÿÿĀ,12548,ÿÿþÿÿÿÿÿÿ,16429,ĀĀÿÿÿĀÿ
ÿÿþÿÿÿÿÿÿ,13938,ÿÿÿÿÿÿĀþÿ,16430,ÿÿþÿÿÿÿÿÿÿ
ÿÿÿÿÿÿĀþÿ,15272,ÿÿÿĀÿÿÿÿÿÿÿÿ,16431,ÿÿÿÿÿÿĀþÿÿ
ÿÿÿĀÿÿÿÿÿÿÿÿ,16406,ÿÿÿÿÿÿÿÿÿÿÿÿÿÿÿÿÿÿÿÿÿÿÿÿÿÿÿÿÿÿÿÿÿÿÿÿÿÿÿÿÿÿÿÿÿÿÿÿÿÿÿÿÿÿÿÿÿÿÿÿÿÿÿÿÿÿÿÿÿÿÿÿÿÿÿÿÿÿÿ,16432,ÿÿÿĀÿÿÿÿÿÿÿÿÿ
ÿÿÿÿÿÿÿÿÿÿÿÿÿÿÿÿÿÿÿÿÿÿÿÿÿÿÿÿÿÿÿÿÿÿÿÿÿÿÿÿÿÿÿÿÿÿÿÿÿÿÿÿÿÿÿÿÿÿÿÿÿÿÿÿÿÿÿÿÿÿÿÿÿÿÿÿÿÿÿ,16270,ÿÿÿÿÿÿÿÿÿÿÿÿÿÿÿÿÿÿÿÿÿÿÿÿÿÿÿÿÿÿÿÿÿÿÿÿÿÿÿÿÿÿÿÿÿÿÿÿÿÿÿÿÿÿÿÿÿÿÿÿÿÿÿÿÿÿÿÿÿÿÿÿ,16433,ÿÿÿÿÿÿÿÿÿÿÿÿÿÿÿÿÿÿÿÿÿÿÿÿÿÿÿÿÿÿÿÿÿÿÿÿÿÿÿÿÿÿÿÿÿÿÿÿÿÿÿÿÿÿÿÿÿÿÿÿÿÿÿÿÿÿÿÿÿÿÿÿÿÿÿÿÿÿÿÿ
ÿÿÿÿÿÿÿÿÿÿÿÿÿÿÿÿÿÿÿÿÿÿÿÿÿÿÿÿÿÿÿÿÿÿÿÿÿÿÿÿÿÿÿÿÿÿÿÿÿÿÿÿÿÿÿÿÿÿÿÿÿÿÿÿÿÿÿÿÿÿÿÿ,3658,þĀýÿ,16434,ÿÿÿÿÿÿÿÿÿÿÿÿÿÿÿÿÿÿÿÿÿÿÿÿÿÿÿÿÿÿÿÿÿÿÿÿÿÿÿÿÿÿÿÿÿÿÿÿÿÿÿÿÿÿÿÿÿÿÿÿÿÿÿÿÿÿÿÿÿÿÿÿþ
þĀýÿ,664,ÿÿĀĀ,16435,þĀýÿÿ
ÿÿĀĀ,13324,þÿÿÿþā,16436,ÿÿĀĀþ
þÿÿÿþā,14658,þÿÿĀþþÿ,16437,þÿÿÿþāþ
þÿÿĀþþÿ,15805,ÿÿÿĀþÿĀ,16438,þÿÿĀþþÿÿ
ÿÿÿĀþÿĀ,9098,þÿÿü,16439,ÿÿÿĀþÿĀþ
þÿÿü,8158,ÿþþÿý,16440,þÿÿüÿ
ÿþþÿý,7986,ûúú,16441,ÿþþÿýû
ûúú,13075,øþþ,16442,ûúúø
øþþ,5666,þþÿÿÿþ,16443,øþþþ
þþÿÿÿþ,9160,ăăă,16444,þþÿÿÿþă
ăăă,2867,ĂĄă,16445,ăăăĂ
ĂĄă,1015,Ăÿā,16446,ĂĄăĂ
Ăÿā,9715,āĀĀĀÿÿ,16447,Ăÿāā
āĀĀĀÿÿ,14719,Āÿÿÿþÿÿÿÿÿ,16448,āĀĀĀÿÿĀ
Āÿÿÿþÿÿÿÿÿ,10243,ÿÿÿÿþĀÿÿ,16449,Āÿÿÿþÿÿÿÿÿÿ
ÿÿÿÿþĀÿÿ,15782,ÿÿÿÿĀÿþĀþ,16450,ÿÿÿÿþĀÿÿÿ
ÿÿÿÿĀÿþĀþ,13517,ÿÿÿÿÿĀÿÿÿÿÿ,16451,ÿÿÿÿĀÿþĀþÿ
ÿÿÿÿÿĀÿÿÿÿÿ,16433,ÿÿÿÿÿÿÿÿÿÿÿÿÿÿÿÿÿÿÿÿÿÿÿÿÿÿÿÿÿÿÿÿÿÿÿÿÿÿÿÿÿÿÿÿÿÿÿÿÿÿÿÿÿÿÿÿÿÿÿÿÿÿÿÿÿÿÿÿÿÿÿÿÿÿÿÿÿÿÿÿ,16452,ÿÿÿÿÿĀÿÿÿÿÿÿ
ÿÿÿÿÿÿÿÿÿÿÿÿÿÿÿÿÿÿÿÿÿÿÿÿÿÿÿÿÿÿÿÿÿÿÿÿÿÿÿÿÿÿÿÿÿÿÿÿÿÿÿÿÿÿÿÿÿÿÿÿÿÿÿÿÿÿÿÿÿÿÿÿÿÿÿÿÿÿÿÿ,16302,ÿÿÿÿÿÿÿÿÿÿÿÿÿÿÿÿÿÿÿÿÿÿÿÿÿÿÿÿÿÿÿÿÿÿÿÿÿÿÿÿÿÿÿÿÿÿÿÿÿÿÿÿÿÿÿÿÿÿÿÿÿÿÿÿÿÿÿÿÿÿÿÿÿ,16453,ÿÿÿÿÿÿÿÿÿÿÿÿÿÿÿÿÿÿÿÿÿÿÿÿÿÿÿÿÿÿÿÿÿÿÿÿÿÿÿÿÿÿÿÿÿÿÿÿÿÿÿÿÿÿÿÿÿÿÿÿÿÿÿÿÿÿÿÿÿÿÿÿÿÿÿÿÿÿÿÿÿ
ÿÿÿÿÿÿÿÿÿÿÿÿÿÿÿÿÿÿÿÿÿÿÿÿÿÿÿÿÿÿÿÿÿÿÿÿÿÿÿÿÿÿÿÿÿÿÿÿÿÿÿÿÿÿÿÿÿÿÿÿÿÿÿÿÿÿÿÿÿÿÿÿÿ,12395,þþÿĀĀþ,16454,ÿÿÿÿÿÿÿÿÿÿÿÿÿÿÿÿÿÿÿÿÿÿÿÿÿÿÿÿÿÿÿÿÿÿÿÿÿÿÿÿÿÿÿÿÿÿÿÿÿÿÿÿÿÿÿÿÿÿÿÿÿÿÿÿÿÿÿÿÿÿÿÿÿþ
þþÿĀĀþ,14989,ÿÿÿÿÿÿÿÿÿÿÿþÿÿ,16455,þþÿĀĀþÿ
ÿÿÿÿÿÿÿÿÿÿÿþÿÿ,5727,ĀÿÿĀþÿÿ,16456,ÿÿÿÿÿÿÿÿÿÿÿþÿÿĀ
ĀÿÿĀþÿÿ,11492,ÿÿÿÿÿÿþÿÿÿ,16457,ĀÿÿĀþÿÿÿ
ÿÿÿÿÿÿþÿÿÿ,8046,þÿýÿĀ,16458,ÿÿÿÿÿÿþÿÿÿþ
þÿýÿĀ,9413,ÿþÿÿÿÿÿÿÿ,16459,þÿýÿĀÿ
ÿþÿÿÿÿÿÿÿ,665,ĀÿÿÿÿĀ,16460,ÿþÿÿÿÿÿÿÿĀ
ĀÿÿÿÿĀ,12456,ĀÿÿÿÿÿÿĀ,16461,ĀÿÿÿÿĀĀ
ĀÿÿÿÿÿÿĀ,670,ÿÿĀþÿÿ,16462,ĀÿÿÿÿÿÿĀÿ
ÿÿĀþÿÿ,605,þÿÿĀÿĀ,16463,ÿÿĀþÿÿþ
þÿÿĀÿĀ,13936,þþÿÿÿÿĀ,16464,þÿÿĀÿĀþ
þþÿÿÿÿĀ,14918,ÿÿÿÿÿÿÿÿÿÿÿÿÿĀÿÿ,16465,þþÿÿÿÿĀÿ
ÿÿÿÿÿÿÿÿÿÿÿÿÿĀÿÿ,16453,ÿÿÿÿÿÿÿÿÿÿÿÿÿÿÿÿÿÿÿÿÿÿÿÿÿÿÿÿÿÿÿÿÿÿÿÿÿÿÿÿÿÿÿÿÿÿÿÿÿÿÿÿÿÿÿÿÿÿÿÿÿÿÿÿÿÿÿÿÿÿÿÿÿÿÿÿÿÿÿÿÿ,16466,ÿÿÿÿÿÿÿÿÿÿÿÿÿĀÿÿÿ
ÿÿÿÿÿÿÿÿÿÿÿÿÿÿÿÿÿÿÿÿÿÿÿÿÿÿÿÿÿÿÿÿÿÿÿÿÿÿÿÿÿÿÿÿÿÿÿÿÿÿÿÿÿÿÿÿÿÿÿÿÿÿÿÿÿÿÿÿÿÿÿÿÿÿÿÿÿÿÿÿÿ,16336,ÿÿÿÿÿÿÿÿÿÿÿÿÿÿÿÿÿÿÿÿÿÿÿÿÿÿÿÿÿÿÿÿÿÿÿÿÿÿÿÿÿÿÿÿÿÿÿÿÿÿÿÿÿÿÿÿÿÿÿÿÿÿÿÿÿÿÿÿÿÿÿÿÿÿÿ,16467,ÿÿÿÿÿÿÿÿÿÿÿÿÿÿÿÿÿÿÿÿÿÿÿÿÿÿÿÿÿÿÿÿÿÿÿÿÿÿÿÿÿÿÿÿÿÿÿÿÿÿÿÿÿÿÿÿÿÿÿÿÿÿÿÿÿÿÿÿÿÿÿÿÿÿÿÿÿÿÿÿÿÿ
ÿÿÿÿÿÿÿÿÿÿÿÿÿÿÿÿÿÿÿÿÿÿÿÿÿÿÿÿÿÿÿÿÿÿÿÿÿÿÿÿÿÿÿÿÿÿÿÿÿÿÿÿÿÿÿÿÿÿÿÿÿÿÿÿÿÿÿÿÿÿÿÿÿÿÿ,15749,þþÿĀÿÿÿ,16468,ÿÿÿÿÿÿÿÿÿÿÿÿÿÿÿÿÿÿÿÿÿÿÿÿÿÿÿÿÿÿÿÿÿÿÿÿÿÿÿÿÿÿÿÿÿÿÿÿÿÿÿÿÿÿÿÿÿÿÿÿÿÿÿÿÿÿÿÿÿÿÿÿÿÿÿþ
þþÿĀÿÿÿ,3630,ÿÿÿÿÿÿþĀ,16469,þþÿĀÿÿÿÿ
ÿÿÿÿÿÿþĀ,15204,ÿþÿĀÿÿÿ,16470,ÿÿÿÿÿÿþĀÿ
ÿþÿĀÿÿÿ,641,ÿÿÿĀÿÿÿ,16471,ÿþÿĀÿÿÿÿ
ÿÿÿĀÿÿÿ,15203,þþÿÿĀÿ,16472,ÿÿÿĀÿÿÿþ
þþÿÿĀÿ,2614,ÿÿþþā,16473,þþÿÿĀÿÿ
ÿÿþþā,13852,ÿÿÿĀÿÿÿÿþ,16474,ÿÿþþāÿ
ÿÿÿĀÿÿÿÿþ,2240,ÿÿþþ,16475,ÿÿÿĀÿÿÿÿþÿ
ÿÿþþ,16429,ĀĀÿÿÿĀÿ,16476,ÿÿþþĀ
ĀĀÿÿÿĀÿ,12800,þÿÿþÿāþ,16477,ĀĀÿÿÿĀÿþ
þÿÿþÿāþ,14535,ÿÿÿÿÿþÿÿĀ,16478,þÿÿþÿāþÿ
ÿÿÿÿÿþÿÿĀ,11678,Āþÿþÿÿÿ,16479,ÿÿÿÿÿþÿÿĀĀ
Āþÿþÿÿÿ,1274,ÿĀÿÿÿÿÿÿÿÿ,16480,Āþÿþÿÿÿÿ
ÿĀÿÿÿÿÿÿÿÿ,16371,ĀþÿÿĀÿÿÿÿÿ,16481,ÿĀÿÿÿÿÿÿÿÿĀ
ĀþÿÿĀÿÿÿÿÿ,16467,ÿÿÿÿÿÿÿÿÿÿÿÿÿÿÿÿÿÿÿÿÿÿÿÿÿÿÿÿÿÿÿÿÿÿÿÿÿÿÿÿÿÿÿÿÿÿÿÿÿÿÿÿÿÿÿÿÿÿÿÿÿÿÿÿÿÿÿÿÿÿÿÿÿÿÿÿÿÿÿÿÿÿ,16482,ĀþÿÿĀÿÿÿÿÿÿ
ÿÿÿÿÿÿÿÿÿÿÿÿÿÿÿÿÿÿÿÿÿÿÿÿÿÿÿÿÿÿÿÿÿÿÿÿÿÿÿÿÿÿÿÿÿÿÿÿÿÿÿÿÿÿÿÿÿÿÿÿÿÿÿÿÿÿÿÿÿÿÿÿÿÿÿÿÿÿÿÿÿÿ,16269,ÿÿÿÿÿÿÿÿÿÿÿÿÿÿÿÿÿÿÿÿÿÿÿÿÿÿÿÿÿÿÿÿÿÿÿÿÿÿÿÿÿÿÿÿÿÿÿÿÿÿÿÿÿÿÿÿÿÿÿÿÿÿÿÿÿÿÿÿÿÿÿ,16483,ÿÿÿÿÿÿÿÿÿÿÿÿÿÿÿÿÿÿÿÿÿÿÿÿÿÿÿÿÿÿÿÿÿÿÿÿÿÿÿÿÿÿÿÿÿÿÿÿÿÿÿÿÿÿÿÿÿÿÿÿÿÿÿÿÿÿÿÿÿÿÿÿÿÿÿÿÿÿÿÿÿÿÿ
ÿÿÿÿÿÿÿÿÿÿÿÿÿÿÿÿÿÿÿÿÿÿÿÿÿÿÿÿÿÿÿÿÿÿÿÿÿÿÿÿÿÿÿÿÿÿÿÿÿÿÿÿÿÿÿÿÿÿÿÿÿÿÿÿÿÿÿÿÿÿÿ,16473,þþÿÿĀÿÿ,16484,ÿÿÿÿÿÿÿÿÿÿÿÿÿÿÿÿÿÿÿÿÿÿÿÿÿÿÿÿÿÿÿÿÿÿÿÿÿÿÿÿÿÿÿÿÿÿÿÿÿÿÿÿÿÿÿÿÿÿÿÿÿÿÿÿÿÿÿÿÿÿÿþ
þþÿÿĀÿÿ,1924,ÿÿþĀÿÿÿÿ,16485,þþÿÿĀÿÿÿ
ÿÿþĀÿÿÿÿ,14573,ĀÿþÿÿĀÿÿÿ,16486,ÿÿþĀÿÿÿÿĀ
ĀÿþÿÿĀÿÿÿ,13442,þÿÿÿÿÿÿÿÿÿÿÿÿÿÿÿ,16487,ĀÿþÿÿĀÿÿÿþ
þÿÿÿÿÿÿÿÿÿÿÿÿÿÿÿ,7158,ÿÿÿÿÿÿÿþÿĀ,16488,þÿÿÿÿÿÿÿÿÿÿÿÿÿÿÿÿ
ÿÿÿÿÿÿÿþÿĀ,15452,þÿĀÿÿÿþĀ,16489,ÿÿÿÿÿÿÿþÿĀþ
þÿĀÿÿÿþĀ,14844,ÿĀÿþÿÿÿÿÿ,16490,þÿĀÿÿÿþĀÿ
ÿĀÿþÿÿÿÿÿ,16033,ÿÿĀÿþÿÿÿÿÿ,16491,ÿĀÿþÿÿÿÿÿÿ
ÿÿĀÿþÿÿÿÿÿ,2997,ÿÿÿÿþþ,16492,ÿÿĀÿþÿÿÿÿÿÿ
ÿÿÿÿþþ,14604,ÿÿĀÿā,16493,ÿÿÿÿþþÿ
ÿÿĀÿā,8068,þÿÿĀþÿÿÿ,16494,ÿÿĀÿāþ
þÿÿĀþÿÿÿ,15868,ÿĀÿÿÿÿÿÿÿÿÿÿÿÿÿÿÿÿÿÿÿÿ,16495,þÿÿĀþÿÿÿÿ
ÿĀÿÿÿÿÿÿÿÿÿÿÿÿÿÿÿÿÿÿÿÿ,16483,ÿÿÿÿÿÿÿÿÿÿÿÿÿÿÿÿÿÿÿÿÿÿÿÿÿÿÿÿÿÿÿÿÿÿÿÿÿÿÿÿÿÿÿÿÿÿÿÿÿÿÿÿÿÿÿÿÿÿÿÿÿÿÿÿÿÿÿÿÿÿÿÿÿÿÿÿÿÿÿÿÿÿÿ,16496,ÿĀÿÿÿÿÿÿÿÿÿÿÿÿÿÿÿÿÿÿÿÿÿ
ÿÿÿÿÿÿÿÿÿÿÿÿÿÿÿÿÿÿÿÿÿÿÿÿÿÿÿÿÿÿÿÿÿÿÿÿÿÿÿÿÿÿÿÿÿÿÿÿÿÿÿÿÿÿÿÿÿÿÿÿÿÿÿÿÿÿÿÿÿÿÿÿÿÿÿÿÿÿÿÿÿÿÿ,519,ÿÿÿÿÿÿÿÿ,16497,ÿÿÿÿÿÿÿÿÿÿÿÿÿÿÿÿÿÿÿÿÿÿÿÿÿÿÿÿÿÿÿÿÿÿÿÿÿÿÿÿÿÿÿÿÿÿÿÿÿÿÿÿÿÿÿÿÿÿÿÿÿÿÿÿÿÿÿÿÿÿÿÿÿÿÿÿÿÿÿÿÿÿÿÿ
